2234
NOT_FOUND
5570
4490
6605
9922
NOT_FOUND
NOT_FOUND
NOT_FOUND
1007
8395
4722
2234
6820
8915
2492
7477
NOT_FOUND
4798
NOT_FOUND
2232
6183
9838
5912
5742
NOT_FOUND
2915
2999
NOT_FOUND
431
6022
2227
5085
NOT_FOUND
NOT_FOUND
6673
2623
NOT_FOUND
2231
2231
3120
3424
4456
2228
2228
NOT_FOUND
1136
3621
826
1555
9818
7563
1489
2224
NOT_FOUND
NOT_FOUND
NOT_FOUND
7571
5644
2388
2223
420
4694
2226
2226
3877
9523
6616
1230
7433
2224
4505
7351
2223
8708
9178
2223
1986
5493
NOT_FOUND
2222
712
NOT_FOUND
921
7918
7358
NOT_FOUND
996
2222
2338
375
2222
2222
NOT_FOUND
861
NOT_FOUND
8141
NOT_FOUND
2223
5497
6885
NOT_FOUND
190
2220
409
2221
8971
14
NOT_FOUND
2223
9360
2653
457
9544
6101
NOT_FOUND
211
6947
NOT_FOUND
2221
4741
313
700
2219
2219
NOT_FOUND
2220
892
NOT_FOUND
7465
NOT_FOUND
2225
5612
1821
2223
4311
NOT_FOUND
9019
2222
NOT_FOUND
6200
7187
109
NOT_FOUND
9881
6162
2219
6897
7991
547
NOT_FOUND
1959
3872
2218
219
6705
3722
2216
7766
NOT_FOUND
6572
9835
7792
5310
NOT_FOUND
NOT_FOUND
2459
2590
2213
4960
1938
2212
NOT_FOUND
7999
2211
NOT_FOUND
2211
7534
4712
5347
2208
943
NOT_FOUND
NOT_FOUND
8007
7747
2209
2209
NOT_FOUND
880
2208
665
2207
5171
NOT_FOUND
468
NOT_FOUND
8413
7632
6915
4767
2205
599
6340
2205
9838
2208
3048
3451
2208
3402
5001
NOT_FOUND
1456
NOT_FOUND
NOT_FOUND
2168
NOT_FOUND
2207
2207
6178
4726
2209
2209
3532
2086
NOT_FOUND
NOT_FOUND
NOT_FOUND
4274
8008
NOT_FOUND
2213
2792
8016
4578
485
188
1753
5363
717
6387
2210
NOT_FOUND
5098
NOT_FOUND
8558
1331
8623
NOT_FOUND
2208
NOT_FOUND
2208
2209
7763
NOT_FOUND
1377
NOT_FOUND
9116
NOT_FOUND
NOT_FOUND
2211
2211
2211
7925
2212
NOT_FOUND
2213
NOT_FOUND
2154
2215
NOT_FOUND
NOT_FOUND
9858
8972
NOT_FOUND
137
2471
5918
2218
NOT_FOUND
2219
3324
6539
NOT_FOUND
1203
2218
1282
NOT_FOUND
5616
1687
2216
8156
4702
3087
4970
23
NOT_FOUND
2216
355
2215
2215
2215
NOT_FOUND
1398
7014
3235
1677
2216
2217
2217
NOT_FOUND
1059
2060
4185
5672
NOT_FOUND
618
9921
2215
7442
4100
287
9305
NOT_FOUND
2219
3612
NOT_FOUND
2902
2223
2711
1664
293
2221
939
2222
2222
5145
2222
2224
2226
2226
1156
9421
4426
NOT_FOUND
2230
1479
2297
5820
7838
NOT_FOUND
NOT_FOUND
NOT_FOUND
7781
NOT_FOUND
6926
5653
2703
NOT_FOUND
NOT_FOUND
2847
2238
2241
NOT_FOUND
4181
5424
NOT_FOUND
1988
349
NOT_FOUND
2246
8853
2246
2246
6164
8900
NOT_FOUND
2249
2250
1017
NOT_FOUND
2251
2016
2252
2252
2252
7283
7598
NOT_FOUND
2340
471
2252
6038
2252
954
272
1507
2251
2251
2253
2254
2254
5319
7609
NOT_FOUND
1160
NOT_FOUND
97
NOT_FOUND
9262
9544
NOT_FOUND
NOT_FOUND
NOT_FOUND
NOT_FOUND
2253
153
7233
NOT_FOUND
8718
NOT_FOUND
2255
3784
3530
2243
NOT_FOUND
2254
9833
2256
8669
2174
NOT_FOUND
9290
2255
8849
2254
1982
NOT_FOUND
8422
66
3659
NOT_FOUND
5585
747
4531
1439
2251
NOT_FOUND
5898
1394
3563
2249
2252
NOT_FOUND
4213
7604
2250
NOT_FOUND
2251
NOT_FOUND
1336
2251
NOT_FOUND
9476
1135
3261
5973
NOT_FOUND
4420
2248
NOT_FOUND
8828
2062
3147
2247
5603
2952
7030
1151
NOT_FOUND
674
2254
2254
6101
NOT_FOUND
NOT_FOUND
1114
9328
NOT_FOUND
NOT_FOUND
2253
2253
6596
NOT_FOUND
240
7175
4061
2252
2254
2254
NOT_FOUND
9642
2833
1457
2252
2252
9517
NOT_FOUND
6959
2269
NOT_FOUND
6176
8809
8699
NOT_FOUND
8081
2254
2255
NOT_FOUND
3403
3966
9867
2254
2817
4412
4854
475
3140
NOT_FOUND
9697
1885
9035
NOT_FOUND
2881
NOT_FOUND
2254
2185
2253
2257
2257
2258
9758
NOT_FOUND
5043
NOT_FOUND
5503
2256
7443
7353
NOT_FOUND
6626
5460
NOT_FOUND
6113
6844
3907
2482
2249
2249
2249
8724
6752
4435
7442
2249
2249
2249
734
NOT_FOUND
NOT_FOUND
8795
2248
2249
1148
2248
2249
NOT_FOUND
7786
NOT_FOUND
4288
8270
7644
2247
4789
2247
NOT_FOUND
2495
57
1108
NOT_FOUND
6857
2246
6456
2246
9340
2245
NOT_FOUND
425
2247
2248
NOT_FOUND
2251
2253
NOT_FOUND
1470
4162
8416
3417
2250
9296
NOT_FOUND
9053
2385
1295
NOT_FOUND
5623
6368
2247
NOT_FOUND
2248
6708
8275
2248
NOT_FOUND
2250
NOT_FOUND
1994
2251
6479
8534
NOT_FOUND
4754
3974
8514
2249
9914
2252
2252
5335
NOT_FOUND
NOT_FOUND
4369
1397
6384
9982
NOT_FOUND
683
NOT_FOUND
2254
5350
2254
4678
2255
NOT_FOUND
2373
2256
2256
7056
4776
1945
3066
2255
2255
7831
9770
7083
4148
3945
3493
2255
6102
NOT_FOUND
1188
2254
NOT_FOUND
2256
3057
2258
216
5211
NOT_FOUND
NOT_FOUND
8612
2258
7013
2257
6913
493
1492
2578
2256
9367
1119
2258
2259
2259
3270
NOT_FOUND
2258
5843
2258
8548
4527
7196
2256
8346
2901
2260
1930
2259
4395
1184
2257
613
2258
1332
328
40
404
NOT_FOUND
NOT_FOUND
NOT_FOUND
1267
2261
914
2264
2265
714
NOT_FOUND
2269
2162
9107
1042
3638
2268
987
1779
9852
3882
1513
NOT_FOUND
2270
2272
6766
2271
2271
2271
2271
2272
2272
NOT_FOUND
3534
7941
2275
2275
NOT_FOUND
NOT_FOUND
2275
5960
NOT_FOUND
NOT_FOUND
7949
1878
NOT_FOUND
4798
2449
NOT_FOUND
2272
NOT_FOUND
1491
1833
7301
7624
7842
2272
NOT_FOUND
1371
125
2272
1731
885
NOT_FOUND
2272
5075
2275
4356
1445
NOT_FOUND
2277
4676
2277
8746
2276
9234
325
NOT_FOUND
3595
NOT_FOUND
5448
8237
7982
2280
NOT_FOUND
7898
9247
2280
2130
9858
8638
NOT_FOUND
NOT_FOUND
2279
5888
1148
4067
1195
690
6442
NOT_FOUND
2281
2281
2282
NOT_FOUND
5135
NOT_FOUND
4568
9162
5417
2625
5102
580
6059
4101
NOT_FOUND
2280
NOT_FOUND
9041
2281
3274
NOT_FOUND
NOT_FOUND
5788
1200
2831
2280
NOT_FOUND
2280
2280
2280
NOT_FOUND
NOT_FOUND
6560
4673
2279
2279
2279
1382
4408
2280
3833
NOT_FOUND
2044
2280
3941
2281
2598
7371
2279
8892
6895
789
3555
2279
NOT_FOUND
NOT_FOUND
2033
5959
2277
2278
8955
832
4286
2683
293
6349
2278
107
5135
5560
NOT_FOUND
836
1158
NOT_FOUND
879
1874
5958
5240
2278
1757
2792
2823
2516
7538
2276
1836
2276
5746
8660
8396
2274
6609
2274
NOT_FOUND
2277
1626
2282
4
NOT_FOUND
3833
NOT_FOUND
2281
1808
391
3661
3315
NOT_FOUND
5109
8173
2277
2916
6780
3801
2276
2277
715
7195
1454
8577
1008
2277
737
2277
8684
6001
NOT_FOUND
2277
2278
2278
NOT_FOUND
7767
2036
NOT_FOUND
NOT_FOUND
3897
417
8725
2275
NOT_FOUND
NOT_FOUND
6095
2276
9085
2275
8623
2275
5679
NOT_FOUND
4481
7976
6109
NOT_FOUND
NOT_FOUND
2278
920
7268
2278
127
NOT_FOUND
7478
5578
2280
2280
2280
NOT_FOUND
3456
9889
3436
576
4613
8495
4938
6736
3209
3605
2279
5745
NOT_FOUND
NOT_FOUND
4334
6362
677
415
3430
6836
2280
1123
5074
4910
1289
3028
53
3497
NOT_FOUND
4847
2281
7224
5842
2280
NOT_FOUND
3524
NOT_FOUND
1967
8033
NOT_FOUND
2287
2287
NOT_FOUND
7401
4444
3485
NOT_FOUND
2287
4845
7326
NOT_FOUND
2286
736
2286
2288
9414
2288
8034
4719
NOT_FOUND
NOT_FOUND
NOT_FOUND
NOT_FOUND
2292
NOT_FOUND
7181
2291
7271
3646
2289
6213
2289
1638
NOT_FOUND
2288
2289
2289
2291
3491
NOT_FOUND
NOT_FOUND
3838
2289
1793
2289
2289
NOT_FOUND
9472
7217
NOT_FOUND
2413
3005
1793
7447
3254
2286
2286
6144
NOT_FOUND
5591
2288
3452
2360
1109
NOT_FOUND
2767
2287
NOT_FOUND
NOT_FOUND
7739
NOT_FOUND
8933
NOT_FOUND
2673
2288
NOT_FOUND
NOT_FOUND
1631
9440
7006
2287
2779
9283
7301
2738
3509
NOT_FOUND
4044
6901
NOT_FOUND
1241
2133
801
92
2287
6202
5818
2285
2285
NOT_FOUND
4037
6712
2074
2618
2282
2284
5567
NOT_FOUND
NOT_FOUND
7596
NOT_FOUND
NOT_FOUND
1117
1716
4154
2285
1447
2286
4441
2204
2177
2287
9375
5921
NOT_FOUND
89
2288
1481
2289
6792
2288
138
2289
2290
2290
3427
NOT_FOUND
8138
3074
NOT_FOUND
5724
2286
NOT_FOUND
NOT_FOUND
2670
6399
2286
NOT_FOUND
2287
9865
4228
NOT_FOUND
8312
3707
2286
2286
2977
2289
6060
2288
910
NOT_FOUND
NOT_FOUND
2290
NOT_FOUND
2234
8465
750
324
9763
NOT_FOUND
2290
2291
4853
87
1419
NOT_FOUND
8101
1811
8700
2288
2288
NOT_FOUND
7500
6576
4804
9460
2285
1709
4624
NOT_FOUND
9526
9691
948
2285
9973
NOT_FOUND
2287
4813
1242
959
1248
2293
553
2181
9746
221
4698
9679
2294
2295
2295
2296
8363
2295
6596
NOT_FOUND
6679
NOT_FOUND
8680
2293
2294
4543
NOT_FOUND
4818
5966
NOT_FOUND
7752
4556
NOT_FOUND
9018
8695
NOT_FOUND
2291
1806
2911
5694
NOT_FOUND
2787
2287
NOT_FOUND
NOT_FOUND
2287
3368
NOT_FOUND
2720
NOT_FOUND
1777
2914
867
NOT_FOUND
2286
3965
6695
1390
2284
8685
1682
7924
4653
NOT_FOUND
2747
NOT_FOUND
2283
166
NOT_FOUND
2286
2286
4637
392
NOT_FOUND
4598
NOT_FOUND
NOT_FOUND
NOT_FOUND
NOT_FOUND
4929
NOT_FOUND
2570
8343
2386
NOT_FOUND
8411
NOT_FOUND
2914
3407
9555
1290
9046
3060
1912
9088
NOT_FOUND
2785
8200
2284
876
1937
6519
2282
7461
2281
9251
NOT_FOUND
1452
6960
3125
NOT_FOUND
2282
1592
4480
2280
7433
NOT_FOUND
2281
2281
8776
8746
4308
NOT_FOUND
9979
427
NOT_FOUND
698
NOT_FOUND
NOT_FOUND
2281
1753
NOT_FOUND
2285
1471
8090
2283
NOT_FOUND
2288
2290
NOT_FOUND
7156
NOT_FOUND
6177
2257
5823
2289
1440
NOT_FOUND
NOT_FOUND
1142
2291
6390
5608
2042
NOT_FOUND
9678
3193
9652
2288
5396
1437
NOT_FOUND
2289
2291
5484
NOT_FOUND
NOT_FOUND
8646
1355
NOT_FOUND
9286
5766
NOT_FOUND
NOT_FOUND
7463
NOT_FOUND
2933
269
2288
6911
NOT_FOUND
6839
4507
NOT_FOUND
2303
1819
934
2292
6108
NOT_FOUND
3630
2291
217
NOT_FOUND
NOT_FOUND
NOT_FOUND
2290
6423
2289
6113
941
1133
5388
NOT_FOUND
2912
3033
739
3221
3877
NOT_FOUND
NOT_FOUND
3128
2289
2289
2398
7543
9374
2291
NOT_FOUND
2291
2291
2291
9809
2290
2291
NOT_FOUND
7400
2292
6735
5235
NOT_FOUND
2291
2291
NOT_FOUND
6609
2290
NOT_FOUND
8089
2289
9586
6221
6981
NOT_FOUND
5745 1549 2961 9114 6093 4411 5132 1170 4423 744 2814 5772 6881 5255 9047 2585 5252 5709 2680 9346 5572 3935 3561 194 2830 5359 5351 2283 9817 3721 9667 2018 4755 814 8641 7059 7223 7950 112 4659 2145 3601 891 71 1715 8802 5929 3908 6360 6286 111 2301 38 6171 3885 9653 3652 5758 5977 9407 4659 7153 7034 7191 6483 6598 4896 5695 4930 6744 695 1505 9803 320 9898 9258 3946 6346 8827 7074 9088 5243 4663 1807 7604 5488 3877 1126 551 100 8474 747 5003 6319 3988 4495 7044 1967 5024 974 7664 1042 4293 7023 6264 127 9126 6932 2893 8256 5918 5965 6703 6271 4446 7428 9097 4282 2886 315 9554 8789 5222 3007 1528 2924 9654 4720 9418 974 4498 8297 8727 9144 5492 4341 5771 8280 2900 3926 4993 1452 8735 3347 3802 8485 9032 9565 7449 4174 6146 3696 5301 4873 9698 1143 1084 5297 6155 6512 456 5942 7026 1776 3081 5298 7187 2176 3669 5581 4452 3878 4686 3102 3366 1554 3813 4546 9645 4438 2786 9369 3521 3388 5085 8975 5964 1544 1428 5013 908 255 2391 2592 6235 4269 6143 2496 342 7939 2519 4756 6261 8958 1125 2822 8952 9338 1781 4161 9840 2302 8837 7288 4759 1939 7443 9604 3877 7426 9471 4675 2493 2728 9846 9248 2284 8208 1492 2218 4728 2165 2881 2842 6553 2955 2782 2770 2063 4891 2371 7713 8298 6881 9106 3443 20 9032 8523 5065 1177 6770 3121 3483 2501 3386 6021 7576 2657 4099 5678 3119 7719 4389 8340 8452 7514 718 9642 7691 2218 8857 9937 4290 9833 1812 4927 7004 3093 6890 157 3603 5525 7600 501 5792 4272 2557 9132 6878 7808 6722 9712 2582 5297 4769 325 5306 1567 679 8547 9524 446 5465 6761 181 2870 7183 2113 493 1033 5315 420 5244 7807 7010 3905 7717 9668 2573 9959 3249 2287 7377 7221 9898 6939 3858 9652 1073 5474 1114 8195 706 1409 157 6352 5734 7584 9132 3287 8460 2725 7158 5488 6195 5989 1028 317 8724 1191 3332 6031 8819 1169 7613 6963 5082 2538 1791 6897 3059 4517 5739 1257 6974 6043 4084 8779 9499 5140 8888 2406 6056 9701 2224 2619 3186 1307 9704 4401 3644 2985 8066 3764 7566 8952 4871 5328 8964 7181 1079 9997 1400 4121 2501 4599 4309 4419 9666 6132 6129 2559 2328 7438 800 999 9811 1670 1428 5173 8826 8766 1269 1493 2995 2296 2242 8192 640 1784 1321 5882 5800 3926 3400 6441 8977 8307 3374 2051 5579 283 3778 2597 661 3228 4848 6728 7745 9805 3485 6879 9974 7830 7671 1334 5314 7811 2460 1658 4720 1046 5973 161 9331 8383 9651 6297 5261 7195 8231 8847 1021 5968 868 9301 4393 4214 5679 110 5519 6786 7871 6317 3984 2238 3914 2577 281 5160 6256 7956 6545 2017 5850 3581 5350 945 6961 2184 6525 1303 5353 1245 6256 6493 1454 3226 3314 8483 942 2847 9696 2002 6233 7478 7256 6406 3459 418 6991 8667 1261 1668 3223 1659 6869 7529 7666 8446 1051 2277 8757 815 3934 1179 4695 1052 2108 184 6846 6526 7070 9322 6635 2683 5069 9593 691 728 8096 8892 4726 3823 8939 3420 6137 7580 3587 7777 1731 5840 6377 7708 6317 7875 2279 1675 745 7552 8484 4281 5406 171 7670 8240 910 5515 9329 3899 2923 629 1552 1987 6259 8892 145 9908 3829 1247 2227 5317 4465 624 3039 3993 4286 5589 1055 8384 5869 6462 6561 7945 9336 5663 3267 7669 4511 2872 6196 1548 4205 2972 6717 9275 8314 2416 7662 5904 8246 5550 7354 487 9513 7621 5516 4655 6915 3019 2743 5787 2171 3373 265 1397 5928 1103 9714 5650 9352 9211 8886 4686 1144 2086 7388 4666 8971 8723 2367 6651 7530 3840 7590 5009 9325 5161 1112 1791 7208 6547 3866 3877 4013 5790 9033 2754 4439 1315 1268 7215 1283 2773 3897 871 1669 5227 5266 8175 9640 5383 3558 9200 8688 1914 6638 4603 7572 2531 4692 8977 681 1376 130 4924 5145 3569 7322 6246 5997 3266 7101 4395 8886 8006 5049 4641 5766 1312 7389 6992 5121 1669 7248 8702 5352 7367 5258 8519 686 7041 4495 9963 711 350 501 2900 2218 992 2516 3412 6536 8539 8951 2253 1105 7999 5998 8070 6013 1246 8546 8966 4519 1420 8482 8432 484 7072 1249 6058 1694 7960 9621 5967 9983 219 2257 5275 2352 8386 3707 9768 9531 7334 3025 1766 7778 5698 3870 3683 1298 1166 8352 2825 3693 7952 3345 480 1980 9866 3881 1110 3719 1808 3795 8350 811 2896 2362 7946 6773 3788 522 5131 4864 1689 1440 3655 2611 3826 1443 9545 116 4207 2074 3109 2184 837 8206 7239 9326 6258 2308 3289 34 3259 8368 4598 6920 7208 8991 3374 552 1874 831 9304 8962 6225 1215 9229 3165 2616 7109 4385 6328 6408 534 728 4671 5752 1359 32 8509 3308 7831 4374 2139 4614 9385 968 5726 1621 5569 3011 2766 5041 9445 4706 9212 7241 3560 7159 6303 493 626 1493 5720 979 5635 5833 8918 7327 9123 9951 3522 8646 1041 9538 9537 5993 4070 3262 6589 2684 6664 3059 2246 7844 6098 3254 4526 9147 9289 6007 4988 2239 5998 8399 1792 7016 3628 7883 2314 8970 5225 2988 7174 8558 778 7497 5885 3027 325 5514 3395 7997 3748 9877 5204 2045 4912 6113 1711 3621 8815 4578 8964 5729 6869 2252 3054 7087 9808 8476 2517 9221 6456 1590 7209 1712 248 4069 8827 4727 7856 6726 7908 6733 4166 630 1627 4545 7169 6645 5856 1707 8870 2188 2937 7185 1730 5978 4992 6357 1192 7415 1982 7653 1158 8615 9147 8039 7477 1532 5051 1123 3603 5087 8884 7330 6858 6222 9504 8268 9174 4683 2836 1356 4408 3115 509 1352 4570 6050 8025 8447 422 3698 6130 9552 9105 5352 8013 2800 9981 45 9499 9441 2392 3006 9303 6113 1503 4235 2247 2022 6274 6205 4754 994 7742 2193 1382 2435 3265 2740 5596 8611 4640 9931 812 6727 3196 5917 9391 3605 4585 5507 6680 7820 9448 2751 5255 4514 5238 3236 2302 7893 7287 251 5894 7698 653 460 9136 3763 8159 3758 9186 9671 1133 5871 2498 5910 3590 4339 6062 4208 4196 6987 9189 8447 4921 8280 6654 8063 8978 4652 3162 4375 1486 913 9704 8843 1083 1270 1439 9985 9422 6780 5984 465 2013 6179 2897 4870 6756 8906 1119 9525 809 1047 4147 4793 9157 9337 6446 4711 3856 8440 6955 8002 2732 1403 8688 4731 4921 8841 1016 6146 5003 7797 4602 9036 4005 5349 3298 476 8715 4036 3539 4958 238 4803 1751 6014 126 4378 6559 3313 3522 9064 4009 6907 9282 9831 6256 143 8355 6341 3679 7603 567 9399 6583 625 935 5134 9511 8991 7840 3368 8312 9222 9457 8858 9165 2214 5961 812 8114 287 2730 9163 1702 9176 5660 4631 5978 8242 5269 4472 8882 3773 6422 9711 6219 8240 1734 5112 5100 5156 2129 9549 2065 8383 6206 2981 8631 3015 2364 8323 575 5510 6376 4770 1524 4553 3182 2724 6218 1631 6046 9308 5613 296 2943 2572 1450 103 6560 3653 4993 2619 2293 9729 2284 3270 2267 1820 3723 4428 5422 1752 9117 1348 480 7839 7868 6610 6290 7761 9716 145 6044 4094 6693 6100 5839 6819 8526 2528 7487 7922 1238 116 8246 4896 5413 3596 2750 6809 6374 6323 8205 5739 2878 3283 9147 2006 3626 7620 6941 6893 6302 1562 8544 4543 1270 2664 7749 1531 1452 4700 6474 8460 3013 9444 859 2553 4682 7910 6782 2389 8197 6956 4831 4786 2601 7582 6316 4851 5343 3303 1201 7239 2424 979 1373 9671 5587 1732 4433 6746 3813 9519 5203 9947 6054 7489 3709 292 2298 3249 7118 3615 809 1755 5622 717 9664 33 9312 2025 9055 198 9164 9252 4619 1789 4291 9200 9336 5221 4608 577 2717 8811 3559 5937 798 8829 9639 7197 792 9064 1269 3642 848 8395 1920 2025 6977 1343 1717 1324 1670 8670 3187 7323 4821 5914 7863 785 9928 9771 4999 3156 8180 2345 83 4114 8450 315 795 2630 7231 6128 7563 9058 9437 5652 5109 1926 4729 4625 7184 878 3122 7390 1070 2257 9202 8480 2733 9606 5965 6353 1295 8612 4106 2220 6196 5719 5983 2847 4918 1210 8294 3455 3614 7830 3833 6403 1290 2610 3464 1870 9302 9483 4929 9445 2508 6627 9781 7775 5885 2315 4872 8135 86 5619 1469 308 8255 907 1936 7470 9707 3100 409 3373 1924 8460 7497 609 6998 9390 6984 5270 7555 8051 9607 2456 8443 7365 9893 757 587 5883 3549 2295 4413 5676 4085 6913 432 6214 6806 5475 3185 7920 2725 9747 7904 9870 1934 2765 7109 8268 1274 848 6910 2741 5847 8944 4718 2649 1978 3407 4763 3377 7471 9502 2864 6204 8476 6353 5752 2602 2239 6347 8822 2990 4044 2793 2364 3699 5268 4175 6490 9180 9661 8657 6337 1174 62 6394 3328 2496 9873 3732 9379 2072 7099 4341 9107 7204 1224 4967 6686 6139 8714 8119 177 5728 7666 6026 9373 7659 2452 1633 1933 1071 3632 3896 9043 4896 7020 8965 1272 9931 6685 618 9240 975 5714 7974 8023 7389 4290 4434 4120 9797 7491 5996 7048 593 778 6138 1233 6946 2670 8490 6149 145 2172 7413 1841 2153 1500 2443 112 3065 3980 6917 3641 636 8002 7975 20 6801 6621 2610 3608 2143 5679 1175 6781 908 7483 7562 6771 715 7667 122 6951 9226 9299 3614 9828 7943 3623 3333 7939 4635 3242 3929 8328 9986 2995 1155 3782 5857 1694 2773 4296 1238 1241 8847 6917 2831 4786 7961 6923 8504 9170 3044 9533 1130 7659 858 187 569 2968 1038 7778 5352 1393 1703 7804 5250 1636 4161 3373 654 6749 5456 1732 1551 4558 7434 923 8923 3638 1662 5748 5070 1745 1 7644 8161 7290 1106 7645 3558 6740 8093 8999 349 261 8051 9781 9170 4798 2046 2220 1322 4408 4331 5470 7099 2171 2232 1655 4108 9570 3872 210 3813 4586 312 8136 4862 9409 5106 9474 2311 1482 8885 1788 1778 6169 8459 5605 7551 4919 3547 9877 7097 2240 1407 668 9875 3489 1437 7514 8216 511 9858 5349 4027 2209 6694 1010 3780 646 1181 3981 5922 1391 3846 4682 6608 9114 5639 601 2640 4206 5745 4259 9523 6305 3242 1218 2526 3249 778 323 4040 2953 7258 5881 5386 190 4372 8665 8364 2970 5074 2058 5164 1694 1961 3140 1871 4988 7520 552 2573 381 8727 8887 4044 2053 8394 9941 8667 6617 3708 3859 836 1296 7465 4141 2849 6065 7508 2642 5051 2338 7670 9584 1358 6296 7969 26 2569 5579 688 2683 6540 8977 9486 115 1735 3951 9584 8501 8137 5164 1094 3296 5792 1641 2206 86 552 7754 5741 483 7079 7268 1968 7664 5418 4527 3615 8657 149 3409 555 898 6162 4823 2657 3138 3741 2853 1194 6092 2198 6885 5512 1070 3855 2078 7929 1334 7546 6462 9773 7815 9666 8298 7521 3637 4362 3993 4629 666 5879 4218 5003 2921 4151 4422 1479 2423 2547 4249 47 7515 4588 3105 7444 4979 4325 1681 6920 6898 7493 5672 9093 9389 8592 1476 2693 9332 6615 4197 5178 7227 6010 1822 8395 4665 2473 9979 8377 7334 6364 4745 9781 7283 4369 3427 5094 3245 1620 2150 8695 109 352 9030 6011 707 3764 7797 5727 9399 4090 8254 694 6052 4213 2287 3216 7463 9860 518 5735 7071 854 3257 6098 7782 8242 7332 4687 1630 9284 5906 9793 2463 132 4423 6467 9403 4537 9616 1319 979 3663 8460 294 9866 879 8953 322 6761 6660 9377 5144 5495 9637 6042 9169 2098 6740 8271 3895 2144 3278 3152 6852 2792 7960 2116 9114 8373 3205 8701 9777 56 748 6605 8365 4804 435 303 9150 666 3371 2653 5569 2507 7145 2952 9334 1028 2526 7139 8099 3417 371 4078 4264 3536 9874 6890 1954 3553 2115 9604 5017 7 2099 7267 4474 2563 168 881 9019 1243 8080 5700 1262 7739 6956 3473 7122 536 8771 7141 7927 3228 1533 8056 1299 4991 7052 6310 2577 3436 6729 6451 2869 3876 5782 8782 6399 5027 6634 3349 4509 9754 8726 3538 6324 6017 5229 9073 3308 2728 5551 4338 6307 5667 4103 8935 8244 6097 6456 9385 9276 9139 6108 218 6609 5382 7140 2362 3472 2328 4897 3818 2563 464 5001 4992 7938 6126 8582 156 4402 4555 4085 3049 6322 7590 5011 2164 2772 8452 9537 8170 7391 7570 8190 6384 9444 5749 1075 8283 9415 5780 1931 6218 8320 5332 1329 2181 3601 2852 4374 4379 6323 6175 3099 9777 9754 9982 2416 6243 5295 4393 2658 2736 2082 6172 9267 9734 8429 247 403 7790 8835 7384 5672 8274 3022 2990 2134 4455 9754 2447 5041 5743 4680 1872 5677 6643 7158 5909 7921 1970 3736 6165 2699 8223 1273 8048 518 652 9364 2592 7463 8791 2591 7528 9546 3244 2570 1091 2221 8915 4813 1254 4777 9680 7890 4239 2642 2019 8461 7123 7691 2546 5927 986 9345 6398 5843 5936 8214 2128 3937 5304 9376 728 4377 1611 9430 2858 2509 4112 4609 2097 327 1217 4908 7269 4178 5789 1787 3305 7876 8586 1617 8385 5933 7457 4428 2688 1781 8813 4837 9790 5634 7941 7023 9204 7379 6512 3474 27 8557 6562 3107 2999 5361 884 793 7409 9938 4508 3396 4686 1352 2880 7634 5703 2991 417 5550 5544 731 5546 8949 4484 9813 3639 4211 1430 2945
2945 1430 4211 3639 9813 4484 8949 5546 731 5544 5550 417 2991 5703 7634 2880 1352 4686 3396 4508 9938 7409 793 884 5361 2999 3107 6562 8557 27 3474 6512 7379 9204 7023 7941 5634 9790 4837 8813 1781 2688 4428 7457 5933 8385 1617 8586 7876 3305 1787 5789 4178 7269 4908 1217 327 2097 4609 4112 2509 2858 9430 1611 4377 728 9376 5304 3937 2128 8214 5936 5843 6398 9345 986 5927 2546 7691 7123 8461 2019 2642 4239 7890 9680 4777 1254 4813 8915 2221 1091 2570 3244 9546 7528 2591 8791 7463 2592 9364 652 518 8048 1273 8223 2699 6165 3736 1970 7921 5909 7158 6643 5677 1872 4680 5743 5041 2447 9754 4455 2134 2990 3022 8274 5672 7384 8835 7790 403 247 8429 9734 9267 6172 2082 2736 2658 4393 5295 6243 2416 9982 9754 9777 3099 6175 6323 4379 4374 2852 3601 2181 1329 5332 8320 6218 1931 5780 9415 8283 1075 5749 9444 6384 8190 7570 7391 8170 9537 8452 2772 2164 5011 7590 6322 3049 4085 4555 4402 156 8582 6126 7938 4992 5001 464 2563 3818 4897 2328 3472 2362 7140 5382 6609 218 6108 9139 9276 9385 6456 6097 8244 8935 4103 5667 6307 4338 5551 2728 3308 9073 5229 6017 6324 3538 8726 9754 4509 3349 6634 5027 6399 8782 5782 3876 2869 6451 6729 3436 2577 6310 7052 4991 1299 8056 1533 3228 7927 7141 8771 536 7122 3473 6956 7739 1262 5700 8080 1243 9019 881 168 2563 4474 7267 2099 7 5017 9604 2115 3553 1954 6890 9874 3536 4264 4078 371 3417 8099 7139 2526 1028 9334 2952 7145 2507 5569 2653 3371 666 9150 303 435 4804 8365 6605 748 56 9777 8701 3205 8373 9114 2116 7960 2792 6852 3152 3278 2144 3895 8271 6740 2098 9169 6042 9637 5495 5144 9377 6660 6761 322 8953 879 9866 294 8460 3663 979 1319 9616 4537 9403 6467 4423 132 2463 9793 5906 9284 1630 4687 7332 8242 7782 6098 3257 854 7071 5735 518 9860 7463 3216 2287 4213 6052 694 8254 4090 9399 5727 7797 3764 707 6011 9030 352 109 8695 2150 1620 3245 5094 3427 4369 7283 9781 4745 6364 7334 8377 9979 2473 4665 8395 1822 6010 7227 5178 4197 6615 9332 2693 1476 8592 9389 9093 5672 7493 6898 6920 1681 4325 4979 7444 3105 4588 7515 47 4249 2547 2423 1479 4422 4151 2921 5003 4218 5879 666 4629 3993 4362 3637 7521 8298 9666 7815 9773 6462 7546 1334 7929 2078 3855 1070 5512 6885 2198 6092 1194 2853 3741 3138 2657 4823 6162 898 555 3409 149 8657 3615 4527 5418 7664 1968 7268 7079 483 5741 7754 552 86 2206 1641 5792 3296 1094 5164 8137 8501 9584 3951 1735 115 9486 8977 6540 2683 688 5579 2569 26 7969 6296 1358 9584 7670 2338 5051 2642 7508 6065 2849 4141 7465 1296 836 3859 3708 6617 8667 9941 8394 2053 4044 8887 8727 381 2573 552 7520 4988 1871 3140 1961 1694 5164 2058 5074 2970 8364 8665 4372 190 5386 5881 7258 2953 4040 323 778 3249 2526 1218 3242 6305 9523 4259 5745 4206 2640 601 5639 9114 6608 4682 3846 1391 5922 3981 1181 646 3780 1010 6694 2209 4027 5349 9858 511 8216 7514 1437 3489 9875 668 1407 2240 7097 9877 3547 4919 7551 5605 8459 6169 1778 1788 8885 1482 2311 9474 5106 9409 4862 8136 312 4586 3813 210 3872 9570 4108 1655 2232 2171 7099 5470 4331 4408 1322 2220 2046 4798 9170 9781 8051 261 349 8999 8093 6740 3558 7645 1106 7290 8161 7644 1 1745 5070 5748 1662 3638 8923 923 7434 4558 1551 1732 5456 6749 654 3373 4161 1636 5250 7804 1703 1393 5352 7778 1038 2968 569 187 858 7659 1130 9533 3044 9170 8504 6923 7961 4786 2831 6917 8847 1241 1238 4296 2773 1694 5857 3782 1155 2995 9986 8328 3929 3242 4635 7939 3333 3623 7943 9828 3614 9299 9226 6951 122 7667 715 6771 7562 7483 908 6781 1175 5679 2143 3608 2610 6621 6801 20 7975 8002 636 3641 6917 3980 3065 112 2443 1500 2153 1841 7413 2172 145 6149 8490 2670 6946 1233 6138 778 593 7048 5996 7491 9797 4120 4434 4290 7389 8023 7974 5714 975 9240 618 6685 9931 1272 8965 7020 4896 9043 3896 3632 1071 1933 1633 2452 7659 9373 6026 7666 5728 177 8119 8714 6139 6686 4967 1224 7204 9107 4341 7099 2072 9379 3732 9873 2496 3328 6394 62 1174 6337 8657 9661 9180 6490 4175 5268 3699 2364 2793 4044 2990 8822 6347 2239 2602 5752 6353 8476 6204 2864 9502 7471 3377 4763 3407 1978 2649 4718 8944 5847 2741 6910 848 1274 8268 7109 2765 1934 9870 7904 9747 2725 7920 3185 5475 6806 6214 432 6913 4085 5676 4413 2295 3549 5883 587 757 9893 7365 8443 2456 9607 8051 7555 5270 6984 9390 6998 609 7497 8460 1924 3373 409 3100 9707 7470 1936 907 8255 308 1469 5619 86 8135 4872 2315 5885 7775 9781 6627 2508 9445 4929 9483 9302 1870 3464 2610 1290 6403 3833 7830 3614 3455 8294 1210 4918 2847 5983 5719 6196 2220 4106 8612 1295 6353 5965 9606 2733 8480 9202 2257 1070 7390 3122 878 7184 4625 4729 1926 5109 5652 9437 9058 7563 6128 7231 2630 795 315 8450 4114 83 2345 8180 3156 4999 9771 9928 785 7863 5914 4821 7323 3187 8670 1670 1324 1717 1343 6977 2025 1920 8395 848 3642 1269 9064 792 7197 9639 8829 798 5937 3559 8811 2717 577 4608 5221 9336 9200 4291 1789 4619 9252 9164 198 9055 2025 9312 33 9664 717 5622 1755 809 3615 7118 3249 2298 292 3709 7489 6054 9947 5203 9519 3813 6746 4433 1732 5587 9671 1373 979 2424 7239 1201 3303 5343 4851 6316 7582 2601 4786 4831 6956 8197 2389 6782 7910 4682 2553 859 9444 3013 8460 6474 4700 1452 1531 7749 2664 1270 4543 8544 1562 6302 6893 6941 7620 3626 2006 9147 3283 2878 5739 8205 6323 6374 6809 2750 3596 5413 4896 8246 116 1238 7922 7487 2528 8526 6819 5839 6100 6693 4094 6044 145 9716 7761 6290 6610 7868 7839 480 1348 9117 1752 5422 4428 3723 1820 2267 3270 2284 9729 2293 2619 4993 3653 6560 103 1450 2572 2943 296 5613 9308 6046 1631 6218 2724 3182 4553 1524 4770 6376 5510 575 8323 2364 3015 8631 2981 6206 8383 2065 9549 2129 5156 5100 5112 1734 8240 6219 9711 6422 3773 8882 4472 5269 8242 5978 4631 5660 9176 1702 9163 2730 287 8114 812 5961 2214 9165 8858 9457 9222 8312 3368 7840 8991 9511 5134 935 625 6583 9399 567 7603 3679 6341 8355 143 6256 9831 9282 6907 4009 9064 3522 3313 6559 4378 126 6014 1751 4803 238 4958 3539 4036 8715 476 3298 5349 4005 9036 4602 7797 5003 6146 1016 8841 4921 4731 8688 1403 2732 8002 6955 8440 3856 4711 6446 9337 9157 4793 4147 1047 809 9525 1119 8906 6756 4870 2897 6179 2013 465 5984 6780 9422 9985 1439 1270 1083 8843 9704 913 1486 4375 3162 4652 8978 8063 6654 8280 4921 8447 9189 6987 4196 4208 6062 4339 3590 5910 2498 5871 1133 9671 9186 3758 8159 3763 9136 460 653 7698 5894 251 7287 7893 2302 3236 5238 4514 5255 2751 9448 7820 6680 5507 4585 3605 9391 5917 3196 6727 812 9931 4640 8611 5596 2740 3265 2435 1382 2193 7742 994 4754 6205 6274 2022 2247 4235 1503 6113 9303 3006 2392 9441 9499 45 9981 2800 8013 5352 9105 9552 6130 3698 422 8447 8025 6050 4570 1352 509 3115 4408 1356 2836 4683 9174 8268 9504 6222 6858 7330 8884 5087 3603 1123 5051 1532 7477 8039 9147 8615 1158 7653 1982 7415 1192 6357 4992 5978 1730 7185 2937 2188 8870 1707 5856 6645 7169 4545 1627 630 4166 6733 7908 6726 7856 4727 8827 4069 248 1712 7209 1590 6456 9221 2517 8476 9808 7087 3054 2252 6869 5729 8964 4578 8815 3621 1711 6113 4912 2045 5204 9877 3748 7997 3395 5514 325 3027 5885 7497 778 8558 7174 2988 5225 8970 2314 7883 3628 7016 1792 8399 5998 2239 4988 6007 9289 9147 4526 3254 6098 7844 2246 3059 6664 2684 6589 3262 4070 5993 9537 9538 1041 8646 3522 9951 9123 7327 8918 5833 5635 979 5720 1493 626 493 6303 7159 3560 7241 9212 4706 9445 5041 2766 3011 5569 1621 5726 968 9385 4614 2139 4374 7831 3308 8509 32 1359 5752 4671 728 534 6408 6328 4385 7109 2616 3165 9229 1215 6225 8962 9304 831 1874 552 3374 8991 7208 6920 4598 8368 3259 34 3289 2308 6258 9326 7239 8206 837 2184 3109 2074 4207 116 9545 1443 3826 2611 3655 1440 1689 4864 5131 522 3788 6773 7946 2362 2896 811 8350 3795 1808 3719 1110 3881 9866 1980 480 3345 7952 3693 2825 8352 1166 1298 3683 3870 5698 7778 1766 3025 7334 9531 9768 3707 8386 2352 5275 2257 219 9983 5967 9621 7960 1694 6058 1249 7072 484 8432 8482 1420 4519 8966 8546 1246 6013 8070 5998 7999 1105 2253 8951 8539 6536 3412 2516 992 2218 2900 501 350 711 9963 4495 7041 686 8519 5258 7367 5352 8702 7248 1669 5121 6992 7389 1312 5766 4641 5049 8006 8886 4395 7101 3266 5997 6246 7322 3569 5145 4924 130 1376 681 8977 4692 2531 7572 4603 6638 1914 8688 9200 3558 5383 9640 8175 5266 5227 1669 871 3897 2773 1283 7215 1268 1315 4439 2754 9033 5790 4013 3877 3866 6547 7208 1791 1112 5161 9325 5009 7590 3840 7530 6651 2367 8723 8971 4666 7388 2086 1144 4686 8886 9211 9352 5650 9714 1103 5928 1397 265 3373 2171 5787 2743 3019 6915 4655 5516 7621 9513 487 7354 5550 8246 5904 7662 2416 8314 9275 6717 2972 4205 1548 6196 2872 4511 7669 3267 5663 9336 7945 6561 6462 5869 8384 1055 5589 4286 3993 3039 624 4465 5317 2227 1247 3829 9908 145 8892 6259 1987 1552 629 2923 3899 9329 5515 910 8240 7670 171 5406 4281 8484 7552 745 1675 2279 7875 6317 7708 6377 5840 1731 7777 3587 7580 6137 3420 8939 3823 4726 8892 8096 728 691 9593 5069 2683 6635 9322 7070 6526 6846 184 2108 1052 4695 1179 3934 815 8757 2277 1051 8446 7666 7529 6869 1659 3223 1668 1261 8667 6991 418 3459 6406 7256 7478 6233 2002 9696 2847 942 8483 3314 3226 1454 6493 6256 1245 5353 1303 6525 2184 6961 945 5350 3581 5850 2017 6545 7956 6256 5160 281 2577 3914 2238 3984 6317 7871 6786 5519 110 5679 4214 4393 9301 868 5968 1021 8847 8231 7195 5261 6297 9651 8383 9331 161 5973 1046 4720 1658 2460 7811 5314 1334 7671 7830 9974 6879 3485 9805 7745 6728 4848 3228 661 2597 3778 283 5579 2051 3374 8307 8977 6441 3400 3926 5800 5882 1321 1784 640 8192 2242 2296 2995 1493 1269 8766 8826 5173 1428 1670 9811 999 800 7438 2328 2559 6129 6132 9666 4419 4309 4599 2501 4121 1400 9997 1079 7181 8964 5328 4871 8952 7566 3764 8066 2985 3644 4401 9704 1307 3186 2619 2224 9701 6056 2406 8888 5140 9499 8779 4084 6043 6974 1257 5739 4517 3059 6897 1791 2538 5082 6963 7613 1169 8819 6031 3332 1191 8724 317 1028 5989 6195 5488 7158 2725 8460 3287 9132 7584 5734 6352 157 1409 706 8195 1114 5474 1073 9652 3858 6939 9898 7221 7377 2287 3249 9959 2573 9668 7717 3905 7010 7807 5244 420 5315 1033 493 2113 7183 2870 181 6761 5465 446 9524 8547 679 1567 5306 325 4769 5297 2582 9712 6722 7808 6878 9132 2557 4272 5792 501 7600 5525 3603 157 6890 3093 7004 4927 1812 9833 4290 9937 8857 2218 7691 9642 718 7514 8452 8340 4389 7719 3119 5678 4099 2657 7576 6021 3386 2501 3483 3121 6770 1177 5065 8523 9032 20 3443 9106 6881 8298 7713 2371 4891 2063 2770 2782 2955 6553 2842 2881 2165 4728 2218 1492 8208 2284 9248 9846 2728 2493 4675 9471 7426 3877 9604 7443 1939 4759 7288 8837 2302 9840 4161 1781 9338 8952 2822 1125 8958 6261 4756 2519 7939 342 2496 6143 4269 6235 2592 2391 255 908 5013 1428 1544 5964 8975 5085 3388 3521 9369 2786 4438 9645 4546 3813 1554 3366 3102 4686 3878 4452 5581 3669 2176 7187 5298 3081 1776 7026 5942 456 6512 6155 5297 1084 1143 9698 4873 5301 3696 6146 4174 7449 9565 9032 8485 3802 3347 8735 1452 4993 3926 2900 8280 5771 4341 5492 9144 8727 8297 4498 974 9418 4720 9654 2924 1528 3007 5222 8789 9554 315 2886 4282 9097 7428 4446 6271 6703 5965 5918 8256 2893 6932 9126 127 6264 7023 4293 1042 7664 974 5024 1967 7044 4495 3988 6319 5003 747 8474 100 551 1126 3877 5488 7604 1807 4663 5243 9088 7074 8827 6346 3946 9258 9898 320 9803 1505 695 6744 4930 5695 4896 6598 6483 7191 7034 7153 4659 9407 5977 5758 3652 9653 3885 6171 38 2301 111 6286 6360 3908 5929 8802 1715 71 891 3601 2145 4659 112 7950 7223 7059 8641 814 4755 2018 9667 3721 9817 2283 5351 5359 2830 194 3561 3935 5572 9346 2680 5709 5252 2585 9047 5255 6881 5772 2814 744 4423 1170 5132 4411 6093 9114 2961 1549 5745
5745 1549 2961 9114 6093 4411 5132 1170 4423 744 2814 5772 6881 5255 9047 2585 5252 5709 2680 9346 5572 3935 3561 194 2830 5359 5351 2283 9817 3721 9667 2018 4755 814 8641 7059 7223 7950 112 4659 2145 3601 891 71 1715 8802 5929 3908 6360 6286 111 2301 38 6171 3885 9653 3652 5758 5977 9407 4659 7153 7034 7191 6483 6598 4896 5695 4930 6744 695 1505 9803 320 9898 9258 3946 6346 8827 7074 9088 5243 4663 1807 7604 5488 3877 1126 551 100 8474 747 5003 6319 3988 4495 7044 1967 5024 974 7664 1042 4293 7023 6264 127 9126 6932 2893 8256 5918 5965 6703 6271 4446 7428 9097 4282 2886 315 9554 8789 5222 3007 1528 2924 9654 4720 9418 974 4498 8297 8727 9144 5492 4341 5771 8280 2900 3926 4993 1452 8735 3347 3802 8485 9032 9565 7449 4174 6146 3696 5301 4873 9698 1143 1084 5297 6155 6512 456 5942 7026 1776 3081 5298 7187 2176 3669 5581 4452 3878 4686 3102 3366 1554 3813 4546 9645 4438 2786 9369 3521 3388 5085 8975 5964 1544 1428 5013 908 255 2391 2592 6235 4269 6143 2496 342 7939 2519 4756 6261 8958 1125 2822 8952 9338 1781 4161 9840 2302 8837 7288 4759 1939 7443 9604 3877 7426 9471 4675 2493 2728 9846 9248 2284 8208 1492 2218 4728 2165 2881 2842 6553 2955 2782 2770 2063 4891 2371 7713 8298 6881 9106 3443 20 9032 8523 5065 1177 6770 3121 3483 2501 3386 6021 7576 2657 4099 5678 3119 7719 4389 8340 8452 7514 718 9642 7691 2218 8857 9937 4290 9833 1812 4927 7004 3093 6890 157 3603 5525 7600 501 5792 4272 2557 9132 6878 7808 6722 9712 2582 5297 4769 325 5306 1567 679 8547 9524 446 5465 6761 181 2870 7183 2113 493 1033 5315 420 5244 7807 7010 3905 7717 9668 2573 9959 3249 2287 7377 7221 9898 6939 3858 9652 1073 5474 1114 8195 706 1409 157 6352 5734 7584 9132 3287 8460 2725 7158 5488 6195 5989 1028 317 8724 1191 3332 6031 8819 1169 7613 6963 5082 2538 1791 6897 3059 4517 5739 1257 6974 6043 4084 8779 9499 5140 8888 2406 6056 9701 2224 2619 3186 1307 9704 4401 3644 2985 8066 3764 7566 8952 4871 5328 8964 7181 1079 9997 1400 4121 2501 4599 4309 4419 9666 6132 6129 2559 2328 7438 800 999 9811 1670 1428 5173 8826 8766 1269 1493 2995 2296 2242 8192 640 1784 1321 5882 5800 3926 3400 6441 8977 8307 3374 2051 5579 283 3778 2597 661 3228 4848 6728 7745 9805 3485 6879 9974 7830 7671 1334 5314 7811 2460 1658 4720 1046 5973 161 9331 8383 9651 6297 5261 7195 8231 8847 1021 5968 868 9301 4393 4214 5679 110 5519 6786 7871 6317 3984 2238 3914 2577 281 5160 6256 7956 6545 2017 5850 3581 5350 945 6961 2184 6525 1303 5353 1245 6256 6493 1454 3226 3314 8483 942 2847 9696 2002 6233 7478 7256 6406 3459 418 6991 8667 1261 1668 3223 1659 6869 7529 7666 8446 1051 2277 8757 815 3934 1179 4695 1052 2108 184 6846 6526 7070 9322 6635 2683 5069 9593 691 728 8096 8892 4726 3823 8939 3420 6137 7580 3587 7777 1731 5840 6377 7708 6317 7875 2279 1675 745 7552 8484 4281 5406 171 7670 8240 910 5515 9329 3899 2923 629 1552 1987 6259 8892 145 9908 3829 1247 2227 5317 4465 624 3039 3993 4286 5589 1055 8384 5869 6462 6561 7945 9336 5663 3267 7669 4511 2872 6196 1548 4205 2972 6717 9275 8314 2416 7662 5904 8246 5550 7354 487 9513 7621 5516 4655 6915 3019 2743 5787 2171 3373 265 1397 5928 1103 9714 5650 9352 9211 8886 4686 1144 2086 7388 4666 8971 8723 2367 6651 7530 3840 7590 5009 9325 5161 1112 1791 7208 6547 3866 3877 4013 5790 9033 2754 4439 1315 1268 7215 1283 2773 3897 871 1669 5227 5266 8175 9640 5383 3558 9200 8688 1914 6638 4603 7572 2531 4692 8977 681 1376 130 4924 5145 3569 7322 6246 5997 3266 7101 4395 8886 8006 5049 4641 5766 1312 7389 6992 5121 1669 7248 8702 5352 7367 5258 8519 686 7041 4495 9963 711 350 501 2900 2218 992 2516 3412 6536 8539 8951 2253 1105 7999 5998 8070 6013 1246 8546 8966 4519 1420 8482 8432 484 7072 1249 6058 1694 7960 9621 5967 9983 219 2257 5275 2352 8386 3707 9768 9531 7334 3025 1766 7778 5698 3870 3683 1298 1166 8352 2825 3693 7952 3345 480 1980 9866 3881 1110 3719 1808 3795 8350 811 2896 2362 7946 6773 3788 522 5131 4864 1689 1440 3655 2611 3826 1443 9545 116 4207 2074 3109 2184 837 8206 7239 9326 6258 2308 3289 34 3259 8368 4598 6920 7208 8991 3374 552 1874 831 9304 8962 6225 1215 9229 3165 2616 7109 4385 6328 6408 534 728 4671 5752 1359 32 8509 3308 7831 4374 2139 4614 9385 968 5726 1621 5569 3011 2766 5041 9445 4706 9212 7241 3560 7159 6303 493 626 1493 5720 979 5635 5833 8918 7327 9123 9951 3522 8646 1041 9538 9537 5993 4070 3262 6589 2684 6664 3059 2246 7844 6098 3254 4526 9147 9289 6007 4988 2239 5998 8399 1792 7016 3628 7883 2314 8970 5225 2988 7174 8558 778 7497 5885 3027 325 5514 3395 7997 3748 9877 5204 2045 4912 6113 1711 3621 8815 4578 8964 5729 6869 2252 3054 7087 9808 8476 2517 9221 6456 1590 7209 1712 248 4069 8827 4727 7856 6726 7908 6733 4166 630 1627 4545 7169 6645 5856 1707 8870 2188 2937 7185 1730 5978 4992 6357 1192 7415 1982 7653 1158 8615 9147 8039 7477 1532 5051 1123 3603 5087 8884 7330 6858 6222 9504 8268 9174 4683 2836 1356 4408 3115 509 1352 4570 6050 8025 8447 422 3698 6130 9552 9105 5352 8013 2800 9981 45 9499 9441 2392 3006 9303 6113 1503 4235 2247 2022 6274 6205 4754 994 7742 2193 1382 2435 3265 2740 5596 8611 4640 9931 812 6727 3196 5917 9391 3605 4585 5507 6680 7820 9448 2751 5255 4514 5238 3236 2302 7893 7287 251 5894 7698 653 460 9136 3763 8159 3758 9186 9671 1133 5871 2498 5910 3590 4339 6062 4208 4196 6987 9189 8447 4921 8280 6654 8063 8978 4652 3162 4375 1486 913 9704 8843 1083 1270 1439 9985 9422 6780 5984 465 2013 6179 2897 4870 6756 8906 1119 9525 809 1047 4147 4793 9157 9337 6446 4711 3856 8440 6955 8002 2732 1403 8688 4731 4921 8841 1016 6146 5003 7797 4602 9036 4005 5349 3298 476 8715 4036 3539 4958 238 4803 1751 6014 126 4378 6559 3313 3522 9064 4009 6907 9282 9831 6256 143 8355 6341 3679 7603 567 9399 6583 625 935 5134 9511 8991 7840 3368 8312 9222 9457 8858 9165 2214 5961 812 8114 287 2730 9163 1702 9176 5660 4631 5978 8242 5269 4472 8882 3773 6422 9711 6219 8240 1734 5112 5100 5156 2129 9549 2065 8383 6206 2981 8631 3015 2364 8323 575 5510 6376 4770 1524 4553 3182 2724 6218 1631 6046 9308 5613 296 2943 2572 1450 103 6560 3653 4993 2619 2293 9729 2284 3270 2267 1820 3723 4428 5422 1752 9117 1348 480 7839 7868 6610 6290 7761 9716 145 6044 4094 6693 6100 5839 6819 8526 2528 7487 7922 1238 116 8246 4896 5413 3596 2750 6809 6374 6323 8205 5739 2878 3283 9147 2006 3626 7620 6941 6893 6302 1562 8544 4543 1270 2664 7749 1531 1452 4700 6474 8460 3013 9444 859 2553 4682 7910 6782 2389 8197 6956 4831 4786 2601 7582 6316 4851 5343 3303 1201 7239 2424 979 1373 9671 5587 1732 4433 6746 3813 9519 5203 9947 6054 7489 3709 292 2298 3249 7118 3615 809 1755 5622 717 9664 33 9312 2025 9055 198 9164 9252 4619 1789 4291 9200 9336 5221 4608 577 2717 8811 3559 5937 798 8829 9639 7197 792 9064 1269 3642 848 8395 1920 2025 6977 1343 1717 1324 1670 8670 3187 7323 4821 5914 7863 785 9928 9771 4999 3156 8180 2345 83 4114 8450 315 795 2630 7231 6128 7563 9058 9437 5652 5109 1926 4729 4625 7184 878 3122 7390 1070 2257 9202 8480 2733 9606 5965 6353 1295 8612 4106 2220 6196 5719 5983 2847 4918 1210 8294 3455 3614 7830 3833 6403 1290 2610 3464 1870 9302 9483 4929 9445 2508 6627 9781 7775 5885 2315 4872 8135 86 5619 1469 308 8255 907 1936 7470 9707 3100 409 3373 1924 8460 7497 609 6998 9390 6984 5270 7555 8051 9607 2456 8443 7365 9893 757 587 5883 3549 2295 4413 5676 4085 6913 432 6214 6806 5475 3185 7920 2725 9747 7904 9870 1934 2765 7109 8268 1274 848 6910 2741 5847 8944 4718 2649 1978 3407 4763 3377 7471 9502 2864 6204 8476 6353 5752 2602 2239 6347 8822 2990 4044 2793 2364 3699 5268 4175 6490 9180 9661 8657 6337 1174 62 6394 3328 2496 9873 3732 9379 2072 7099 4341 9107 7204 1224 4967 6686 6139 8714 8119 177 5728 7666 6026 9373 7659 2452 1633 1933 1071 3632 3896 9043 4896 7020 8965 1272 9931 6685 618 9240 975 5714 7974 8023 7389 4290 4434 4120 9797 7491 5996 7048 593 778 6138 1233 6946 2670 8490 6149 145 2172 7413 1841 2153 1500 2443 112 3065 3980 6917 3641 636 8002 7975 20 6801 6621 2610 3608 2143 5679 1175 6781 908 7483 7562 6771 715 7667 122 6951 9226 9299 3614 9828 7943 3623 3333 7939 4635 3242 3929 8328 9986 2995 1155 3782 5857 1694 2773 4296 1238 1241 8847 6917 2831 4786 7961 6923 8504 9170 3044 9533 1130 7659 858 187 569 2968 1038 7778 5352 1393 1703 7804 5250 1636 4161 3373 654 6749 5456 1732 1551 4558 7434 923 8923 3638 1662 5748 5070 1745 1 7644 8161 7290 1106 7645 3558 6740 8093 8999 349 261 8051 9781 9170 4798 2046 2220 1322 4408 4331 5470 7099 2171 2232 1655 4108 9570 3872 210 3813 4586 312 8136 4862 9409 5106 9474 2311 1482 8885 1788 1778 6169 8459 5605 7551 4919 3547 9877 7097 2240 1407 668 9875 3489 1437 7514 8216 511 9858 5349 4027 2209 6694 1010 3780 646 1181 3981 5922 1391 3846 4682 6608 9114 5639 601 2640 4206 5745 4259 9523 6305 3242 1218 2526 3249 778 323 4040 2953 7258 5881 5386 190 4372 8665 8364 2970 5074 2058 5164 1694 1961 3140 1871 4988 7520 552 2573 381 8727 8887 4044 2053 8394 9941 8667 6617 3708 3859 836 1296 7465 4141 2849 6065 7508 2642 5051 2338 7670 9584 1358 6296 7969 26 2569 5579 688 2683 6540 8977 9486 115 1735 3951 9584 8501 8137 5164 1094 3296 5792 1641 2206 86 552 7754 5741 483 7079 7268 1968 7664 5418 4527 3615 8657 149 3409 555 898 6162 4823 2657 3138 3741 2853 1194 6092 2198 6885 5512 1070 3855 2078 7929 1334 7546 6462 9773 7815 9666 8298 7521 3637 4362 3993 4629 666 5879 4218 5003 2921 4151 4422 1479 2423 2547 4249 47 7515 4588 3105 7444 4979 4325 1681 6920 6898 7493 5672 9093 9389 8592 1476 2693 9332 6615 4197 5178 7227 6010 1822 8395 4665 2473 9979 8377 7334 6364 4745 9781 7283 4369 3427 5094 3245 1620 2150 8695 109 352 9030 6011 707 3764 7797 5727 9399 4090 8254 694 6052 4213 2287 3216 7463 9860 518 5735 7071 854 3257 6098 7782 8242 7332 4687 1630 9284 5906 9793 2463 132 4423 6467 9403 4537 9616 1319 979 3663 8460 294 9866 879 8953 322 6761 6660 9377 5144 5495 9637 6042 9169 2098 6740 8271 3895 2144 3278 3152 6852 2792 7960 2116 9114 8373 3205 8701 9777 56 748 6605 8365 4804 435 303 9150 666 3371 2653 5569 2507 7145 2952 9334 1028 2526 7139 8099 3417 371 4078 4264 3536 9874 6890 1954 3553 2115 9604 5017 7 2099 7267 4474 2563 168 881 9019 1243 8080 5700 1262 7739 6956 3473 7122 536 8771 7141 7927 3228 1533 8056 1299 4991 7052 6310 2577 3436 6729 6451 2869 3876 5782 8782 6399 5027 6634 3349 4509 9754 8726 3538 6324 6017 5229 9073 3308 2728 5551 4338 6307 5667 4103 8935 8244 6097 6456 9385 9276 9139 6108 218 6609 5382 7140 2362 3472 2328 4897 3818 2563 464 5001 4992 7938 6126 8582 156 4402 4555 4085 3049 6322 7590 5011 2164 2772 8452 9537 8170 7391 7570 8190 6384 9444 5749 1075 8283 9415 5780 1931 6218 8320 5332 1329 2181 3601 2852 4374 4379 6323 6175 3099 9777 9754 9982 2416 6243 5295 4393 2658 2736 2082 6172 9267 9734 8429 247 403 7790 8835 7384 5672 8274 3022 2990 2134 4455 9754 2447 5041 5743 4680 1872 5677 6643 7158 5909 7921 1970 3736 6165 2699 8223 1273 8048 518 652 9364 2592 7463 8791 2591 7528 9546 3244 2570 1091 2221 8915 4813 1254 4777 9680 7890 4239 2642 2019 8461 7123 7691 2546 5927 986 9345 6398 5843 5936 8214 2128 3937 5304 9376 728 4377 1611 9430 2858 2509 4112 4609 2097 327 1217 4908 7269 4178 5789 1787 3305 7876 8586 1617 8385 5933 7457 4428 2688 1781 8813 4837 9790 5634 7941 7023 9204 7379 6512 3474 27 8557 6562 3107 2999 5361 884 793 7409 9938 4508 3396 4686 1352 2880 7634 5703 2991 417 5550 5544 731 5546 8949 4484 9813 3639 4211 1430 2945
2945 1430 4211 3639 9813 4484 8949 5546 731 5544 5550 417 2991 5703 7634 2880 1352 4686 3396 4508 9938 7409 793 884 5361 2999 3107 6562 8557 27 3474 6512 7379 9204 7023 7941 5634 9790 4837 8813 1781 2688 4428 7457 5933 8385 1617 8586 7876 3305 1787 5789 4178 7269 4908 1217 327 2097 4609 4112 2509 2858 9430 1611 4377 728 9376 5304 3937 2128 8214 5936 5843 6398 9345 986 5927 2546 7691 7123 8461 2019 2642 4239 7890 9680 4777 1254 4813 8915 2221 1091 2570 3244 9546 7528 2591 8791 7463 2592 9364 652 518 8048 1273 8223 2699 6165 3736 1970 7921 5909 7158 6643 5677 1872 4680 5743 5041 2447 9754 4455 2134 2990 3022 8274 5672 7384 8835 7790 403 247 8429 9734 9267 6172 2082 2736 2658 4393 5295 6243 2416 9982 9754 9777 3099 6175 6323 4379 4374 2852 3601 2181 1329 5332 8320 6218 1931 5780 9415 8283 1075 5749 9444 6384 8190 7570 7391 8170 9537 8452 2772 2164 5011 7590 6322 3049 4085 4555 4402 156 8582 6126 7938 4992 5001 464 2563 3818 4897 2328 3472 2362 7140 5382 6609 218 6108 9139 9276 9385 6456 6097 8244 8935 4103 5667 6307 4338 5551 2728 3308 9073 5229 6017 6324 3538 8726 9754 4509 3349 6634 5027 6399 8782 5782 3876 2869 6451 6729 3436 2577 6310 7052 4991 1299 8056 1533 3228 7927 7141 8771 536 7122 3473 6956 7739 1262 5700 8080 1243 9019 881 168 2563 4474 7267 2099 7 5017 9604 2115 3553 1954 6890 9874 3536 4264 4078 371 3417 8099 7139 2526 1028 9334 2952 7145 2507 5569 2653 3371 666 9150 303 435 4804 8365 6605 748 56 9777 8701 3205 8373 9114 2116 7960 2792 6852 3152 3278 2144 3895 8271 6740 2098 9169 6042 9637 5495 5144 9377 6660 6761 322 8953 879 9866 294 8460 3663 979 1319 9616 4537 9403 6467 4423 132 2463 9793 5906 9284 1630 4687 7332 8242 7782 6098 3257 854 7071 5735 518 9860 7463 3216 2287 4213 6052 694 8254 4090 9399 5727 7797 3764 707 6011 9030 352 109 8695 2150 1620 3245 5094 3427 4369 7283 9781 4745 6364 7334 8377 9979 2473 4665 8395 1822 6010 7227 5178 4197 6615 9332 2693 1476 8592 9389 9093 5672 7493 6898 6920 1681 4325 4979 7444 3105 4588 7515 47 4249 2547 2423 1479 4422 4151 2921 5003 4218 5879 666 4629 3993 4362 3637 7521 8298 9666 7815 9773 6462 7546 1334 7929 2078 3855 1070 5512 6885 2198 6092 1194 2853 3741 3138 2657 4823 6162 898 555 3409 149 8657 3615 4527 5418 7664 1968 7268 7079 483 5741 7754 552 86 2206 1641 5792 3296 1094 5164 8137 8501 9584 3951 1735 115 9486 8977 6540 2683 688 5579 2569 26 7969 6296 1358 9584 7670 2338 5051 2642 7508 6065 2849 4141 7465 1296 836 3859 3708 6617 8667 9941 8394 2053 4044 8887 8727 381 2573 552 7520 4988 1871 3140 1961 1694 5164 2058 5074 2970 8364 8665 4372 190 5386 5881 7258 2953 4040 323 778 3249 2526 1218 3242 6305 9523 4259 5745 4206 2640 601 5639 9114 6608 4682 3846 1391 5922 3981 1181 646 3780 1010 6694 2209 4027 5349 9858 511 8216 7514 1437 3489 9875 668 1407 2240 7097 9877 3547 4919 7551 5605 8459 6169 1778 1788 8885 1482 2311 9474 5106 9409 4862 8136 312 4586 3813 210 3872 9570 4108 1655 2232 2171 7099 5470 4331 4408 1322 2220 2046 4798 9170 9781 8051 261 349 8999 8093 6740 3558 7645 1106 7290 8161 7644 1 1745 5070 5748 1662 3638 8923 923 7434 4558 1551 1732 5456 6749 654 3373 4161 1636 5250 7804 1703 1393 5352 7778 1038 2968 569 187 858 7659 1130 9533 3044 9170 8504 6923 7961 4786 2831 6917 8847 1241 1238 4296 2773 1694 5857 3782 1155 2995 9986 8328 3929 3242 4635 7939 3333 3623 7943 9828 3614 9299 9226 6951 122 7667 715 6771 7562 7483 908 6781 1175 5679 2143 3608 2610 6621 6801 20 7975 8002 636 3641 6917 3980 3065 112 2443 1500 2153 1841 7413 2172 145 6149 8490 2670 6946 1233 6138 778 593 7048 5996 7491 9797 4120 4434 4290 7389 8023 7974 5714 975 9240 618 6685 9931 1272 8965 7020 4896 9043 3896 3632 1071 1933 1633 2452 7659 9373 6026 7666 5728 177 8119 8714 6139 6686 4967 1224 7204 9107 4341 7099 2072 9379 3732 9873 2496 3328 6394 62 1174 6337 8657 9661 9180 6490 4175 5268 3699 2364 2793 4044 2990 8822 6347 2239 2602 5752 6353 8476 6204 2864 9502 7471 3377 4763 3407 1978 2649 4718 8944 5847 2741 6910 848 1274 8268 7109 2765 1934 9870 7904 9747 2725 7920 3185 5475 6806 6214 432 6913 4085 5676 4413 2295 3549 5883 587 757 9893 7365 8443 2456 9607 8051 7555 5270 6984 9390 6998 609 7497 8460 1924 3373 409 3100 9707 7470 1936 907 8255 308 1469 5619 86 8135 4872 2315 5885 7775 9781 6627 2508 9445 4929 9483 9302 1870 3464 2610 1290 6403 3833 7830 3614 3455 8294 1210 4918 2847 5983 5719 6196 2220 4106 8612 1295 6353 5965 9606 2733 8480 9202 2257 1070 7390 3122 878 7184 4625 4729 1926 5109 5652 9437 9058 7563 6128 7231 2630 795 315 8450 4114 83 2345 8180 3156 4999 9771 9928 785 7863 5914 4821 7323 3187 8670 1670 1324 1717 1343 6977 2025 1920 8395 848 3642 1269 9064 792 7197 9639 8829 798 5937 3559 8811 2717 577 4608 5221 9336 9200 4291 1789 4619 9252 9164 198 9055 2025 9312 33 9664 717 5622 1755 809 3615 7118 3249 2298 292 3709 7489 6054 9947 5203 9519 3813 6746 4433 1732 5587 9671 1373 979 2424 7239 1201 3303 5343 4851 6316 7582 2601 4786 4831 6956 8197 2389 6782 7910 4682 2553 859 9444 3013 8460 6474 4700 1452 1531 7749 2664 1270 4543 8544 1562 6302 6893 6941 7620 3626 2006 9147 3283 2878 5739 8205 6323 6374 6809 2750 3596 5413 4896 8246 116 1238 7922 7487 2528 8526 6819 5839 6100 6693 4094 6044 145 9716 7761 6290 6610 7868 7839 480 1348 9117 1752 5422 4428 3723 1820 2267 3270 2284 9729 2293 2619 4993 3653 6560 103 1450 2572 2943 296 5613 9308 6046 1631 6218 2724 3182 4553 1524 4770 6376 5510 575 8323 2364 3015 8631 2981 6206 8383 2065 9549 2129 5156 5100 5112 1734 8240 6219 9711 6422 3773 8882 4472 5269 8242 5978 4631 5660 9176 1702 9163 2730 287 8114 812 5961 2214 9165 8858 9457 9222 8312 3368 7840 8991 9511 5134 935 625 6583 9399 567 7603 3679 6341 8355 143 6256 9831 9282 6907 4009 9064 3522 3313 6559 4378 126 6014 1751 4803 238 4958 3539 4036 8715 476 3298 5349 4005 9036 4602 7797 5003 6146 1016 8841 4921 4731 8688 1403 2732 8002 6955 8440 3856 4711 6446 9337 9157 4793 4147 1047 809 9525 1119 8906 6756 4870 2897 6179 2013 465 5984 6780 9422 9985 1439 1270 1083 8843 9704 913 1486 4375 3162 4652 8978 8063 6654 8280 4921 8447 9189 6987 4196 4208 6062 4339 3590 5910 2498 5871 1133 9671 9186 3758 8159 3763 9136 460 653 7698 5894 251 7287 7893 2302 3236 5238 4514 5255 2751 9448 7820 6680 5507 4585 3605 9391 5917 3196 6727 812 9931 4640 8611 5596 2740 3265 2435 1382 2193 7742 994 4754 6205 6274 2022 2247 4235 1503 6113 9303 3006 2392 9441 9499 45 9981 2800 8013 5352 9105 9552 6130 3698 422 8447 8025 6050 4570 1352 509 3115 4408 1356 2836 4683 9174 8268 9504 6222 6858 7330 8884 5087 3603 1123 5051 1532 7477 8039 9147 8615 1158 7653 1982 7415 1192 6357 4992 5978 1730 7185 2937 2188 8870 1707 5856 6645 7169 4545 1627 630 4166 6733 7908 6726 7856 4727 8827 4069 248 1712 7209 1590 6456 9221 2517 8476 9808 7087 3054 2252 6869 5729 8964 4578 8815 3621 1711 6113 4912 2045 5204 9877 3748 7997 3395 5514 325 3027 5885 7497 778 8558 7174 2988 5225 8970 2314 7883 3628 7016 1792 8399 5998 2239 4988 6007 9289 9147 4526 3254 6098 7844 2246 3059 6664 2684 6589 3262 4070 5993 9537 9538 1041 8646 3522 9951 9123 7327 8918 5833 5635 979 5720 1493 626 493 6303 7159 3560 7241 9212 4706 9445 5041 2766 3011 5569 1621 5726 968 9385 4614 2139 4374 7831 3308 8509 32 1359 5752 4671 728 534 6408 6328 4385 7109 2616 3165 9229 1215 6225 8962 9304 831 1874 552 3374 8991 7208 6920 4598 8368 3259 34 3289 2308 6258 9326 7239 8206 837 2184 3109 2074 4207 116 9545 1443 3826 2611 3655 1440 1689 4864 5131 522 3788 6773 7946 2362 2896 811 8350 3795 1808 3719 1110 3881 9866 1980 480 3345 7952 3693 2825 8352 1166 1298 3683 3870 5698 7778 1766 3025 7334 9531 9768 3707 8386 2352 5275 2257 219 9983 5967 9621 7960 1694 6058 1249 7072 484 8432 8482 1420 4519 8966 8546 1246 6013 8070 5998 7999 1105 2253 8951 8539 6536 3412 2516 992 2218 2900 501 350 711 9963 4495 7041 686 8519 5258 7367 5352 8702 7248 1669 5121 6992 7389 1312 5766 4641 5049 8006 8886 4395 7101 3266 5997 6246 7322 3569 5145 4924 130 1376 681 8977 4692 2531 7572 4603 6638 1914 8688 9200 3558 5383 9640 8175 5266 5227 1669 871 3897 2773 1283 7215 1268 1315 4439 2754 9033 5790 4013 3877 3866 6547 7208 1791 1112 5161 9325 5009 7590 3840 7530 6651 2367 8723 8971 4666 7388 2086 1144 4686 8886 9211 9352 5650 9714 1103 5928 1397 265 3373 2171 5787 2743 3019 6915 4655 5516 7621 9513 487 7354 5550 8246 5904 7662 2416 8314 9275 6717 2972 4205 1548 6196 2872 4511 7669 3267 5663 9336 7945 6561 6462 5869 8384 1055 5589 4286 3993 3039 624 4465 5317 2227 1247 3829 9908 145 8892 6259 1987 1552 629 2923 3899 9329 5515 910 8240 7670 171 5406 4281 8484 7552 745 1675 2279 7875 6317 7708 6377 5840 1731 7777 3587 7580 6137 3420 8939 3823 4726 8892 8096 728 691 9593 5069 2683 6635 9322 7070 6526 6846 184 2108 1052 4695 1179 3934 815 8757 2277 1051 8446 7666 7529 6869 1659 3223 1668 1261 8667 6991 418 3459 6406 7256 7478 6233 2002 9696 2847 942 8483 3314 3226 1454 6493 6256 1245 5353 1303 6525 2184 6961 945 5350 3581 5850 2017 6545 7956 6256 5160 281 2577 3914 2238 3984 6317 7871 6786 5519 110 5679 4214 4393 9301 868 5968 1021 8847 8231 7195 5261 6297 9651 8383 9331 161 5973 1046 4720 1658 2460 7811 5314 1334 7671 7830 9974 6879 3485 9805 7745 6728 4848 3228 661 2597 3778 283 5579 2051 3374 8307 8977 6441 3400 3926 5800 5882 1321 1784 640 8192 2242 2296 2995 1493 1269 8766 8826 5173 1428 1670 9811 999 800 7438 2328 2559 6129 6132 9666 4419 4309 4599 2501 4121 1400 9997 1079 7181 8964 5328 4871 8952 7566 3764 8066 2985 3644 4401 9704 1307 3186 2619 2224 9701 6056 2406 8888 5140 9499 8779 4084 6043 6974 1257 5739 4517 3059 6897 1791 2538 5082 6963 7613 1169 8819 6031 3332 1191 8724 317 1028 5989 6195 5488 7158 2725 8460 3287 9132 7584 5734 6352 157 1409 706 8195 1114 5474 1073 9652 3858 6939 9898 7221 7377 2287 3249 9959 2573 9668 7717 3905 7010 7807 5244 420 5315 1033 493 2113 7183 2870 181 6761 5465 446 9524 8547 679 1567 5306 325 4769 5297 2582 9712 6722 7808 6878 9132 2557 4272 5792 501 7600 5525 3603 157 6890 3093 7004 4927 1812 9833 4290 9937 8857 2218 7691 9642 718 7514 8452 8340 4389 7719 3119 5678 4099 2657 7576 6021 3386 2501 3483 3121 6770 1177 5065 8523 9032 20 3443 9106 6881 8298 7713 2371 4891 2063 2770 2782 2955 6553 2842 2881 2165 4728 2218 1492 8208 2284 9248 9846 2728 2493 4675 9471 7426 3877 9604 7443 1939 4759 7288 8837 2302 9840 4161 1781 9338 8952 2822 1125 8958 6261 4756 2519 7939 342 2496 6143 4269 6235 2592 2391 255 908 5013 1428 1544 5964 8975 5085 3388 3521 9369 2786 4438 9645 4546 3813 1554 3366 3102 4686 3878 4452 5581 3669 2176 7187 5298 3081 1776 7026 5942 456 6512 6155 5297 1084 1143 9698 4873 5301 3696 6146 4174 7449 9565 9032 8485 3802 3347 8735 1452 4993 3926 2900 8280 5771 4341 5492 9144 8727 8297 4498 974 9418 4720 9654 2924 1528 3007 5222 8789 9554 315 2886 4282 9097 7428 4446 6271 6703 5965 5918 8256 2893 6932 9126 127 6264 7023 4293 1042 7664 974 5024 1967 7044 4495 3988 6319 5003 747 8474 100 551 1126 3877 5488 7604 1807 4663 5243 9088 7074 8827 6346 3946 9258 9898 320 9803 1505 695 6744 4930 5695 4896 6598 6483 7191 7034 7153 4659 9407 5977 5758 3652 9653 3885 6171 38 2301 111 6286 6360 3908 5929 8802 1715 71 891 3601 2145 4659 112 7950 7223 7059 8641 814 4755 2018 9667 3721 9817 2283 5351 5359 2830 194 3561 3935 5572 9346 2680 5709 5252 2585 9047 5255 6881 5772 2814 744 4423 1170 5132 4411 6093 9114 2961 1549 5745
2945 1430 4211 3639 9813 4484 8949 5546 731 5544 5550 417 2991 5703 7634 2880 1352 4686 3396 4508 9938 7409 793 884 5361 2999 3107 6562 8557 27 3474 6512 7379 9204 7023 7941 5634 9790 4837 8813 1781 2688 4428 7457 5933 8385 1617 8586 7876 3305 1787 5789 4178 7269 4908 1217 327 2097 4609 4112 2509 2858 9430 1611 4377 728 9376 5304 3937 2128 8214 5936 5843 6398 9345 986 5927 2546 7691 7123 8461 2019 2642 4239 7890 9680 4777 1254 4813 8915 2221 1091 2570 3244 9546 7528 2591 8791 7463 2592 9364 652 518 8048 1273 8223 2699 6165 3736 1970 7921 5909 7158 6643 5677 1872 4680 5743 5041 2447 9754 4455 2134 2990 3022 8274 5672 7384 8835 7790 403 247 8429 9734 9267 6172 2082 2736 2658 4393 5295 6243 2416 9982 9754 9777 3099 6175 6323 4379 4374 2852 3601 2181 1329 5332 8320 6218 1931 5780 9415 8283 1075 5749 9444 6384 8190 7570 7391 8170 9537 8452 2772 2164 5011 7590 6322 3049 4085 4555 4402 156 8582 6126 7938 4992 5001 464 2563 3818 4897 2328 3472 2362 7140 5382 6609 218 6108 9139 9276 9385 6456 6097 8244 8935 4103 5667 6307 4338 5551 2728 3308 9073 5229 6017 6324 3538 8726 9754 4509 3349 6634 5027 6399 8782 5782 3876 2869 6451 6729 3436 2577 6310 7052 4991 1299 8056 1533 3228 7927 7141 8771 536 7122 3473 6956 7739 1262 5700 8080 1243 9019 881 168 2563 4474 7267 2099 7 5017 9604 2115 3553 1954 6890 9874 3536 4264 4078 371 3417 8099 7139 2526 1028 9334 2952 7145 2507 5569 2653 3371 666 9150 303 435 4804 8365 6605 748 56 9777 8701 3205 8373 9114 2116 7960 2792 6852 3152 3278 2144 3895 8271 6740 2098 9169 6042 9637 5495 5144 9377 6660 6761 322 8953 879 9866 294 8460 3663 979 1319 9616 4537 9403 6467 4423 132 2463 9793 5906 9284 1630 4687 7332 8242 7782 6098 3257 854 7071 5735 518 9860 7463 3216 2287 4213 6052 694 8254 4090 9399 5727 7797 3764 707 6011 9030 352 109 8695 2150 1620 3245 5094 3427 4369 7283 9781 4745 6364 7334 8377 9979 2473 4665 8395 1822 6010 7227 5178 4197 6615 9332 2693 1476 8592 9389 9093 5672 7493 6898 6920 1681 4325 4979 7444 3105 4588 7515 47 4249 2547 2423 1479 4422 4151 2921 5003 4218 5879 666 4629 3993 4362 3637 7521 8298 9666 7815 9773 6462 7546 1334 7929 2078 3855 1070 5512 6885 2198 6092 1194 2853 3741 3138 2657 4823 6162 898 555 3409 149 8657 3615 4527 5418 7664 1968 7268 7079 483 5741 7754 552 86 2206 1641 5792 3296 1094 5164 8137 8501 9584 3951 1735 115 9486 8977 6540 2683 688 5579 2569 26 7969 6296 1358 9584 7670 2338 5051 2642 7508 6065 2849 4141 7465 1296 836 3859 3708 6617 8667 9941 8394 2053 4044 8887 8727 381 2573 552 7520 4988 1871 3140 1961 1694 5164 2058 5074 2970 8364 8665 4372 190 5386 5881 7258 2953 4040 323 778 3249 2526 1218 3242 6305 9523 4259 5745 4206 2640 601 5639 9114 6608 4682 3846 1391 5922 3981 1181 646 3780 1010 6694 2209 4027 5349 9858 511 8216 7514 1437 3489 9875 668 1407 2240 7097 9877 3547 4919 7551 5605 8459 6169 1778 1788 8885 1482 2311 9474 5106 9409 4862 8136 312 4586 3813 210 3872 9570 4108 1655 2232 2171 7099 5470 4331 4408 1322 2220 2046 4798 9170 9781 8051 261 349 8999 8093 6740 3558 7645 1106 7290 8161 7644 1 1745 5070 5748 1662 3638 8923 923 7434 4558 1551 1732 5456 6749 654 3373 4161 1636 5250 7804 1703 1393 5352 7778 1038 2968 569 187 858 7659 1130 9533 3044 9170 8504 6923 7961 4786 2831 6917 8847 1241 1238 4296 2773 1694 5857 3782 1155 2995 9986 8328 3929 3242 4635 7939 3333 3623 7943 9828 3614 9299 9226 6951 122 7667 715 6771 7562 7483 908 6781 1175 5679 2143 3608 2610 6621 6801 20 7975 8002 636 3641 6917 3980 3065 112 2443 1500 2153 1841 7413 2172 145 6149 8490 2670 6946 1233 6138 778 593 7048 5996 7491 9797 4120 4434 4290 7389 8023 7974 5714 975 9240 618 6685 9931 1272 8965 7020 4896 9043 3896 3632 1071 1933 1633 2452 7659 9373 6026 7666 5728 177 8119 8714 6139 6686 4967 1224 7204 9107 4341 7099 2072 9379 3732 9873 2496 3328 6394 62 1174 6337 8657 9661 9180 6490 4175 5268 3699 2364 2793 4044 2990 8822 6347 2239 2602 5752 6353 8476 6204 2864 9502 7471 3377 4763 3407 1978 2649 4718 8944 5847 2741 6910 848 1274 8268 7109 2765 1934 9870 7904 9747 2725 7920 3185 5475 6806 6214 432 6913 4085 5676 4413 2295 3549 5883 587 757 9893 7365 8443 2456 9607 8051 7555 5270 6984 9390 6998 609 7497 8460 1924 3373 409 3100 9707 7470 1936 907 8255 308 1469 5619 86 8135 4872 2315 5885 7775 9781 6627 2508 9445 4929 9483 9302 1870 3464 2610 1290 6403 3833 7830 3614 3455 8294 1210 4918 2847 5983 5719 6196 2220 4106 8612 1295 6353 5965 9606 2733 8480 9202 2257 1070 7390 3122 878 7184 4625 4729 1926 5109 5652 9437 9058 7563 6128 7231 2630 795 315 8450 4114 83 2345 8180 3156 4999 9771 9928 785 7863 5914 4821 7323 3187 8670 1670 1324 1717 1343 6977 2025 1920 8395 848 3642 1269 9064 792 7197 9639 8829 798 5937 3559 8811 2717 577 4608 5221 9336 9200 4291 1789 4619 9252 9164 198 9055 2025 9312 33 9664 717 5622 1755 809 3615 7118 3249 2298 292 3709 7489 6054 9947 5203 9519 3813 6746 4433 1732 5587 9671 1373 979 2424 7239 1201 3303 5343 4851 6316 7582 2601 4786 4831 6956 8197 2389 6782 7910 4682 2553 859 9444 3013 8460 6474 4700 1452 1531 7749 2664 1270 4543 8544 1562 6302 6893 6941 7620 3626 2006 9147 3283 2878 5739 8205 6323 6374 6809 2750 3596 5413 4896 8246 116 1238 7922 7487 2528 8526 6819 5839 6100 6693 4094 6044 145 9716 7761 6290 6610 7868 7839 480 1348 9117 1752 5422 4428 3723 1820 2267 3270 2284 9729 2293 2619 4993 3653 6560 103 1450 2572 2943 296 5613 9308 6046 1631 6218 2724 3182 4553 1524 4770 6376 5510 575 8323 2364 3015 8631 2981 6206 8383 2065 9549 2129 5156 5100 5112 1734 8240 6219 9711 6422 3773 8882 4472 5269 8242 5978 4631 5660 9176 1702 9163 2730 287 8114 812 5961 2214 9165 8858 9457 9222 8312 3368 7840 8991 9511 5134 935 625 6583 9399 567 7603 3679 6341 8355 143 6256 9831 9282 6907 4009 9064 3522 3313 6559 4378 126 6014 1751 4803 238 4958 3539 4036 8715 476 3298 5349 4005 9036 4602 7797 5003 6146 1016 8841 4921 4731 8688 1403 2732 8002 6955 8440 3856 4711 6446 9337 9157 4793 4147 1047 809 9525 1119 8906 6756 4870 2897 6179 2013 465 5984 6780 9422 9985 1439 1270 1083 8843 9704 913 1486 4375 3162 4652 8978 8063 6654 8280 4921 8447 9189 6987 4196 4208 6062 4339 3590 5910 2498 5871 1133 9671 9186 3758 8159 3763 9136 460 653 7698 5894 251 7287 7893 2302 3236 5238 4514 5255 2751 9448 7820 6680 5507 4585 3605 9391 5917 3196 6727 812 9931 4640 8611 5596 2740 3265 2435 1382 2193 7742 994 4754 6205 6274 2022 2247 4235 1503 6113 9303 3006 2392 9441 9499 45 9981 2800 8013 5352 9105 9552 6130 3698 422 8447 8025 6050 4570 1352 509 3115 4408 1356 2836 4683 9174 8268 9504 6222 6858 7330 8884 5087 3603 1123 5051 1532 7477 8039 9147 8615 1158 7653 1982 7415 1192 6357 4992 5978 1730 7185 2937 2188 8870 1707 5856 6645 7169 4545 1627 630 4166 6733 7908 6726 7856 4727 8827 4069 248 1712 7209 1590 6456 9221 2517 8476 9808 7087 3054 2252 6869 5729 8964 4578 8815 3621 1711 6113 4912 2045 5204 9877 3748 7997 3395 5514 325 3027 5885 7497 778 8558 7174 2988 5225 8970 2314 7883 3628 7016 1792 8399 5998 2239 4988 6007 9289 9147 4526 3254 6098 7844 2246 3059 6664 2684 6589 3262 4070 5993 9537 9538 1041 8646 3522 9951 9123 7327 8918 5833 5635 979 5720 1493 626 493 6303 7159 3560 7241 9212 4706 9445 5041 2766 3011 5569 1621 5726 968 9385 4614 2139 4374 7831 3308 8509 32 1359 5752 4671 728 534 6408 6328 4385 7109 2616 3165 9229 1215 6225 8962 9304 831 1874 552 3374 8991 7208 6920 4598 8368 3259 34 3289 2308 6258 9326 7239 8206 837 2184 3109 2074 4207 116 9545 1443 3826 2611 3655 1440 1689 4864 5131 522 3788 6773 7946 2362 2896 811 8350 3795 1808 3719 1110 3881 9866 1980 480 3345 7952 3693 2825 8352 1166 1298 3683 3870 5698 7778 1766 3025 7334 9531 9768 3707 8386 2352 5275 2257 219 9983 5967 9621 7960 1694 6058 1249 7072 484 8432 8482 1420 4519 8966 8546 1246 6013 8070 5998 7999 1105 2253 8951 8539 6536 3412 2516 992 2218 2900 501 350 711 9963 4495 7041 686 8519 5258 7367 5352 8702 7248 1669 5121 6992 7389 1312 5766 4641 5049 8006 8886 4395 7101 3266 5997 6246 7322 3569 5145 4924 130 1376 681 8977 4692 2531 7572 4603 6638 1914 8688 9200 3558 5383 9640 8175 5266 5227 1669 871 3897 2773 1283 7215 1268 1315 4439 2754 9033 5790 4013 3877 3866 6547 7208 1791 1112 5161 9325 5009 7590 3840 7530 6651 2367 8723 8971 4666 7388 2086 1144 4686 8886 9211 9352 5650 9714 1103 5928 1397 265 3373 2171 5787 2743 3019 6915 4655 5516 7621 9513 487 7354 5550 8246 5904 7662 2416 8314 9275 6717 2972 4205 1548 6196 2872 4511 7669 3267 5663 9336 7945 6561 6462 5869 8384 1055 5589 4286 3993 3039 624 4465 5317 2227 1247 3829 9908 145 8892 6259 1987 1552 629 2923 3899 9329 5515 910 8240 7670 171 5406 4281 8484 7552 745 1675 2279 7875 6317 7708 6377 5840 1731 7777 3587 7580 6137 3420 8939 3823 4726 8892 8096 728 691 9593 5069 2683 6635 9322 7070 6526 6846 184 2108 1052 4695 1179 3934 815 8757 2277 1051 8446 7666 7529 6869 1659 3223 1668 1261 8667 6991 418 3459 6406 7256 7478 6233 2002 9696 2847 942 8483 3314 3226 1454 6493 6256 1245 5353 1303 6525 2184 6961 945 5350 3581 5850 2017 6545 7956 6256 5160 281 2577 3914 2238 3984 6317 7871 6786 5519 110 5679 4214 4393 9301 868 5968 1021 8847 8231 7195 5261 6297 9651 8383 9331 161 5973 1046 4720 1658 2460 7811 5314 1334 7671 7830 9974 6879 3485 9805 7745 6728 4848 3228 661 2597 3778 283 5579 2051 3374 8307 8977 6441 3400 3926 5800 5882 1321 1784 640 8192 2242 2296 2995 1493 1269 8766 8826 5173 1428 1670 9811 999 800 7438 2328 2559 6129 6132 9666 4419 4309 4599 2501 4121 1400 9997 1079 7181 8964 5328 4871 8952 7566 3764 8066 2985 3644 4401 9704 1307 3186 2619 2224 9701 6056 2406 8888 5140 9499 8779 4084 6043 6974 1257 5739 4517 3059 6897 1791 2538 5082 6963 7613 1169 8819 6031 3332 1191 8724 317 1028 5989 6195 5488 7158 2725 8460 3287 9132 7584 5734 6352 157 1409 706 8195 1114 5474 1073 9652 3858 6939 9898 7221 7377 2287 3249 9959 2573 9668 7717 3905 7010 7807 5244 420 5315 1033 493 2113 7183 2870 181 6761 5465 446 9524 8547 679 1567 5306 325 4769 5297 2582 9712 6722 7808 6878 9132 2557 4272 5792 501 7600 5525 3603 157 6890 3093 7004 4927 1812 9833 4290 9937 8857 2218 7691 9642 718 7514 8452 8340 4389 7719 3119 5678 4099 2657 7576 6021 3386 2501 3483 3121 6770 1177 5065 8523 9032 20 3443 9106 6881 8298 7713 2371 4891 2063 2770 2782 2955 6553 2842 2881 2165 4728 2218 1492 8208 2284 9248 9846 2728 2493 4675 9471 7426 3877 9604 7443 1939 4759 7288 8837 2302 9840 4161 1781 9338 8952 2822 1125 8958 6261 4756 2519 7939 342 2496 6143 4269 6235 2592 2391 255 908 5013 1428 1544 5964 8975 5085 3388 3521 9369 2786 4438 9645 4546 3813 1554 3366 3102 4686 3878 4452 5581 3669 2176 7187 5298 3081 1776 7026 5942 456 6512 6155 5297 1084 1143 9698 4873 5301 3696 6146 4174 7449 9565 9032 8485 3802 3347 8735 1452 4993 3926 2900 8280 5771 4341 5492 9144 8727 8297 4498 974 9418 4720 9654 2924 1528 3007 5222 8789 9554 315 2886 4282 9097 7428 4446 6271 6703 5965 5918 8256 2893 6932 9126 127 6264 7023 4293 1042 7664 974 5024 1967 7044 4495 3988 6319 5003 747 8474 100 551 1126 3877 5488 7604 1807 4663 5243 9088 7074 8827 6346 3946 9258 9898 320 9803 1505 695 6744 4930 5695 4896 6598 6483 7191 7034 7153 4659 9407 5977 5758 3652 9653 3885 6171 38 2301 111 6286 6360 3908 5929 8802 1715 71 891 3601 2145 4659 112 7950 7223 7059 8641 814 4755 2018 9667 3721 9817 2283 5351 5359 2830 194 3561 3935 5572 9346 2680 5709 5252 2585 9047 5255 6881 5772 2814 744 4423 1170 5132 4411 6093 9114 2961 1549 5745
