NOT_FOUND
2784
1860
89
NOT_FOUND
NOT_FOUND
1857
7012
NOT_FOUND
NOT_FOUND
317
NOT_FOUND
NOT_FOUND
1867
1835
1868
NOT_FOUND
1868
1868
1288
NOT_FOUND
6382
1822
1046
NOT_FOUND
1872
4017
1874
NOT_FOUND
1875
2107
9774
NOT_FOUND
NOT_FOUND
380
1873
NOT_FOUND
1873
1873
8933
NOT_FOUND
1873
1874
4762
4740
1738
9460
3623
6608
NOT_FOUND
1251
3185
8458
7384
5328
1866
1867
1867
NOT_FOUND
9589
NOT_FOUND
1871
1871
NOT_FOUND
7007
8335
1251
1337
3578
NOT_FOUND
4302
1875
2538
1874
1107
5505
8217
8425
4116
2474
NOT_FOUND
1871
3379
1548
7563
3733
NOT_FOUND
6576
1869
1869
9937
NOT_FOUND
NOT_FOUND
NOT_FOUND
1869
NOT_FOUND
NOT_FOUND
7499
1868
5752
NOT_FOUND
4754
8974
3153
3930
8928
9001
500
1864
417
1864
1434
5463
1863
1865
1865
4542
3261
7356
NOT_FOUND
4918
9487
NOT_FOUND
6359
8700
1862
483
4783
1923
4354
8180
898
496
4945
6063
NOT_FOUND
1861
7919
1860
1860
5914
1329
238
5698
2203
3972
1859
1859
1860
20
6688
1860
2206
1864
5064
NOT_FOUND
3380
4563
1861
1861
1727
1861
3451
8585
NOT_FOUND
2871
1859
7705
3810
2248
9454
NOT_FOUND
145
8243
1855
1855
1855
6038
4449
9232
NOT_FOUND
3998
1857
1858
NOT_FOUND
1639
NOT_FOUND
1857
4195
1857
619
4019
1856
6765
3369
6524
485
8352
1853
2932
2988
5500
7064
7474
4602
3783
1854
3190
9356
7099
1047
1853
1853
NOT_FOUND
5727
8659
4763
406
1851
5032
7935
1849
19
3708
1823
1847
1847
5187
8790
NOT_FOUND
9879
NOT_FOUND
NOT_FOUND
1885
7772
5944
2944
NOT_FOUND
1844
1334
1267
NOT_FOUND
5973
3610
8693
8271
1847
NOT_FOUND
8095
9108
3667
1507
8813
4145
8274
8870
1842
150
NOT_FOUND
7375
1842
6665
1841
1842
NOT_FOUND
4890
1918
5419
NOT_FOUND
6591
NOT_FOUND
9247
1841
189
1840
8539
1840
1840
NOT_FOUND
1842
1842
1842
5028
1841
9649
1840
NOT_FOUND
NOT_FOUND
1841
NOT_FOUND
1246
1065
1840
1840
2304
1461
NOT_FOUND
5108
4156
NOT_FOUND
1887
2129
3054
5237
6596
1837
NOT_FOUND
171
NOT_FOUND
1838
1838
1838
1838
1838
5878
1839
NOT_FOUND
4268
1531
NOT_FOUND
1838
1839
9398
NOT_FOUND
4107
NOT_FOUND
5952
1838
1838
1679
3855
NOT_FOUND
6800
2728
1834
1835
873
9436
1834
7325
4451
141
1651
NOT_FOUND
1832
1543
1832
8476
7600
7377
4769
NOT_FOUND
1829
681
5897
8193
2766
6134
6999
1827
1827
NOT_FOUND
NOT_FOUND
7152
3934
1665
1649
1828
5900
NOT_FOUND
NOT_FOUND
NOT_FOUND
7526
6571
1827
3503
NOT_FOUND
6077
8276
1827
8177
4926
NOT_FOUND
NOT_FOUND
1829
NOT_FOUND
6814
1829
964
4656
40
NOT_FOUND
NOT_FOUND
1828
5976
4508
NOT_FOUND
5999
4479
4157
NOT_FOUND
NOT_FOUND
NOT_FOUND
1841
2492
1300
4157
3940
NOT_FOUND
1844
504
1844
1844
1844
4286
NOT_FOUND
1159
NOT_FOUND
3777
NOT_FOUND
7264
1648
3514
3091
7569
1843
NOT_FOUND
NOT_FOUND
1843
1843
5170
7067
6237
NOT_FOUND
1842
9538
NOT_FOUND
2474
NOT_FOUND
5504
NOT_FOUND
1840
7269
NOT_FOUND
NOT_FOUND
NOT_FOUND
1844
8067
1843
7254
4497
NOT_FOUND
528
204
5936
3133
9314
1927
NOT_FOUND
6952
NOT_FOUND
808
6184
3427
NOT_FOUND
1848
1166
2225
4081
NOT_FOUND
1158
1845
1845
9003
NOT_FOUND
1846
7993
NOT_FOUND
2380
6281
3889
NOT_FOUND
1564
993
1844
6939
1844
5073
1014
6728
1843
3214
1844
NOT_FOUND
4843
NOT_FOUND
1415
3616
1846
8394
1845
5404
7754
1845
1845
9719
4853
NOT_FOUND
1843
NOT_FOUND
7344
9168
5539
1840
2547
9683
6434
1842
NOT_FOUND
1842
1844
NOT_FOUND
9032
1200
4833
5933
404
2217
7376
950
1838
NOT_FOUND
6411
6544
8331
1838
8436
1839
2560
4661
1838
2699
NOT_FOUND
4152
221
1837
6946
1837
1118
1836
5309
NOT_FOUND
1837
6661
9397
1837
903
4445
5027
1385
1834
1834
3863
4738
NOT_FOUND
4787
814
3577
NOT_FOUND
5546
819
1828
290
7762
5824
1828
NOT_FOUND
3489
1831
1469
1830
9263
4721
1831
NOT_FOUND
2894
NOT_FOUND
6139
9088
3929
NOT_FOUND
1861
9829
5838
921
1534
NOT_FOUND
5992
871
1829
1829
5145
6241
4984
5153
5182
5897
5455
1814
1828
6349
NOT_FOUND
1830
4745
418
NOT_FOUND
7806
1827
NOT_FOUND
9648
NOT_FOUND
NOT_FOUND
9738
209
1827
8575
1220
1825
9837
NOT_FOUND
1828
411
1827
9742
6469
1827
2555
3781
NOT_FOUND
NOT_FOUND
7044
NOT_FOUND
1827
1827
1827
1827
1459
5212
NOT_FOUND
5113
4753
1830
479
1830
1832
NOT_FOUND
1835
9858
1836
6619
1132
NOT_FOUND
3287
2798
2589
2663
1833
1835
1681
NOT_FOUND
6365
8038
1834
NOT_FOUND
7702
9228
4221
1832
1833
NOT_FOUND
1833
9416
1836
3804
7682
1837
3207
2977
7366
1836
NOT_FOUND
987
7311
642
NOT_FOUND
7609
NOT_FOUND
8785
1834
1834
1834
361
3001
1833
1833
1833
2654
1300
2322
7939
1834
NOT_FOUND
9632
NOT_FOUND
9621
NOT_FOUND
714
1255
NOT_FOUND
6484
2456
2463
1834
NOT_FOUND
6719
1835
NOT_FOUND
2740
2968
487
NOT_FOUND
4682
9156
NOT_FOUND
4168
NOT_FOUND
1838
1838
7345
8936
2366
4276
3174
9461
6703
NOT_FOUND
6949
2244
8293
NOT_FOUND
1830
2942
2358
7655
1829
8421
1828
1830
1830
7164
7059
1831
1831
1831
5227
7159
NOT_FOUND
1833
7725
1833
1833
NOT_FOUND
2139
324
5247
1831
1831
7089
6612
5910
NOT_FOUND
1830
628
7986
1812
1829
4061
1828
NOT_FOUND
6738
1828
1465
9434
9929
6379
7482
8159
9024
1824
3543
2195
1823
1981
1822
9300
5346
9240
NOT_FOUND
NOT_FOUND
NOT_FOUND
1822
7440
4806
7751
NOT_FOUND
NOT_FOUND
7373
1822
6839
NOT_FOUND
488
3627
NOT_FOUND
5978
6196
NOT_FOUND
5552
1828
1565
8541
1826
NOT_FOUND
1826
1827
402
675
3333
1829
NOT_FOUND
434
2117
3710
7381
4808
1828
1832
1833
1566
66
8495
NOT_FOUND
1832
5758
1442
7038
NOT_FOUND
1832
9836
8681
8083
1830
3357
9248
6634
445
1833
1835
9340
2454
331
1754
1832
2565
6028
637
828
6513
3052
8903
NOT_FOUND
8777
4724
5194
96
7706
8118
NOT_FOUND
NOT_FOUND
NOT_FOUND
1830
1830
1473
6300
5221
1829
1502
1829
1039
3581
5449
NOT_FOUND
1829
3938
9384
8982
8509
923
6633
NOT_FOUND
NOT_FOUND
1829
7911
1084
1827
NOT_FOUND
1827
NOT_FOUND
3485
1827
9546
7606
8111
1826
NOT_FOUND
8042
4237
1826
6763
NOT_FOUND
4713
3418
1824
6327
2314
769
2884
NOT_FOUND
4297
3211
8912
1264
1778
NOT_FOUND
4804
1821
7761
2043
5182
8939
211
156
1007
NOT_FOUND
3194
2075
9299
NOT_FOUND
1817
2609
1816
51
339
NOT_FOUND
1674
NOT_FOUND
1816
1816
5109
3754
7111
NOT_FOUND
NOT_FOUND
1816
1817
1089
1817
8871
1818
79
NOT_FOUND
3137
NOT_FOUND
6306
1817
2997
1816
1817
945
8309
8523
201
1815
1815
1815
1816
5572
NOT_FOUND
1629
NOT_FOUND
9124
7080
NOT_FOUND
1816
2981
1815
7882
6987
6396
5420
1684
8143
5729
NOT_FOUND
9195
905
NOT_FOUND
3346
NOT_FOUND
9786
NOT_FOUND
1813
NOT_FOUND
1815
NOT_FOUND
1816
1817
250
3583
1816
804
NOT_FOUND
NOT_FOUND
NOT_FOUND
8745
9360
1824
NOT_FOUND
1825
NOT_FOUND
1150
5553
NOT_FOUND
8506
1823
1823
1823
NOT_FOUND
8106
148
NOT_FOUND
6425
8004
NOT_FOUND
5881
4370
1823
6548
NOT_FOUND
2725
1823
1823
1419
NOT_FOUND
1824
NOT_FOUND
NOT_FOUND
NOT_FOUND
1825
NOT_FOUND
3659
1824
4331
7104
4742
161
5660
1825
7359
NOT_FOUND
5027
8777
1823
9784
7876
4442
9525
1820
1820
3783
NOT_FOUND
2745
4270
365
NOT_FOUND
7573
1819
9396
3412
8738
8077
501
NOT_FOUND
NOT_FOUND
9064
727
1820
NOT_FOUND
2374
7135
1818
1818
1216
1817
1817
689
NOT_FOUND
1227
1819
1819
9029
5162
4447
1662
1761
NOT_FOUND
2105
NOT_FOUND
1822
NOT_FOUND
1823
NOT_FOUND
4646
NOT_FOUND
613
5766
3253
611
1823
1823
5109
9082
1821
1821
NOT_FOUND
1821
342
1832
1823
1825
NOT_FOUND
NOT_FOUND
6945
NOT_FOUND
756
8462
7854
5283
6020
1828
4220
NOT_FOUND
6617
5108
8003
8092
1827
7639
5386
621
7802
7967
NOT_FOUND
5946
1822
NOT_FOUND
1415
1824
708
NOT_FOUND
6066
2524
3217
6579
505
2027
1424
NOT_FOUND
NOT_FOUND
1823
NOT_FOUND
NOT_FOUND
7864
8943
1821
1822
291
2205
NOT_FOUND
1939
9640
1818
NOT_FOUND
7653
207
149
416
2719
NOT_FOUND
7109
5849
845
1818
1820
NOT_FOUND
1822
5972
1491
1820
7621
1819
8370
1818
NOT_FOUND
1819
1819
NOT_FOUND
1819
8309
781
1818
7691
1817
1817
NOT_FOUND
6893
NOT_FOUND
6190
1817
5603
51
1815
5795
1815
5253
1817
990
1816
6945
1815
6832
1814
NOT_FOUND
1815
6091
1230
9452 5934 8724 1551 4826 7960 5973 3626 9215 4426 5434 1546 2751 9949 6382 4827 1333 9209 6861 8340 2984 7061 5585 7547 4747 6542 1374 5905 1028 4318 3431 571 5416 5189 7252 6988 9547 6067 2182 9903 6246 4727 4006 5449 6486 5500 2642 6836 8950 2585 346 6678 551 7847 2149 6665 5216 9459 8307 9677 6980 8727 5021 1690 780 7606 9589 538 7801 2135 9197 6055 9216 8971 7831 2443 1217 3583 412 5388 8795 2632 5361 8988 253 273 5964 6939 7025 6516 3833 3009 8857 267 8211 568 7892 3552 5990 8297 2743 6904 2526 4667 9193 3699 1140 6624 7527 1642 9960 5144 852 6160 3869 7478 4727 7332 4503 698 9166 1897 4430 4512 5423 1814 5250 2350 2341 7173 5138 9001 5766 634 5157 3929 7201 2795 97 1860 2959 1190 7830 4090 5630 5619 5846 459 622 3087 4190 1769 4288 7772 6354 4379 7284 3870 924 6166 347 4523 5764 896 6389 3687 550 6929 6303 9900 7019 4438 1577 1532 3737 4952 8311 2043 3714 3917 8208 4855 5550 6210 837 9566 6831 5465 1971 7438 8148 2361 1460 9640 3468 1020 6795 2214 4448 5725 5826 5169 482 6609 2831 2797 5354 9168 4347 9522 7101 4972 8129 2049 3977 6749 132 3008 4953 3489 1584 4502 9762 5624 247 2782 6096 5509 7407 3402 6864 9791 3771 397 8998 2484 432 665 8517 1796 3214 1756 2650 6361 9504 6558 8489 5212 8940 304 4463 4951 5722 2846 940 4203 7848 397 7864 2772 3436 8993 4761 8197 4564 782 9140 4105 9862 2459 6441 4986 1657 8179 9629 5654 1591 9916 1488 5691 8035 5435 9666 2243 558 3510 5676 1497 6017 6262 1948 9020 5799 7101 3530 8587 784 3922 876 3050 9577 9732 8753 9070 7811 3445 5849 996 247 974 3719 8971 6101 5700 163 5522 3692 1822 972 7226 1685 1449 5349 590 9203 9916 5097 5539 4565 6978 4916 9238 2497 8274 7229 8654 9715 7 1589 6268 4019 736 332 2466 7068 3888 221 3772 9139 8859 127 4354 4217 4162 7367 3629 9247 8191 3597 5580 9681 4926 6845 1557 5550 6187 5038 8522 4930 106 8673 2692 8153 297 6354 9606 7286 9533 8663 4577 2977 864 8932 7097 2455 216 4180 5508 2214 9988 5569 7372 9503 2671 6897 169 149 7628 9900 9744 1887 5094 6359 8946 8718 5517 2033 970 5795 6819 239 8296 6991 9969 7273 5595 9535 1894 8457 2910 5669 3193 4122 9099 7244 3073 5548 8003 8508 424 6539 7364 4566 4279 6019 9296 4129 243 5163 4754 1771 3951 174 6246 2221 9969 8680 2608 7910 4614 8850 672 9473 8224 9607 5935 378 26 6571 2095 1459 466 8533 5857 5266 5140 7235 5905 7148 9378 6002 2169 5926 2300 5243 9483 5153 4217 8106 1205 4262 3466 8984 6598 1461 5819 8415 104 5729 2551 9190 2649 1430 3106 5020 55 5592 1616 8351 4154 2361 9291 8361 6727 5646 106 1661 8494 359 110 4688 8536 2061 6928 129 2259 4058 9436 6685 1472 525 9182 2908 75 5282 2886 8490 4761 6306 5554 2712 8237 5824 6754 439 3296 2235 1243 2780 8145 171 1032 5368 8673 6908 8699 1637 41 304 9378 7223 3592 9611 1801 6865 812 3901 3303 9936 6563 9999 5657 2582 9438 2770 1444 3920 6625 2442 1794 8746 4718 5032 7811 7299 4506 3840 5706 5962 2867 3620 657 1506 4833 305 9219 8135 8345 2492 117 9610 2451 9956 1675 5838 8281 443 8015 9461 8070 9541 7767 2524 4084 8964 7569 8204 9255 6131 8958 5098 559 3263 5955 4348 323 9348 7347 1301 8215 3862 1442 8406 7428 8986 8044 7946 4247 2593 9416 8495 4177 9934 9882 7699 2967 5150 1756 3216 6517 9730 6618 8274 2063 6240 350 1395 7232 7790 3286 9865 6913 234 6990 7654 8681 9798 7608 6452 4530 2685 9213 9296 100 9652 5992 6541 6006 1527 7285 9740 2435 8570 7916 5801 5390 295 4964 9779 5649 2070 8444 3621 266 4811 1852 4922 1262 1649 9240 4128 3324 9375 3695 9030 4915 5164 7962 1850 217 2213 2426 2332 82 1942 6602 9074 6564 2424 4834 4312 8507 7189 1427 1227 4895 3479 9320 5761 1463 7535 5748 9177 874 731 6781 7884 898 36 6860 2500 3283 7668 1572 2629 9153 4106 5040 5491 4439 9725 6810 3851 6884 5097 1211 3596 7192 9592 820 1742 9520 7908 9547 4425 5180 1076 2100 1092 1232 7627 4700 7882 1358 602 5298 7929 7261 5508 9321 633 8577 952 7667 8830 1972 8777 198 695 1967 7654 6142 4906 8704 1150 5667 4137 4688 4821 4994 7101 8108 6860 9191 4969 7343 4028 1012 236 8920 8213 647 917 6075 8471 1670 777 9554 9939 5154 9909 1199 4738 6621 3690 7712 6520 7422 1117 1189 2870 7489 71 9888 3023 8141 1007 7674 6279 9186 9693 5937 5242 5117 5898 7189 9003 4419 3225 833 3081 1296 1139 6928 6852 7193 9186 7853 2064 4035 6308 5921 9659 7495 6381 233 6441 4478 581 3507 3349 1971 1965 8457 1616 113 3273 5712 4307 2154 3035 6807 3610 4981 3236 8197 5272 2815 9854 8070 7146 2692 2543 5926 7869 2129 3375 1403 4713 1881 3107 7783 4308 8341 1659 6595 7946 6523 5908 4758 921 1698 7088 5058 6041 7921 9893 4077 2483 8339 6819 6013 610 5919 6491 6106 2091 7779 2298 1007 4872 4588 5511 1351 4595 1454 9489 5741 9475 3381 8115 4086 6041 5679 2472 9973 8397 3498 9493 7800 7400 1059 6290 6519 107 5954 2637 8277 3826 7398 1117 8838 506 3454 7170 2387 1948 339 8985 2522 331 83 2185 6079 7226 3004 1683 2136 2267 7120 2235 6182 3724 6259 1351 9995 5252 2433 4420 3639 2759 8183 2888 6450 6062 1686 1509 1257 6717 4741 4405 3394 5985 9263 7654 116 5931 3328 6954 6069 4735 1517 3461 7086 1829 3172 1612 7756 7107 420 825 3069 713 2811 5679 1493 5410 2489 8144 3426 354 9853 6799 8236 4958 9106 4920 2259 1095 3469 3644 3441 8286 1576 4540 7868 9341 2680 2200 2510 5531 5937 4457 6363 99 7514 232 8039 6198 1335 8502 4261 2922 2937 2862 7089 1025 945 1511 4118 5694 2754 4607 8542 3216 9398 8119 8739 5183 8043 3008 1358 4750 4002 1481 2438 453 886 6205 9789 7138 8062 999 8682 8267 7659 6590 9266 113 1629 7994 2744 3464 9804 4513 7995 5945 5569 8845 3479 8071 3579 4159 9752 7245 3912 8704 3697 3969 4471 5769 9106 4418 1915 5441 1064 1449 6118 2894 7098 2309 3422 9527 3191 3139 2834 9014 2573 8590 5332 3528 1494 7313 7114 5684 1765 6929 1405 2811 9740 9772 3329 765 1690 5768 3563 8966 860 5397 6394 3478 7905 7033 2721 5941 9913 8635 3250 9587 6603 2027 4708 7227 8782 9913 5759 3001 1356 8723 6348 9157 2912 1803 2678 2579 9300 7773 7008 8218 4552 648 5082 5533 510 3095 1201 2003 5294 3328 5501 7148 2574 894 6425 7943 9882 2145 8542 8796 9190 7641 3460 5202 5399 8335 5944 2390 9991 5536 3125 6324 8648 3004 1083 2857 239 3912 789 3512 4637 6793 8714 2906 9046 1618 3637 3923 7094 9057 599 8206 6589 3794 4194 6396 7318 4486 2676 5792 409 5736 5832 9341 5785 8903 886 8245 2872 1401 4479 7013 9746 4767 8685 8726 6936 7146 1204 4512 6264 4103 4394 2481 735 2807 8963 9071 6008 8965 3492 4922 5244 1656 223 1936 8147 4311 2878 5110 5343 6231 7356 3091 2023 4734 1155 6656 7376 1242 961 7384 4634 3544 5766 1602 5018 6156 7660 1661 5093 883 7958 5560 8389 5314 7368 3741 7689 3990 5108 5965 1990 5139 2443 15 7430 1324 573 3040 3510 4110 8460 6910 248 1625 5799 9908 9783 2194 453 2384 6122 8443 5358 6953 7899 2408 3380 2343 2641 4731 4923 6841 5925 2237 6798 6987 1253 7432 8142 9368 7553 985 7550 610 2338 6549 9842 2158 2214 4955 6118 5526 7849 9226 1634 928 6272 1068 7367 8941 1972 316 6129 1405 9538 1291 7515 1068 4511 9663 6562 5123 6866 3181 1627 3724 11 6901 6192 5106 7031 5779 988 8517 8479 2684 4206 4094 9665 6995 7517 4688 3416 2113 1120 5825 396 8532 2722 6402 6971 2980 65 2778 3955 1430 3452 6103 4562 8401 801 3802 5917 2350 171 4601 8590 5236 8099 2801 4612 2851 7042 5908 1668 5522 1441 1040 6031 4979 9191 816 7266 9557 420 9454 6606 3372 3990 7488 9638 9868 5358 6800 3797 5375 1882 8393 2226 131 5223 6176 235 6184 7712 8827 7146 2573 517 7842 4424 7343 3830 4279 4908 1151 9170 9678 7010 5165 4841 4835 9555 8984 9065 6402 6940 7377 9139 5565 2436 590 3468 6431 6133 5724 4842 8506 8280 3368 2844 1601 3926 5982 9981 55 7027 3377 2062 2718 8478 3436 4809 1892 3865 1638 5601 7546 6208 2855 573 2067 2334 6860 8170 7497 3441 11 500 2195 2993 5016 2667 2351 6243 5500 6420 6415 592 2187 9970 2386 5088 9307 8668 348 2597 2872 3389 4646 5173 7591 706 6833 7570 5210 2356 7575 3828 671 8049 2376 9441 6120 7447 5783 2142 2816 41 8585 9079 7333 3188 2365 8961 414 8020 5541 4188 40 7832 5375 5877 7938 1362 4135 175 5280 4819 9335 7356 7994 1744 4867 4412 9731 8294 7806 7867 936 3821 2921 9695 1938 2101 690 9630 7955 8946 881 6846 4993 3232 7750 5037 137 2363 3586 4120 5028 7860 9899 9387 3317 9210 3067 3161 4381 5264 5061 3160 4011 6532 408 2299 6730 8770 8386 3719 9438 1631 5060 8713 7339 7369 8179 716 3865 5267 441 6564 2145 4363 994 106 1559 7753 8060 1074 4887 754 5334 1961 9567 8338 7698 1261 6729 6086 4225 5993 7376 9451 5747 548 8219 5711 2441 9889 4636 3844 2812 431 1036 5962 3538 3642 3853 3023 6000 1602 1565 5322 5978 6257 9952 8156 2513 2737 8208 3559 53 4683 8696 370 7351 7828 512 442 8648 3383 7294 9094 3417 7435 8711 1967 3411 1685 7651 9164 6734 765 3195 8368 1795 3261 5790 9970 8850 6626 363 6004 7808 2026 5839 3877 3576 2457 9771 1545 6792 8440 9293 233 25 2796 948 9285 4189 9240 4159 4437 8715 7196 1163 325 7307 1050 641 2037 662 9813 8163 5587 6012 4155 435 4484 6625 2687 6803 4199 7172 8537 256 9436 4410 775 7839 5325 6594 5437 8035 8394 3360 9310 5159 8347 611 8586 4867 2030 4161 1212 1888 7108 293 2541 85 1916 4191 9989 1214 4194 1999 25 8187 1309 5121 8444 6109 5912
9452 5934 8724 1551 4826 7960 5973 3626 9215 4426 5434 1546 2751 9949 6382 4827 1333 9209 6861 8340 2984 7061 5585 7547 4747 6542 1374 5905 1028 4318 3431 571 5416 5189 7252 6988 9547 6067 2182 9903 6246 4727 4006 5449 6486 5500 2642 6836 8950 2585 346 6678 551 7847 2149 6665 5216 9459 8307 9677 6980 8727 5021 1690 780 7606 9589 538 7801 2135 9197 6055 9216 8971 7831 2443 1217 3583 412 5388 8795 2632 5361 8988 253 273 5964 6939 7025 6516 3833 3009 8857 267 8211 568 7892 3552 5990 8297 2743 6904 2526 4667 9193 3699 1140 6624 7527 1642 9960 5144 852 6160 3869 7478 4727 7332 4503 698 9166 1897 4430 4512 5423 1814 5250 2350 2341 7173 5138 9001 5766 634 5157 3929 7201 2795 97 1860 2959 1190 7830 4090 5630 5619 5846 459 622 3087 4190 1769 4288 7772 6354 4379 7284 3870 924 6166 347 4523 5764 896 6389 3687 550 6929 6303 9900 7019 4438 1577 1532 3737 4952 8311 2043 3714 3917 8208 4855 5550 6210 837 9566 6831 5465 1971 7438 8148 2361 1460 9640 3468 1020 6795 2214 4448 5725 5826 5169 482 6609 2831 2797 5354 9168 4347 9522 7101 4972 8129 2049 3977 6749 132 3008 4953 3489 1584 4502 9762 5624 247 2782 6096 5509 7407 3402 6864 9791 3771 397 8998 2484 432 665 8517 1796 3214 1756 2650 6361 9504 6558 8489 5212 8940 304 4463 4951 5722 2846 940 4203 7848 397 7864 2772 3436 8993 4761 8197 4564 782 9140 4105 9862 2459 6441 4986 1657 8179 9629 5654 1591 9916 1488 5691 8035 5435 9666 2243 558 3510 5676 1497 6017 6262 1948 9020 5799 7101 3530 8587 784 3922 876 3050 9577 9732 8753 9070 7811 3445 5849 996 247 974 3719 8971 6101 5700 163 5522 3692 1822 972 7226 1685 1449 5349 590 9203 9916 5097 5539 4565 6978 4916 9238 2497 8274 7229 8654 9715 7 1589 6268 4019 736 332 2466 7068 3888 221 3772 9139 8859 127 4354 4217 4162 7367 3629 9247 8191 3597 5580 9681 4926 6845 1557 5550 6187 5038 8522 4930 106 8673 2692 8153 297 6354 9606 7286 9533 8663 4577 2977 864 8932 7097 2455 216 4180 5508 2214 9988 5569 7372 9503 2671 6897 169 149 7628 9900 9744 1887 5094 6359 8946 8718 5517 2033 970 5795 6819 239 8296 6991 9969 7273 5595 9535 1894 8457 2910 5669 3193 4122 9099 7244 3073 5548 8003 8508 424 6539 7364 4566 4279 6019 9296 4129 243 5163 4754 1771 3951 174 6246 2221 9969 8680 2608 7910 4614 8850 672 9473 8224 9607 5935 378 26 6571 2095 1459 466 8533 5857 5266 5140 7235 5905 7148 9378 6002 2169 5926 2300 5243 9483 5153 4217 8106 1205 4262 3466 8984 6598 1461 5819 8415 104 5729 2551 9190 2649 1430 3106 5020 55 5592 1616 8351 4154 2361 9291 8361 6727 5646 106 1661 8494 359 110 4688 8536 2061 6928 129 2259 4058 9436 6685 1472 525 9182 2908 75 5282 2886 8490 4761 6306 5554 2712 8237 5824 6754 439 3296 2235 1243 2780 8145 171 1032 5368 8673 6908 8699 1637 41 304 9378 7223 3592 9611 1801 6865 812 3901 3303 9936 6563 9999 5657 2582 9438 2770 1444 3920 6625 2442 1794 8746 4718 5032 7811 7299 4506 3840 5706 5962 2867 3620 657 1506 4833 305 9219 8135 8345 2492 117 9610 2451 9956 1675 5838 8281 443 8015 9461 8070 9541 7767 2524 4084 8964 7569 8204 9255 6131 8958 5098 559 3263 5955 4348 323 9348 7347 1301 8215 3862 1442 8406 7428 8986 8044 7946 4247 2593 9416 8495 4177 9934 9882 7699 2967 5150 1756 3216 6517 9730 6618 8274 2063 6240 350 1395 7232 7790 3286 9865 6913 234 6990 7654 8681 9798 7608 6452 4530 2685 9213 9296 100 9652 5992 6541 6006 1527 7285 9740 2435 8570 7916 5801 5390 295 4964 9779 5649 2070 8444 3621 266 4811 1852 4922 1262 1649 9240 4128 3324 9375 3695 9030 4915 5164 7962 1850 217 2213 2426 2332 82 1942 6602 9074 6564 2424 4834 4312 8507 7189 1427 1227 4895 3479 9320 5761 1463 7535 5748 9177 874 731 6781 7884 898 36 6860 2500 3283 7668 1572 2629 9153 4106 5040 5491 4439 9725 6810 3851 6884 5097 1211 3596 7192 9592 820 1742 9520 7908 9547 4425 5180 1076 2100 1092 1232 7627 4700 7882 1358 602 5298 7929 7261 5508 9321 633 8577 952 7667 8830 1972 8777 198 695 1967 7654 6142 4906 8704 1150 5667 4137 4688 4821 4994 7101 8108 6860 9191 4969 7343 4028 1012 236 8920 8213 647 917 6075 8471 1670 777 9554 9939 5154 9909 1199 4738 6621 3690 7712 6520 7422 1117 1189 2870 7489 71 9888 3023 8141 1007 7674 6279 9186 9693 5937 5242 5117 5898 7189 9003 4419 3225 833 3081 1296 1139 6928 6852 7193 9186 7853 2064 4035 6308 5921 9659 7495 6381 233 6441 4478 581 3507 3349 1971 1965 8457 1616 113 3273 5712 4307 2154 3035 6807 3610 4981 3236 8197 5272 2815 9854 8070 7146 2692 2543 5926 7869 2129 3375 1403 4713 1881 3107 7783 4308 8341 1659 6595 7946 6523 5908 4758 921 1698 7088 5058 6041 7921 9893 4077 2483 8339 6819 6013 610 5919 6491 6106 2091 7779 2298 1007 4872 4588 5511 1351 4595 1454 9489 5741 9475 3381 8115 4086 6041 5679 2472 9973 8397 3498 9493 7800 7400 1059 6290 6519 107 5954 2637 8277 3826 7398 1117 8838 506 3454 7170 2387 1948 339 8985 2522 331 83 2185 6079 7226 3004 1683 2136 2267 7120 2235 6182 3724 6259 1351 9995 5252 2433 4420 3639 2759 8183 2888 6450 6062 1686 1509 1257 6717 4741 4405 3394 5985 9263 7654 116 5931 3328 6954 6069 4735 1517 3461 7086 1829 3172 1612 7756 7107 420 825 3069 713 2811 5679 1493 5410 2489 8144 3426 354 9853 6799 8236 4958 9106 4920 2259 1095 3469 3644 3441 8286 1576 4540 7868 9341 2680 2200 2510 5531 5937 4457 6363 99 7514 232 8039 6198 1335 8502 4261 2922 2937 2862 7089 1025 945 1511 4118 5694 2754 4607 8542 3216 9398 8119 8739 5183 8043 3008 1358 4750 4002 1481 2438 453 886 6205 9789 7138 8062 999 8682 8267 7659 6590 9266 113 1629 7994 2744 3464 9804 4513 7995 5945 5569 8845 3479 8071 3579 4159 9752 7245 3912 8704 3697 3969 4471 5769 9106 4418 1915 5441 1064 1449 6118 2894 7098 2309 3422 9527 3191 3139 2834 9014 2573 8590 5332 3528 1494 7313 7114 5684 1765 6929 1405 2811 9740 9772 3329 765 1690 5768 3563 8966 860 5397 6394 3478 7905 7033 2721 5941 9913 8635 3250 9587 6603 2027 4708 7227 8782 9913 5759 3001 1356 8723 6348 9157 2912 1803 2678 2579 9300 7773 7008 8218 4552 648 5082 5533 510 3095 1201 2003 5294 3328 5501 7148 2574 894 6425 7943 9882 2145 8542 8796 9190 7641 3460 5202 5399 8335 5944 2390 9991 5536 3125 6324 8648 3004 1083 2857 239 3912 789 3512 4637 6793 8714 2906 9046 1618 3637 3923 7094 9057 599 8206 6589 3794 4194 6396 7318 4486 2676 5792 409 5736 5832 9341 5785 8903 886 8245 2872 1401 4479 7013 9746 4767 8685 8726 6936 7146 1204 4512 6264 4103 4394 2481 735 2807 8963 9071 6008 8965 3492 4922 5244 1656 223 1936 8147 4311 2878 5110 5343 6231 7356 3091 2023 4734 1155 6656 7376 1242 961 7384 4634 3544 5766 1602 5018 6156 7660 1661 5093 883 7958 5560 8389 5314 7368 3741 7689 3990 5108 5965 1990 5139 2443 15 7430 1324 573 3040 3510 4110 8460 6910 248 1625 5799 9908 9783 2194 453 2384 6122 8443 5358 6953 7899 2408 3380 2343 2641 4731 4923 6841 5925 2237 6798 6987 1253 7432 8142 9368 7553 985 7550 610 2338 6549 9842 2158 2214 4955 6118 5526 7849 9226 1634 928 6272 1068 7367 8941 1972 316 6129 1405 9538 1291 7515 1068 4511 9663 6562 5123 6866 3181 1627 3724 11 6901 6192 5106 7031 5779 988 8517 8479 2684 4206 4094 9665 6995 7517 4688 3416 2113 1120 5825 396 8532 2722 6402 6971 2980 65 2778 3955 1430 3452 6103 4562 8401 801 3802 5917 2350 171 4601 8590 5236 8099 2801 4612 2851 7042 5908 1668 5522 1441 1040 6031 4979 9191 816 7266 9557 420 9454 6606 3372 3990 7488 9638 9868 5358 6800 3797 5375 1882 8393 2226 131 5223 6176 235 6184 7712 8827 7146 2573 517 7842 4424 7343 3830 4279 4908 1151 9170 9678 7010 5165 4841 4835 9555 8984 9065 6402 6940 7377 9139 5565 2436 590 3468 6431 6133 5724 4842 8506 8280 3368 2844 1601 3926 5982 9981 55 7027 3377 2062 2718 8478 3436 4809 1892 3865 1638 5601 7546 6208 2855 573 2067 2334 6860 8170 7497 3441 11 500 2195 2993 5016 2667 2351 6243 5500 6420 6415 592 2187 9970 2386 5088 9307 8668 348 2597 2872 3389 4646 5173 7591 706 6833 7570 5210 2356 7575 3828 671 8049 2376 9441 6120 7447 5783 2142 2816 41 8585 9079 7333 3188 2365 8961 414 8020 5541 4188 40 7832 5375 5877 7938 1362 4135 175 5280 4819 9335 7356 7994 1744 4867 4412 9731 8294 7806 7867 936 3821 2921 9695 1938 2101 690 9630 7955 8946 881 6846 4993 3232 7750 5037 137 2363 3586 4120 5028 7860 9899 9387 3317 9210 3067 3161 4381 5264 5061 3160 4011 6532 408 2299 6730 8770 8386 3719 9438 1631 5060 8713 7339 7369 8179 716 3865 5267 441 6564 2145 4363 994 106 1559 7753 8060 1074 4887 754 5334 1961 9567 8338 7698 1261 6729 6086 4225 5993 7376 9451 5747 548 8219 5711 2441 9889 4636 3844 2812 431 1036 5962 3538 3642 3853 3023 6000 1602 1565 5322 5978 6257 9952 8156 2513 2737 8208 3559 53 4683 8696 370 7351 7828 512 442 8648 3383 7294 9094 3417 7435 8711 1967 3411 1685 7651 9164 6734 765 3195 8368 1795 3261 5790 9970 8850 6626 363 6004 7808 2026 5839 3877 3576 2457 9771 1545 6792 8440 9293 233 25 2796 948 9285 4189 9240 4159 4437 8715 7196 1163 325 7307 1050 641 2037 662 9813 8163 5587 6012 4155 435 4484 6625 2687 6803 4199 7172 8537 256 9436 4410 775 7839 5325 6594 5437 8035 8394 3360 9310 5159 8347 611 8586 4867 2030 4161 1212 1888 7108 293 2541 85 1916 4191 9989 1214 4194 1999 25 8187 1309 5121 8444 6109 5912
5912 6109 8444 5121 1309 8187 25 1999 4194 1214 9989 4191 1916 85 2541 293 7108 1888 1212 4161 2030 4867 8586 611 8347 5159 9310 3360 8394 8035 5437 6594 5325 7839 775 4410 9436 256 8537 7172 4199 6803 2687 6625 4484 435 4155 6012 5587 8163 9813 662 2037 641 1050 7307 325 1163 7196 8715 4437 4159 9240 4189 9285 948 2796 25 233 9293 8440 6792 1545 9771 2457 3576 3877 5839 2026 7808 6004 363 6626 8850 9970 5790 3261 1795 8368 3195 765 6734 9164 7651 1685 3411 1967 8711 7435 3417 9094 7294 3383 8648 442 512 7828 7351 370 8696 4683 53 3559 8208 2737 2513 8156 9952 6257 5978 5322 1565 1602 6000 3023 3853 3642 3538 5962 1036 431 2812 3844 4636 9889 2441 5711 8219 548 5747 9451 7376 5993 4225 6086 6729 1261 7698 8338 9567 1961 5334 754 4887 1074 8060 7753 1559 106 994 4363 2145 6564 441 5267 3865 716 8179 7369 7339 8713 5060 1631 9438 3719 8386 8770 6730 2299 408 6532 4011 3160 5061 5264 4381 3161 3067 9210 3317 9387 9899 7860 5028 4120 3586 2363 137 5037 7750 3232 4993 6846 881 8946 7955 9630 690 2101 1938 9695 2921 3821 936 7867 7806 8294 9731 4412 4867 1744 7994 7356 9335 4819 5280 175 4135 1362 7938 5877 5375 7832 40 4188 5541 8020 414 8961 2365 3188 7333 9079 8585 41 2816 2142 5783 7447 6120 9441 2376 8049 671 3828 7575 2356 5210 7570 6833 706 7591 5173 4646 3389 2872 2597 348 8668 9307 5088 2386 9970 2187 592 6415 6420 5500 6243 2351 2667 5016 2993 2195 500 11 3441 7497 8170 6860 2334 2067 573 2855 6208 7546 5601 1638 3865 1892 4809 3436 8478 2718 2062 3377 7027 55 9981 5982 3926 1601 2844 3368 8280 8506 4842 5724 6133 6431 3468 590 2436 5565 9139 7377 6940 6402 9065 8984 9555 4835 4841 5165 7010 9678 9170 1151 4908 4279 3830 7343 4424 7842 517 2573 7146 8827 7712 6184 235 6176 5223 131 2226 8393 1882 5375 3797 6800 5358 9868 9638 7488 3990 3372 6606 9454 420 9557 7266 816 9191 4979 6031 1040 1441 5522 1668 5908 7042 2851 4612 2801 8099 5236 8590 4601 171 2350 5917 3802 801 8401 4562 6103 3452 1430 3955 2778 65 2980 6971 6402 2722 8532 396 5825 1120 2113 3416 4688 7517 6995 9665 4094 4206 2684 8479 8517 988 5779 7031 5106 6192 6901 11 3724 1627 3181 6866 5123 6562 9663 4511 1068 7515 1291 9538 1405 6129 316 1972 8941 7367 1068 6272 928 1634 9226 7849 5526 6118 4955 2214 2158 9842 6549 2338 610 7550 985 7553 9368 8142 7432 1253 6987 6798 2237 5925 6841 4923 4731 2641 2343 3380 2408 7899 6953 5358 8443 6122 2384 453 2194 9783 9908 5799 1625 248 6910 8460 4110 3510 3040 573 1324 7430 15 2443 5139 1990 5965 5108 3990 7689 3741 7368 5314 8389 5560 7958 883 5093 1661 7660 6156 5018 1602 5766 3544 4634 7384 961 1242 7376 6656 1155 4734 2023 3091 7356 6231 5343 5110 2878 4311 8147 1936 223 1656 5244 4922 3492 8965 6008 9071 8963 2807 735 2481 4394 4103 6264 4512 1204 7146 6936 8726 8685 4767 9746 7013 4479 1401 2872 8245 886 8903 5785 9341 5832 5736 409 5792 2676 4486 7318 6396 4194 3794 6589 8206 599 9057 7094 3923 3637 1618 9046 2906 8714 6793 4637 3512 789 3912 239 2857 1083 3004 8648 6324 3125 5536 9991 2390 5944 8335 5399 5202 3460 7641 9190 8796 8542 2145 9882 7943 6425 894 2574 7148 5501 3328 5294 2003 1201 3095 510 5533 5082 648 4552 8218 7008 7773 9300 2579 2678 1803 2912 9157 6348 8723 1356 3001 5759 9913 8782 7227 4708 2027 6603 9587 3250 8635 9913 5941 2721 7033 7905 3478 6394 5397 860 8966 3563 5768 1690 765 3329 9772 9740 2811 1405 6929 1765 5684 7114 7313 1494 3528 5332 8590 2573 9014 2834 3139 3191 9527 3422 2309 7098 2894 6118 1449 1064 5441 1915 4418 9106 5769 4471 3969 3697 8704 3912 7245 9752 4159 3579 8071 3479 8845 5569 5945 7995 4513 9804 3464 2744 7994 1629 113 9266 6590 7659 8267 8682 999 8062 7138 9789 6205 886 453 2438 1481 4002 4750 1358 3008 8043 5183 8739 8119 9398 3216 8542 4607 2754 5694 4118 1511 945 1025 7089 2862 2937 2922 4261 8502 1335 6198 8039 232 7514 99 6363 4457 5937 5531 2510 2200 2680 9341 7868 4540 1576 8286 3441 3644 3469 1095 2259 4920 9106 4958 8236 6799 9853 354 3426 8144 2489 5410 1493 5679 2811 713 3069 825 420 7107 7756 1612 3172 1829 7086 3461 1517 4735 6069 6954 3328 5931 116 7654 9263 5985 3394 4405 4741 6717 1257 1509 1686 6062 6450 2888 8183 2759 3639 4420 2433 5252 9995 1351 6259 3724 6182 2235 7120 2267 2136 1683 3004 7226 6079 2185 83 331 2522 8985 339 1948 2387 7170 3454 506 8838 1117 7398 3826 8277 2637 5954 107 6519 6290 1059 7400 7800 9493 3498 8397 9973 2472 5679 6041 4086 8115 3381 9475 5741 9489 1454 4595 1351 5511 4588 4872 1007 2298 7779 2091 6106 6491 5919 610 6013 6819 8339 2483 4077 9893 7921 6041 5058 7088 1698 921 4758 5908 6523 7946 6595 1659 8341 4308 7783 3107 1881 4713 1403 3375 2129 7869 5926 2543 2692 7146 8070 9854 2815 5272 8197 3236 4981 3610 6807 3035 2154 4307 5712 3273 113 1616 8457 1965 1971 3349 3507 581 4478 6441 233 6381 7495 9659 5921 6308 4035 2064 7853 9186 7193 6852 6928 1139 1296 3081 833 3225 4419 9003 7189 5898 5117 5242 5937 9693 9186 6279 7674 1007 8141 3023 9888 71 7489 2870 1189 1117 7422 6520 7712 3690 6621 4738 1199 9909 5154 9939 9554 777 1670 8471 6075 917 647 8213 8920 236 1012 4028 7343 4969 9191 6860 8108 7101 4994 4821 4688 4137 5667 1150 8704 4906 6142 7654 1967 695 198 8777 1972 8830 7667 952 8577 633 9321 5508 7261 7929 5298 602 1358 7882 4700 7627 1232 1092 2100 1076 5180 4425 9547 7908 9520 1742 820 9592 7192 3596 1211 5097 6884 3851 6810 9725 4439 5491 5040 4106 9153 2629 1572 7668 3283 2500 6860 36 898 7884 6781 731 874 9177 5748 7535 1463 5761 9320 3479 4895 1227 1427 7189 8507 4312 4834 2424 6564 9074 6602 1942 82 2332 2426 2213 217 1850 7962 5164 4915 9030 3695 9375 3324 4128 9240 1649 1262 4922 1852 4811 266 3621 8444 2070 5649 9779 4964 295 5390 5801 7916 8570 2435 9740 7285 1527 6006 6541 5992 9652 100 9296 9213 2685 4530 6452 7608 9798 8681 7654 6990 234 6913 9865 3286 7790 7232 1395 350 6240 2063 8274 6618 9730 6517 3216 1756 5150 2967 7699 9882 9934 4177 8495 9416 2593 4247 7946 8044 8986 7428 8406 1442 3862 8215 1301 7347 9348 323 4348 5955 3263 559 5098 8958 6131 9255 8204 7569 8964 4084 2524 7767 9541 8070 9461 8015 443 8281 5838 1675 9956 2451 9610 117 2492 8345 8135 9219 305 4833 1506 657 3620 2867 5962 5706 3840 4506 7299 7811 5032 4718 8746 1794 2442 6625 3920 1444 2770 9438 2582 5657 9999 6563 9936 3303 3901 812 6865 1801 9611 3592 7223 9378 304 41 1637 8699 6908 8673 5368 1032 171 8145 2780 1243 2235 3296 439 6754 5824 8237 2712 5554 6306 4761 8490 2886 5282 75 2908 9182 525 1472 6685 9436 4058 2259 129 6928 2061 8536 4688 110 359 8494 1661 106 5646 6727 8361 9291 2361 4154 8351 1616 5592 55 5020 3106 1430 2649 9190 2551 5729 104 8415 5819 1461 6598 8984 3466 4262 1205 8106 4217 5153 9483 5243 2300 5926 2169 6002 9378 7148 5905 7235 5140 5266 5857 8533 466 1459 2095 6571 26 378 5935 9607 8224 9473 672 8850 4614 7910 2608 8680 9969 2221 6246 174 3951 1771 4754 5163 243 4129 9296 6019 4279 4566 7364 6539 424 8508 8003 5548 3073 7244 9099 4122 3193 5669 2910 8457 1894 9535 5595 7273 9969 6991 8296 239 6819 5795 970 2033 5517 8718 8946 6359 5094 1887 9744 9900 7628 149 169 6897 2671 9503 7372 5569 9988 2214 5508 4180 216 2455 7097 8932 864 2977 4577 8663 9533 7286 9606 6354 297 8153 2692 8673 106 4930 8522 5038 6187 5550 1557 6845 4926 9681 5580 3597 8191 9247 3629 7367 4162 4217 4354 127 8859 9139 3772 221 3888 7068 2466 332 736 4019 6268 1589 7 9715 8654 7229 8274 2497 9238 4916 6978 4565 5539 5097 9916 9203 590 5349 1449 1685 7226 972 1822 3692 5522 163 5700 6101 8971 3719 974 247 996 5849 3445 7811 9070 8753 9732 9577 3050 876 3922 784 8587 3530 7101 5799 9020 1948 6262 6017 1497 5676 3510 558 2243 9666 5435 8035 5691 1488 9916 1591 5654 9629 8179 1657 4986 6441 2459 9862 4105 9140 782 4564 8197 4761 8993 3436 2772 7864 397 7848 4203 940 2846 5722 4951 4463 304 8940 5212 8489 6558 9504 6361 2650 1756 3214 1796 8517 665 432 2484 8998 397 3771 9791 6864 3402 7407 5509 6096 2782 247 5624 9762 4502 1584 3489 4953 3008 132 6749 3977 2049 8129 4972 7101 9522 4347 9168 5354 2797 2831 6609 482 5169 5826 5725 4448 2214 6795 1020 3468 9640 1460 2361 8148 7438 1971 5465 6831 9566 837 6210 5550 4855 8208 3917 3714 2043 8311 4952 3737 1532 1577 4438 7019 9900 6303 6929 550 3687 6389 896 5764 4523 347 6166 924 3870 7284 4379 6354 7772 4288 1769 4190 3087 622 459 5846 5619 5630 4090 7830 1190 2959 1860 97 2795 7201 3929 5157 634 5766 9001 5138 7173 2341 2350 5250 1814 5423 4512 4430 1897 9166 698 4503 7332 4727 7478 3869 6160 852 5144 9960 1642 7527 6624 1140 3699 9193 4667 2526 6904 2743 8297 5990 3552 7892 568 8211 267 8857 3009 3833 6516 7025 6939 5964 273 253 8988 5361 2632 8795 5388 412 3583 1217 2443 7831 8971 9216 6055 9197 2135 7801 538 9589 7606 780 1690 5021 8727 6980 9677 8307 9459 5216 6665 2149 7847 551 6678 346 2585 8950 6836 2642 5500 6486 5449 4006 4727 6246 9903 2182 6067 9547 6988 7252 5189 5416 571 3431 4318 1028 5905 1374 6542 4747 7547 5585 7061 2984 8340 6861 9209 1333 4827 6382 9949 2751 1546 5434 4426 9215 3626 5973 7960 4826 1551 8724 5934 9452
9452 5934 8724 1551 4826 7960 5973 3626 9215 4426 5434 1546 2751 9949 6382 4827 1333 9209 6861 8340 2984 7061 5585 7547 4747 6542 1374 5905 1028 4318 3431 571 5416 5189 7252 6988 9547 6067 2182 9903 6246 4727 4006 5449 6486 5500 2642 6836 8950 2585 346 6678 551 7847 2149 6665 5216 9459 8307 9677 6980 8727 5021 1690 780 7606 9589 538 7801 2135 9197 6055 9216 8971 7831 2443 1217 3583 412 5388 8795 2632 5361 8988 253 273 5964 6939 7025 6516 3833 3009 8857 267 8211 568 7892 3552 5990 8297 2743 6904 2526 4667 9193 3699 1140 6624 7527 1642 9960 5144 852 6160 3869 7478 4727 7332 4503 698 9166 1897 4430 4512 5423 1814 5250 2350 2341 7173 5138 9001 5766 634 5157 3929 7201 2795 97 1860 2959 1190 7830 4090 5630 5619 5846 459 622 3087 4190 1769 4288 7772 6354 4379 7284 3870 924 6166 347 4523 5764 896 6389 3687 550 6929 6303 9900 7019 4438 1577 1532 3737 4952 8311 2043 3714 3917 8208 4855 5550 6210 837 9566 6831 5465 1971 7438 8148 2361 1460 9640 3468 1020 6795 2214 4448 5725 5826 5169 482 6609 2831 2797 5354 9168 4347 9522 7101 4972 8129 2049 3977 6749 132 3008 4953 3489 1584 4502 9762 5624 247 2782 6096 5509 7407 3402 6864 9791 3771 397 8998 2484 432 665 8517 1796 3214 1756 2650 6361 9504 6558 8489 5212 8940 304 4463 4951 5722 2846 940 4203 7848 397 7864 2772 3436 8993 4761 8197 4564 782 9140 4105 9862 2459 6441 4986 1657 8179 9629 5654 1591 9916 1488 5691 8035 5435 9666 2243 558 3510 5676 1497 6017 6262 1948 9020 5799 7101 3530 8587 784 3922 876 3050 9577 9732 8753 9070 7811 3445 5849 996 247 974 3719 8971 6101 5700 163 5522 3692 1822 972 7226 1685 1449 5349 590 9203 9916 5097 5539 4565 6978 4916 9238 2497 8274 7229 8654 9715 7 1589 6268 4019 736 332 2466 7068 3888 221 3772 9139 8859 127 4354 4217 4162 7367 3629 9247 8191 3597 5580 9681 4926 6845 1557 5550 6187 5038 8522 4930 106 8673 2692 8153 297 6354 9606 7286 9533 8663 4577 2977 864 8932 7097 2455 216 4180 5508 2214 9988 5569 7372 9503 2671 6897 169 149 7628 9900 9744 1887 5094 6359 8946 8718 5517 2033 970 5795 6819 239 8296 6991 9969 7273 5595 9535 1894 8457 2910 5669 3193 4122 9099 7244 3073 5548 8003 8508 424 6539 7364 4566 4279 6019 9296 4129 243 5163 4754 1771 3951 174 6246 2221 9969 8680 2608 7910 4614 8850 672 9473 8224 9607 5935 378 26 6571 2095 1459 466 8533 5857 5266 5140 7235 5905 7148 9378 6002 2169 5926 2300 5243 9483 5153 4217 8106 1205 4262 3466 8984 6598 1461 5819 8415 104 5729 2551 9190 2649 1430 3106 5020 55 5592 1616 8351 4154 2361 9291 8361 6727 5646 106 1661 8494 359 110 4688 8536 2061 6928 129 2259 4058 9436 6685 1472 525 9182 2908 75 5282 2886 8490 4761 6306 5554 2712 8237 5824 6754 439 3296 2235 1243 2780 8145 171 1032 5368 8673 6908 8699 1637 41 304 9378 7223 3592 9611 1801 6865 812 3901 3303 9936 6563 9999 5657 2582 9438 2770 1444 3920 6625 2442 1794 8746 4718 5032 7811 7299 4506 3840 5706 5962 2867 3620 657 1506 4833 305 9219 8135 8345 2492 117 9610 2451 9956 1675 5838 8281 443 8015 9461 8070 9541 7767 2524 4084 8964 7569 8204 9255 6131 8958 5098 559 3263 5955 4348 323 9348 7347 1301 8215 3862 1442 8406 7428 8986 8044 7946 4247 2593 9416 8495 4177 9934 9882 7699 2967 5150 1756 3216 6517 9730 6618 8274 2063 6240 350 1395 7232 7790 3286 9865 6913 234 6990 7654 8681 9798 7608 6452 4530 2685 9213 9296 100 9652 5992 6541 6006 1527 7285 9740 2435 8570 7916 5801 5390 295 4964 9779 5649 2070 8444 3621 266 4811 1852 4922 1262 1649 9240 4128 3324 9375 3695 9030 4915 5164 7962 1850 217 2213 2426 2332 82 1942 6602 9074 6564 2424 4834 4312 8507 7189 1427 1227 4895 3479 9320 5761 1463 7535 5748 9177 874 731 6781 7884 898 36 6860 2500 3283 7668 1572 2629 9153 4106 5040 5491 4439 9725 6810 3851 6884 5097 1211 3596 7192 9592 820 1742 9520 7908 9547 4425 5180 1076 2100 1092 1232 7627 4700 7882 1358 602 5298 7929 7261 5508 9321 633 8577 952 7667 8830 1972 8777 198 695 1967 7654 6142 4906 8704 1150 5667 4137 4688 4821 4994 7101 8108 6860 9191 4969 7343 4028 1012 236 8920 8213 647 917 6075 8471 1670 777 9554 9939 5154 9909 1199 4738 6621 3690 7712 6520 7422 1117 1189 2870 7489 71 9888 3023 8141 1007 7674 6279 9186 9693 5937 5242 5117 5898 7189 9003 4419 3225 833 3081 1296 1139 6928 6852 7193 9186 7853 2064 4035 6308 5921 9659 7495 6381 233 6441 4478 581 3507 3349 1971 1965 8457 1616 113 3273 5712 4307 2154 3035 6807 3610 4981 3236 8197 5272 2815 9854 8070 7146 2692 2543 5926 7869 2129 3375 1403 4713 1881 3107 7783 4308 8341 1659 6595 7946 6523 5908 4758 921 1698 7088 5058 6041 7921 9893 4077 2483 8339 6819 6013 610 5919 6491 6106 2091 7779 2298 1007 4872 4588 5511 1351 4595 1454 9489 5741 9475 3381 8115 4086 6041 5679 2472 9973 8397 3498 9493 7800 7400 1059 6290 6519 107 5954 2637 8277 3826 7398 1117 8838 506 3454 7170 2387 1948 339 8985 2522 331 83 2185 6079 7226 3004 1683 2136 2267 7120 2235 6182 3724 6259 1351 9995 5252 2433 4420 3639 2759 8183 2888 6450 6062 1686 1509 1257 6717 4741 4405 3394 5985 9263 7654 116 5931 3328 6954 6069 4735 1517 3461 7086 1829 3172 1612 7756 7107 420 825 3069 713 2811 5679 1493 5410 2489 8144 3426 354 9853 6799 8236 4958 9106 4920 2259 1095 3469 3644 3441 8286 1576 4540 7868 9341 2680 2200 2510 5531 5937 4457 6363 99 7514 232 8039 6198 1335 8502 4261 2922 2937 2862 7089 1025 945 1511 4118 5694 2754 4607 8542 3216 9398 8119 8739 5183 8043 3008 1358 4750 4002 1481 2438 453 886 6205 9789 7138 8062 999 8682 8267 7659 6590 9266 113 1629 7994 2744 3464 9804 4513 7995 5945 5569 8845 3479 8071 3579 4159 9752 7245 3912 8704 3697 3969 4471 5769 9106 4418 1915 5441 1064 1449 6118 2894 7098 2309 3422 9527 3191 3139 2834 9014 2573 8590 5332 3528 1494 7313 7114 5684 1765 6929 1405 2811 9740 9772 3329 765 1690 5768 3563 8966 860 5397 6394 3478 7905 7033 2721 5941 9913 8635 3250 9587 6603 2027 4708 7227 8782 9913 5759 3001 1356 8723 6348 9157 2912 1803 2678 2579 9300 7773 7008 8218 4552 648 5082 5533 510 3095 1201 2003 5294 3328 5501 7148 2574 894 6425 7943 9882 2145 8542 8796 9190 7641 3460 5202 5399 8335 5944 2390 9991 5536 3125 6324 8648 3004 1083 2857 239 3912 789 3512 4637 6793 8714 2906 9046 1618 3637 3923 7094 9057 599 8206 6589 3794 4194 6396 7318 4486 2676 5792 409 5736 5832 9341 5785 8903 886 8245 2872 1401 4479 7013 9746 4767 8685 8726 6936 7146 1204 4512 6264 4103 4394 2481 735 2807 8963 9071 6008 8965 3492 4922 5244 1656 223 1936 8147 4311 2878 5110 5343 6231 7356 3091 2023 4734 1155 6656 7376 1242 961 7384 4634 3544 5766 1602 5018 6156 7660 1661 5093 883 7958 5560 8389 5314 7368 3741 7689 3990 5108 5965 1990 5139 2443 15 7430 1324 573 3040 3510 4110 8460 6910 248 1625 5799 9908 9783 2194 453 2384 6122 8443 5358 6953 7899 2408 3380 2343 2641 4731 4923 6841 5925 2237 6798 6987 1253 7432 8142 9368 7553 985 7550 610 2338 6549 9842 2158 2214 4955 6118 5526 7849 9226 1634 928 6272 1068 7367 8941 1972 316 6129 1405 9538 1291 7515 1068 4511 9663 6562 5123 6866 3181 1627 3724 11 6901 6192 5106 7031 5779 988 8517 8479 2684 4206 4094 9665 6995 7517 4688 3416 2113 1120 5825 396 8532 2722 6402 6971 2980 65 2778 3955 1430 3452 6103 4562 8401 801 3802 5917 2350 171 4601 8590 5236 8099 2801 4612 2851 7042 5908 1668 5522 1441 1040 6031 4979 9191 816 7266 9557 420 9454 6606 3372 3990 7488 9638 9868 5358 6800 3797 5375 1882 8393 2226 131 5223 6176 235 6184 7712 8827 7146 2573 517 7842 4424 7343 3830 4279 4908 1151 9170 9678 7010 5165 4841 4835 9555 8984 9065 6402 6940 7377 9139 5565 2436 590 3468 6431 6133 5724 4842 8506 8280 3368 2844 1601 3926 5982 9981 55 7027 3377 2062 2718 8478 3436 4809 1892 3865 1638 5601 7546 6208 2855 573 2067 2334 6860 8170 7497 3441 11 500 2195 2993 5016 2667 2351 6243 5500 6420 6415 592 2187 9970 2386 5088 9307 8668 348 2597 2872 3389 4646 5173 7591 706 6833 7570 5210 2356 7575 3828 671 8049 2376 9441 6120 7447 5783 2142 2816 41 8585 9079 7333 3188 2365 8961 414 8020 5541 4188 40 7832 5375 5877 7938 1362 4135 175 5280 4819 9335 7356 7994 1744 4867 4412 9731 8294 7806 7867 936 3821 2921 9695 1938 2101 690 9630 7955 8946 881 6846 4993 3232 7750 5037 137 2363 3586 4120 5028 7860 9899 9387 3317 9210 3067 3161 4381 5264 5061 3160 4011 6532 408 2299 6730 8770 8386 3719 9438 1631 5060 8713 7339 7369 8179 716 3865 5267 441 6564 2145 4363 994 106 1559 7753 8060 1074 4887 754 5334 1961 9567 8338 7698 1261 6729 6086 4225 5993 7376 9451 5747 548 8219 5711 2441 9889 4636 3844 2812 431 1036 5962 3538 3642 3853 3023 6000 1602 1565 5322 5978 6257 9952 8156 2513 2737 8208 3559 53 4683 8696 370 7351 7828 512 442 8648 3383 7294 9094 3417 7435 8711 1967 3411 1685 7651 9164 6734 765 3195 8368 1795 3261 5790 9970 8850 6626 363 6004 7808 2026 5839 3877 3576 2457 9771 1545 6792 8440 9293 233 25 2796 948 9285 4189 9240 4159 4437 8715 7196 1163 325 7307 1050 641 2037 662 9813 8163 5587 6012 4155 435 4484 6625 2687 6803 4199 7172 8537 256 9436 4410 775 7839 5325 6594 5437 8035 8394 3360 9310 5159 8347 611 8586 4867 2030 4161 1212 1888 7108 293 2541 85 1916 4191 9989 1214 4194 1999 25 8187 1309 5121 8444 6109 5912
5912 6109 8444 5121 1309 8187 25 1999 4194 1214 9989 4191 1916 85 2541 293 7108 1888 1212 4161 2030 4867 8586 611 8347 5159 9310 3360 8394 8035 5437 6594 5325 7839 775 4410 9436 256 8537 7172 4199 6803 2687 6625 4484 435 4155 6012 5587 8163 9813 662 2037 641 1050 7307 325 1163 7196 8715 4437 4159 9240 4189 9285 948 2796 25 233 9293 8440 6792 1545 9771 2457 3576 3877 5839 2026 7808 6004 363 6626 8850 9970 5790 3261 1795 8368 3195 765 6734 9164 7651 1685 3411 1967 8711 7435 3417 9094 7294 3383 8648 442 512 7828 7351 370 8696 4683 53 3559 8208 2737 2513 8156 9952 6257 5978 5322 1565 1602 6000 3023 3853 3642 3538 5962 1036 431 2812 3844 4636 9889 2441 5711 8219 548 5747 9451 7376 5993 4225 6086 6729 1261 7698 8338 9567 1961 5334 754 4887 1074 8060 7753 1559 106 994 4363 2145 6564 441 5267 3865 716 8179 7369 7339 8713 5060 1631 9438 3719 8386 8770 6730 2299 408 6532 4011 3160 5061 5264 4381 3161 3067 9210 3317 9387 9899 7860 5028 4120 3586 2363 137 5037 7750 3232 4993 6846 881 8946 7955 9630 690 2101 1938 9695 2921 3821 936 7867 7806 8294 9731 4412 4867 1744 7994 7356 9335 4819 5280 175 4135 1362 7938 5877 5375 7832 40 4188 5541 8020 414 8961 2365 3188 7333 9079 8585 41 2816 2142 5783 7447 6120 9441 2376 8049 671 3828 7575 2356 5210 7570 6833 706 7591 5173 4646 3389 2872 2597 348 8668 9307 5088 2386 9970 2187 592 6415 6420 5500 6243 2351 2667 5016 2993 2195 500 11 3441 7497 8170 6860 2334 2067 573 2855 6208 7546 5601 1638 3865 1892 4809 3436 8478 2718 2062 3377 7027 55 9981 5982 3926 1601 2844 3368 8280 8506 4842 5724 6133 6431 3468 590 2436 5565 9139 7377 6940 6402 9065 8984 9555 4835 4841 5165 7010 9678 9170 1151 4908 4279 3830 7343 4424 7842 517 2573 7146 8827 7712 6184 235 6176 5223 131 2226 8393 1882 5375 3797 6800 5358 9868 9638 7488 3990 3372 6606 9454 420 9557 7266 816 9191 4979 6031 1040 1441 5522 1668 5908 7042 2851 4612 2801 8099 5236 8590 4601 171 2350 5917 3802 801 8401 4562 6103 3452 1430 3955 2778 65 2980 6971 6402 2722 8532 396 5825 1120 2113 3416 4688 7517 6995 9665 4094 4206 2684 8479 8517 988 5779 7031 5106 6192 6901 11 3724 1627 3181 6866 5123 6562 9663 4511 1068 7515 1291 9538 1405 6129 316 1972 8941 7367 1068 6272 928 1634 9226 7849 5526 6118 4955 2214 2158 9842 6549 2338 610 7550 985 7553 9368 8142 7432 1253 6987 6798 2237 5925 6841 4923 4731 2641 2343 3380 2408 7899 6953 5358 8443 6122 2384 453 2194 9783 9908 5799 1625 248 6910 8460 4110 3510 3040 573 1324 7430 15 2443 5139 1990 5965 5108 3990 7689 3741 7368 5314 8389 5560 7958 883 5093 1661 7660 6156 5018 1602 5766 3544 4634 7384 961 1242 7376 6656 1155 4734 2023 3091 7356 6231 5343 5110 2878 4311 8147 1936 223 1656 5244 4922 3492 8965 6008 9071 8963 2807 735 2481 4394 4103 6264 4512 1204 7146 6936 8726 8685 4767 9746 7013 4479 1401 2872 8245 886 8903 5785 9341 5832 5736 409 5792 2676 4486 7318 6396 4194 3794 6589 8206 599 9057 7094 3923 3637 1618 9046 2906 8714 6793 4637 3512 789 3912 239 2857 1083 3004 8648 6324 3125 5536 9991 2390 5944 8335 5399 5202 3460 7641 9190 8796 8542 2145 9882 7943 6425 894 2574 7148 5501 3328 5294 2003 1201 3095 510 5533 5082 648 4552 8218 7008 7773 9300 2579 2678 1803 2912 9157 6348 8723 1356 3001 5759 9913 8782 7227 4708 2027 6603 9587 3250 8635 9913 5941 2721 7033 7905 3478 6394 5397 860 8966 3563 5768 1690 765 3329 9772 9740 2811 1405 6929 1765 5684 7114 7313 1494 3528 5332 8590 2573 9014 2834 3139 3191 9527 3422 2309 7098 2894 6118 1449 1064 5441 1915 4418 9106 5769 4471 3969 3697 8704 3912 7245 9752 4159 3579 8071 3479 8845 5569 5945 7995 4513 9804 3464 2744 7994 1629 113 9266 6590 7659 8267 8682 999 8062 7138 9789 6205 886 453 2438 1481 4002 4750 1358 3008 8043 5183 8739 8119 9398 3216 8542 4607 2754 5694 4118 1511 945 1025 7089 2862 2937 2922 4261 8502 1335 6198 8039 232 7514 99 6363 4457 5937 5531 2510 2200 2680 9341 7868 4540 1576 8286 3441 3644 3469 1095 2259 4920 9106 4958 8236 6799 9853 354 3426 8144 2489 5410 1493 5679 2811 713 3069 825 420 7107 7756 1612 3172 1829 7086 3461 1517 4735 6069 6954 3328 5931 116 7654 9263 5985 3394 4405 4741 6717 1257 1509 1686 6062 6450 2888 8183 2759 3639 4420 2433 5252 9995 1351 6259 3724 6182 2235 7120 2267 2136 1683 3004 7226 6079 2185 83 331 2522 8985 339 1948 2387 7170 3454 506 8838 1117 7398 3826 8277 2637 5954 107 6519 6290 1059 7400 7800 9493 3498 8397 9973 2472 5679 6041 4086 8115 3381 9475 5741 9489 1454 4595 1351 5511 4588 4872 1007 2298 7779 2091 6106 6491 5919 610 6013 6819 8339 2483 4077 9893 7921 6041 5058 7088 1698 921 4758 5908 6523 7946 6595 1659 8341 4308 7783 3107 1881 4713 1403 3375 2129 7869 5926 2543 2692 7146 8070 9854 2815 5272 8197 3236 4981 3610 6807 3035 2154 4307 5712 3273 113 1616 8457 1965 1971 3349 3507 581 4478 6441 233 6381 7495 9659 5921 6308 4035 2064 7853 9186 7193 6852 6928 1139 1296 3081 833 3225 4419 9003 7189 5898 5117 5242 5937 9693 9186 6279 7674 1007 8141 3023 9888 71 7489 2870 1189 1117 7422 6520 7712 3690 6621 4738 1199 9909 5154 9939 9554 777 1670 8471 6075 917 647 8213 8920 236 1012 4028 7343 4969 9191 6860 8108 7101 4994 4821 4688 4137 5667 1150 8704 4906 6142 7654 1967 695 198 8777 1972 8830 7667 952 8577 633 9321 5508 7261 7929 5298 602 1358 7882 4700 7627 1232 1092 2100 1076 5180 4425 9547 7908 9520 1742 820 9592 7192 3596 1211 5097 6884 3851 6810 9725 4439 5491 5040 4106 9153 2629 1572 7668 3283 2500 6860 36 898 7884 6781 731 874 9177 5748 7535 1463 5761 9320 3479 4895 1227 1427 7189 8507 4312 4834 2424 6564 9074 6602 1942 82 2332 2426 2213 217 1850 7962 5164 4915 9030 3695 9375 3324 4128 9240 1649 1262 4922 1852 4811 266 3621 8444 2070 5649 9779 4964 295 5390 5801 7916 8570 2435 9740 7285 1527 6006 6541 5992 9652 100 9296 9213 2685 4530 6452 7608 9798 8681 7654 6990 234 6913 9865 3286 7790 7232 1395 350 6240 2063 8274 6618 9730 6517 3216 1756 5150 2967 7699 9882 9934 4177 8495 9416 2593 4247 7946 8044 8986 7428 8406 1442 3862 8215 1301 7347 9348 323 4348 5955 3263 559 5098 8958 6131 9255 8204 7569 8964 4084 2524 7767 9541 8070 9461 8015 443 8281 5838 1675 9956 2451 9610 117 2492 8345 8135 9219 305 4833 1506 657 3620 2867 5962 5706 3840 4506 7299 7811 5032 4718 8746 1794 2442 6625 3920 1444 2770 9438 2582 5657 9999 6563 9936 3303 3901 812 6865 1801 9611 3592 7223 9378 304 41 1637 8699 6908 8673 5368 1032 171 8145 2780 1243 2235 3296 439 6754 5824 8237 2712 5554 6306 4761 8490 2886 5282 75 2908 9182 525 1472 6685 9436 4058 2259 129 6928 2061 8536 4688 110 359 8494 1661 106 5646 6727 8361 9291 2361 4154 8351 1616 5592 55 5020 3106 1430 2649 9190 2551 5729 104 8415 5819 1461 6598 8984 3466 4262 1205 8106 4217 5153 9483 5243 2300 5926 2169 6002 9378 7148 5905 7235 5140 5266 5857 8533 466 1459 2095 6571 26 378 5935 9607 8224 9473 672 8850 4614 7910 2608 8680 9969 2221 6246 174 3951 1771 4754 5163 243 4129 9296 6019 4279 4566 7364 6539 424 8508 8003 5548 3073 7244 9099 4122 3193 5669 2910 8457 1894 9535 5595 7273 9969 6991 8296 239 6819 5795 970 2033 5517 8718 8946 6359 5094 1887 9744 9900 7628 149 169 6897 2671 9503 7372 5569 9988 2214 5508 4180 216 2455 7097 8932 864 2977 4577 8663 9533 7286 9606 6354 297 8153 2692 8673 106 4930 8522 5038 6187 5550 1557 6845 4926 9681 5580 3597 8191 9247 3629 7367 4162 4217 4354 127 8859 9139 3772 221 3888 7068 2466 332 736 4019 6268 1589 7 9715 8654 7229 8274 2497 9238 4916 6978 4565 5539 5097 9916 9203 590 5349 1449 1685 7226 972 1822 3692 5522 163 5700 6101 8971 3719 974 247 996 5849 3445 7811 9070 8753 9732 9577 3050 876 3922 784 8587 3530 7101 5799 9020 1948 6262 6017 1497 5676 3510 558 2243 9666 5435 8035 5691 1488 9916 1591 5654 9629 8179 1657 4986 6441 2459 9862 4105 9140 782 4564 8197 4761 8993 3436 2772 7864 397 7848 4203 940 2846 5722 4951 4463 304 8940 5212 8489 6558 9504 6361 2650 1756 3214 1796 8517 665 432 2484 8998 397 3771 9791 6864 3402 7407 5509 6096 2782 247 5624 9762 4502 1584 3489 4953 3008 132 6749 3977 2049 8129 4972 7101 9522 4347 9168 5354 2797 2831 6609 482 5169 5826 5725 4448 2214 6795 1020 3468 9640 1460 2361 8148 7438 1971 5465 6831 9566 837 6210 5550 4855 8208 3917 3714 2043 8311 4952 3737 1532 1577 4438 7019 9900 6303 6929 550 3687 6389 896 5764 4523 347 6166 924 3870 7284 4379 6354 7772 4288 1769 4190 3087 622 459 5846 5619 5630 4090 7830 1190 2959 1860 97 2795 7201 3929 5157 634 5766 9001 5138 7173 2341 2350 5250 1814 5423 4512 4430 1897 9166 698 4503 7332 4727 7478 3869 6160 852 5144 9960 1642 7527 6624 1140 3699 9193 4667 2526 6904 2743 8297 5990 3552 7892 568 8211 267 8857 3009 3833 6516 7025 6939 5964 273 253 8988 5361 2632 8795 5388 412 3583 1217 2443 7831 8971 9216 6055 9197 2135 7801 538 9589 7606 780 1690 5021 8727 6980 9677 8307 9459 5216 6665 2149 7847 551 6678 346 2585 8950 6836 2642 5500 6486 5449 4006 4727 6246 9903 2182 6067 9547 6988 7252 5189 5416 571 3431 4318 1028 5905 1374 6542 4747 7547 5585 7061 2984 8340 6861 9209 1333 4827 6382 9949 2751 1546 5434 4426 9215 3626 5973 7960 4826 1551 8724 5934 9452
