822
NOT_FOUND
NOT_FOUND
825
825
825
NOT_FOUND
6673
824
170
5611
NOT_FOUND
8227
4172
3188
8806
907
9462
201
5926
832
2175
NOT_FOUND
833
NOT_FOUND
833
9031
7091
9212
9821
829
7886
NOT_FOUND
8893
827
7517
2091
9983
1225
5046
6922
NOT_FOUND
733
6513
3370
NOT_FOUND
4135
2442
NOT_FOUND
9931
3474
819
820
643
NOT_FOUND
821
821
9783
821
4097
820
4551
422
2884
5295
5044
816
6027
NOT_FOUND
437
NOT_FOUND
NOT_FOUND
NOT_FOUND
818
4618
NOT_FOUND
3991
1888
816
3281
NOT_FOUND
4172
6369
NOT_FOUND
2861
5997
813
813
4425
NOT_FOUND
7797
5444
816
7809
818
NOT_FOUND
819
NOT_FOUND
NOT_FOUND
NOT_FOUND
820
9464
819
NOT_FOUND
NOT_FOUND
819
4879
3466
5535
NOT_FOUND
4301
717
4693
959
3778
798
390
NOT_FOUND
4043
820
822
NOT_FOUND
6191
2707
820
6078
8342
7921
818
NOT_FOUND
818
82
6620
7131
NOT_FOUND
NOT_FOUND
6284
815
3128
NOT_FOUND
546
815
4116
815
6765
6329
NOT_FOUND
421
6260
NOT_FOUND
3480
1268
812
NOT_FOUND
3485
7826
6258
NOT_FOUND
6937
NOT_FOUND
NOT_FOUND
NOT_FOUND
2618
5301
7209
816
5782
818
6778
1957
8997
NOT_FOUND
NOT_FOUND
818
NOT_FOUND
3408
6344
NOT_FOUND
6875
NOT_FOUND
16
NOT_FOUND
348
5226
615
7892
7579
9853
817
817
580
NOT_FOUND
9264
237
816
NOT_FOUND
9504
817
NOT_FOUND
NOT_FOUND
1853
NOT_FOUND
NOT_FOUND
NOT_FOUND
823
824
2735
8970
5982
46
NOT_FOUND
822
NOT_FOUND
NOT_FOUND
824
NOT_FOUND
NOT_FOUND
824
NOT_FOUND
9256
569
9143
2682
NOT_FOUND
4826
822
823
NOT_FOUND
823
823
5584
1
822
4968
821
NOT_FOUND
822
824
825
826
6838
156
NOT_FOUND
1023
1758
3508
4678
8463
4294
4521
7449
NOT_FOUND
822
NOT_FOUND
229
NOT_FOUND
9083
6953
NOT_FOUND
NOT_FOUND
2962
1381
823
5029
3956
251
4072
4156
903
8314
822
NOT_FOUND
NOT_FOUND
6227
NOT_FOUND
6872
7908
NOT_FOUND
8527
824
824
NOT_FOUND
7351
NOT_FOUND
NOT_FOUND
315
822
8583
1871
4087
NOT_FOUND
5166
NOT_FOUND
4099
820
822
1708
3706
8091
717
4085
4735
6002
8054
2998
9878
2020
816
NOT_FOUND
3753
1572
NOT_FOUND
814
1638
814
814
8373
5772
7374
812
3512
NOT_FOUND
9810
1980
814
NOT_FOUND
NOT_FOUND
NOT_FOUND
6688
NOT_FOUND
814
816
NOT_FOUND
NOT_FOUND
816
NOT_FOUND
NOT_FOUND
NOT_FOUND
NOT_FOUND
821
1973
5501
7657
8963
NOT_FOUND
3764
6311
7945
1492
819
4399
1629
NOT_FOUND
1225
1181
7007
4160
NOT_FOUND
9219
8748
815
739
7234
815
8510
NOT_FOUND
4096
469
812
812
8071
258
813
NOT_FOUND
813
7054
2887
46
1471
NOT_FOUND
7563
2350
100
809
NOT_FOUND
8087
7935
8148
810
4927
NOT_FOUND
2540
2889
8184
NOT_FOUND
1532
7693
554
808
8837
808
2808
1753
810
770
810
3437
810
810
NOT_FOUND
NOT_FOUND
2772
811
NOT_FOUND
811
9978
810
810
NOT_FOUND
8656
809
NOT_FOUND
8983
810
2311
6145
2401
4242
NOT_FOUND
NOT_FOUND
5268
2209
1094
8506
8016
NOT_FOUND
808
NOT_FOUND
4041
2603
5021
806
NOT_FOUND
6884
NOT_FOUND
NOT_FOUND
NOT_FOUND
8179
5061
805
271
NOT_FOUND
8882
3118
130
805
2066
805
4130
3187
9208
NOT_FOUND
803
4650
802
1079
802
7761
802
678
242
801
5779
NOT_FOUND
801
3299
8970
803
1638
6810
7308
7789
NOT_FOUND
8822
NOT_FOUND
NOT_FOUND
NOT_FOUND
4128
4024
805
807
5131
806
NOT_FOUND
807
8772
NOT_FOUND
4694
NOT_FOUND
807
NOT_FOUND
2382
2366
805
806
900
805
NOT_FOUND
5321
NOT_FOUND
NOT_FOUND
806
807
2466
806
5624
1820
1774
8074
NOT_FOUND
809
7479
NOT_FOUND
6956
NOT_FOUND
178
9412
5890
7208
811
811
7209
810
810
7654
253
9152
3464
8362
2456
3342
NOT_FOUND
NOT_FOUND
805
805
NOT_FOUND
NOT_FOUND
808
1990
743
806
100
4007
NOT_FOUND
9083
6365
39
3300
6595
5073 2268 3984 5380 7088 4931 3123 8656 9933 3570 3527 359 2192 6605 943 1778 7050 9999 8274 1485 9831 3846 1527 3460 8837 1316 3484 1078 9259 1225 5659 2810 3950 6533 3196 7139 7452 9889 857 9969 4375 3061 5455 767 6391 7063 9698 203 3680 2186 7697 5347 8557 1163 6229 3022 642 6119 9012 5542 2257 5257 4816 1616 5125 577 7190 7841 317 3976 827 5 5396 6652 9893 312 3526 123 14 4495 5623 22 3651 9952 7314 4390 4658 3094 9197 8150 1872 9980 6176 9460 8705 7671 7043 5987 9731 5830 160 8399 648 3469 7582 6657 9802 895 3800 909 4723 9900 9660 7625 7755 3389 1025 4981 1643 4741 8283 7194 5754 4387 5723 2240 164 2723 5044 7139 2364 661 2878 9237 2896 726 746 9833 6220 79 19 4348 3045 5723 7184 5602 7517 3835 3984 7699 6953 4263 2832 1589 909 2824 3127 2724 4853 8564 8271 1723 6540 7281 2906 6462 382 139 2583 2524 4426 1551 6888 3742 3447 9871 3915 2948 1441 5521 7553 4843 1842 513 3631 6536 8819 468 339 3282 5216 2373 818 9640 7840 2838 6101 6817 6229 7728 7236 2395 806 9954 6978 7802 7548 9641 5725 8541 1761 3079 5610 8459 1216 1720 3399 1412 9735 9769 9448 9563 1088 7 803 4272 1924 6431 9952 9228 8073 3380 4638 5997 1549 4280 8148 4642 1157 7533 4875 5802 1384 4816 2810 252 7613 8721 5079 2965 6349 7809 9843 4112 3038 4873 1103 65 3780 8574 24 4341 6193 3494 1078 7580 2464 1162 1562 4971 8960 8267 3368 5106 2 7084 8537 7146 2857 62 5651 9372 9066 3292 8566 3586 7132 94 5675 2863 7456 5344 3173 9964 7655 1146 9864 4789 7895 6312 6393 534 2832 3123 8107 9757 9640 3778 5247 3620 8270 9245 4338 939 8616 9703 6827 5861 5769 8087 6401 4405 5184 355 5364 2425 2918 3090 3002 696 1561 4669 4307 1850 5683 6330 1620 2356 2301 3187 3850 6665 4916 2751 223 5282 5202 4527 8383 1754 6983 6539 9889 4551 6640 2883 923 3998 5364 9155 5084 4679 1684 2477 2544 7723 8942 4593 3335 114 5675 7976 7391 3397 2911 358 1677 5368 522 2202 84 8931 1716 3930 1802 1777 4220 8683 8794 3905 9279 2893 4770 3959 8124 6218 6909 5454 4190 9656 9388 3313 8774 1885 6105 5239 8962 6550 6959 8752 8932 3793 7453 4670 8309 5244 9700 4005 8432 1195 6543 3904 8855 9198 4175 2288 6776 8362 1849 6211 599 18 4496 7313 8893 9235 5334 585 598 2547 5883 1767 8081 4481 4609 1480 6159 1762 1917 5061 5822 8333 5940 4073 4944 7136 2248 8652 1879 4168 1081 1163 8314 8857 7361 3200 5541 6862 13 9013 7967 8470 280 3366 6733 17 4172 2758 9203 8464 8344 5942 3314 5269 5191 619 5049 490 3945 3695 1555 7985 6499 5805 1133 2555 1840 7975 7109 5875 8101 6298 4773 8908 9635 6231 5658 5717 3570 4628 9803 3602 7659 1627 6003 994 4682 9309 410 8158 6942 4806 4086 726 4114 7258 619 9240 3921 1394 4667 7287 6504 7134 7555 4634 1120 1234 2423 6474 7152 7856 6682 4044 6886 3269 2122 3880 2202 2211 2719 5164 3906 435 773 3078 5200 8430 3432 4682 3 1426 9365 7925 1550 7894 4560 2618 4701 1870 9212 6744 8028 9277 2307 9446 706 3793 2260 8391 3435 9959 4875 7498 7417 479 5392 7159 4728 86 6220 2647 690 6794 3382 5347 9592 1862 598 8239 8091 8082 2858 8206 7632 3538 9041 1064 4064 2764 1393 1054 943 490 7385 8152 2818 3396 8718 8253 910 382 3275 1075 5930 3528 6081 5313 1892 4181 2074 7453 1578 823 1285 2878 3731 4839 2465 1039 5360 834 2879 6550 7444 5418 7988 8841 719 4886 2810 9761 5212 2778 1510 9515 6361 1322 3528 7317 6567 1440 5094 5303 5113 6764 4669 9548 6927 7956 6906 7578 4529 9926 7028 732 3151 34 7242 3215 1029 9173 156 3177 7014 5039 3986 6421 5478 1989 6449 9472 6913 4905 3982 643 9537 7275 7797 9892 5913 2777 5049 1823 1454 706 1491 252 9576 3605 935 5700 6223 6181 6646 5720 1576 7842 9129 1943 2291 7321 1658 1479 8516 1374 7363 968 2522 3664 8343 6240 2057 2418 7486 3797 2515 1779 3020 217 3689 4752 5040 8527 2479 1942 2467 6810 7840 3496 9015 6684 6630 2382 6902 4815 9088 5950 3079 6005 3045 2732 485 7585 3051 9577 5563 2208 4396 5616 797 2857 7640 1798 6413 9487 1191 6544 7628 3917 8133 2387 9043 1094 9715 1343 1322 7345 4806 3479 1873 2613 2493 4288 7621 2109 8178 96 1338 9115 5305
5073 2268 3984 5380 7088 4931 3123 8656 9933 3570 3527 359 2192 6605 943 1778 7050 9999 8274 1485 9831 3846 1527 3460 8837 1316 3484 1078 9259 1225 5659 2810 3950 6533 3196 7139 7452 9889 857 9969 4375 3061 5455 767 6391 7063 9698 203 3680 2186 7697 5347 8557 1163 6229 3022 642 6119 9012 5542 2257 5257 4816 1616 5125 577 7190 7841 317 3976 827 5 5396 6652 9893 312 3526 123 14 4495 5623 22 3651 9952 7314 4390 4658 3094 9197 8150 1872 9980 6176 9460 8705 7671 7043 5987 9731 5830 160 8399 648 3469 7582 6657 9802 895 3800 909 4723 9900 9660 7625 7755 3389 1025 4981 1643 4741 8283 7194 5754 4387 5723 2240 164 2723 5044 7139 2364 661 2878 9237 2896 726 746 9833 6220 79 19 4348 3045 5723 7184 5602 7517 3835 3984 7699 6953 4263 2832 1589 909 2824 3127 2724 4853 8564 8271 1723 6540 7281 2906 6462 382 139 2583 2524 4426 1551 6888 3742 3447 9871 3915 2948 1441 5521 7553 4843 1842 513 3631 6536 8819 468 339 3282 5216 2373 818 9640 7840 2838 6101 6817 6229 7728 7236 2395 806 9954 6978 7802 7548 9641 5725 8541 1761 3079 5610 8459 1216 1720 3399 1412 9735 9769 9448 9563 1088 7 803 4272 1924 6431 9952 9228 8073 3380 4638 5997 1549 4280 8148 4642 1157 7533 4875 5802 1384 4816 2810 252 7613 8721 5079 2965 6349 7809 9843 4112 3038 4873 1103 65 3780 8574 24 4341 6193 3494 1078 7580 2464 1162 1562 4971 8960 8267 3368 5106 2 7084 8537 7146 2857 62 5651 9372 9066 3292 8566 3586 7132 94 5675 2863 7456 5344 3173 9964 7655 1146 9864 4789 7895 6312 6393 534 2832 3123 8107 9757 9640 3778 5247 3620 8270 9245 4338 939 8616 9703 6827 5861 5769 8087 6401 4405 5184 355 5364 2425 2918 3090 3002 696 1561 4669 4307 1850 5683 6330 1620 2356 2301 3187 3850 6665 4916 2751 223 5282 5202 4527 8383 1754 6983 6539 9889 4551 6640 2883 923 3998 5364 9155 5084 4679 1684 2477 2544 7723 8942 4593 3335 114 5675 7976 7391 3397 2911 358 1677 5368 522 2202 84 8931 1716 3930 1802 1777 4220 8683 8794 3905 9279 2893 4770 3959 8124 6218 6909 5454 4190 9656 9388 3313 8774 1885 6105 5239 8962 6550 6959 8752 8932 3793 7453 4670 8309 5244 9700 4005 8432 1195 6543 3904 8855 9198 4175 2288 6776 8362 1849 6211 599 18 4496 7313 8893 9235 5334 585 598 2547 5883 1767 8081 4481 4609 1480 6159 1762 1917 5061 5822 8333 5940 4073 4944 7136 2248 8652 1879 4168 1081 1163 8314 8857 7361 3200 5541 6862 13 9013 7967 8470 280 3366 6733 17 4172 2758 9203 8464 8344 5942 3314 5269 5191 619 5049 490 3945 3695 1555 7985 6499 5805 1133 2555 1840 7975 7109 5875 8101 6298 4773 8908 9635 6231 5658 5717 3570 4628 9803 3602 7659 1627 6003 994 4682 9309 410 8158 6942 4806 4086 726 4114 7258 619 9240 3921 1394 4667 7287 6504 7134 7555 4634 1120 1234 2423 6474 7152 7856 6682 4044 6886 3269 2122 3880 2202 2211 2719 5164 3906 435 773 3078 5200 8430 3432 4682 3 1426 9365 7925 1550 7894 4560 2618 4701 1870 9212 6744 8028 9277 2307 9446 706 3793 2260 8391 3435 9959 4875 7498 7417 479 5392 7159 4728 86 6220 2647 690 6794 3382 5347 9592 1862 598 8239 8091 8082 2858 8206 7632 3538 9041 1064 4064 2764 1393 1054 943 490 7385 8152 2818 3396 8718 8253 910 382 3275 1075 5930 3528 6081 5313 1892 4181 2074 7453 1578 823 1285 2878 3731 4839 2465 1039 5360 834 2879 6550 7444 5418 7988 8841 719 4886 2810 9761 5212 2778 1510 9515 6361 1322 3528 7317 6567 1440 5094 5303 5113 6764 4669 9548 6927 7956 6906 7578 4529 9926 7028 732 3151 34 7242 3215 1029 9173 156 3177 7014 5039 3986 6421 5478 1989 6449 9472 6913 4905 3982 643 9537 7275 7797 9892 5913 2777 5049 1823 1454 706 1491 252 9576 3605 935 5700 6223 6181 6646 5720 1576 7842 9129 1943 2291 7321 1658 1479 8516 1374 7363 968 2522 3664 8343 6240 2057 2418 7486 3797 2515 1779 3020 217 3689 4752 5040 8527 2479 1942 2467 6810 7840 3496 9015 6684 6630 2382 6902 4815 9088 5950 3079 6005 3045 2732 485 7585 3051 9577 5563 2208 4396 5616 797 2857 7640 1798 6413 9487 1191 6544 7628 3917 8133 2387 9043 1094 9715 1343 1322 7345 4806 3479 1873 2613 2493 4288 7621 2109 8178 96 1338 9115 5305
5305 9115 1338 96 8178 2109 7621 4288 2493 2613 1873 3479 4806 7345 1322 1343 9715 1094 9043 2387 8133 3917 7628 6544 1191 9487 6413 1798 7640 2857 797 5616 4396 2208 5563 9577 3051 7585 485 2732 3045 6005 3079 5950 9088 4815 6902 2382 6630 6684 9015 3496 7840 6810 2467 1942 2479 8527 5040 4752 3689 217 3020 1779 2515 3797 7486 2418 2057 6240 8343 3664 2522 968 7363 1374 8516 1479 1658 7321 2291 1943 9129 7842 1576 5720 6646 6181 6223 5700 935 3605 9576 252 1491 706 1454 1823 5049 2777 5913 9892 7797 7275 9537 643 3982 4905 6913 9472 6449 1989 5478 6421 3986 5039 7014 3177 156 9173 1029 3215 7242 34 3151 732 7028 9926 4529 7578 6906 7956 6927 9548 4669 6764 5113 5303 5094 1440 6567 7317 3528 1322 6361 9515 1510 2778 5212 9761 2810 4886 719 8841 7988 5418 7444 6550 2879 834 5360 1039 2465 4839 3731 2878 1285 823 1578 7453 2074 4181 1892 5313 6081 3528 5930 1075 3275 382 910 8253 8718 3396 2818 8152 7385 490 943 1054 1393 2764 4064 1064 9041 3538 7632 8206 2858 8082 8091 8239 598 1862 9592 5347 3382 6794 690 2647 6220 86 4728 7159 5392 479 7417 7498 4875 9959 3435 8391 2260 3793 706 9446 2307 9277 8028 6744 9212 1870 4701 2618 4560 7894 1550 7925 9365 1426 3 4682 3432 8430 5200 3078 773 435 3906 5164 2719 2211 2202 3880 2122 3269 6886 4044 6682 7856 7152 6474 2423 1234 1120 4634 7555 7134 6504 7287 4667 1394 3921 9240 619 7258 4114 726 4086 4806 6942 8158 410 9309 4682 994 6003 1627 7659 3602 9803 4628 3570 5717 5658 6231 9635 8908 4773 6298 8101 5875 7109 7975 1840 2555 1133 5805 6499 7985 1555 3695 3945 490 5049 619 5191 5269 3314 5942 8344 8464 9203 2758 4172 17 6733 3366 280 8470 7967 9013 13 6862 5541 3200 7361 8857 8314 1163 1081 4168 1879 8652 2248 7136 4944 4073 5940 8333 5822 5061 1917 1762 6159 1480 4609 4481 8081 1767 5883 2547 598 585 5334 9235 8893 7313 4496 18 599 6211 1849 8362 6776 2288 4175 9198 8855 3904 6543 1195 8432 4005 9700 5244 8309 4670 7453 3793 8932 8752 6959 6550 8962 5239 6105 1885 8774 3313 9388 9656 4190 5454 6909 6218 8124 3959 4770 2893 9279 3905 8794 8683 4220 1777 1802 3930 1716 8931 84 2202 522 5368 1677 358 2911 3397 7391 7976 5675 114 3335 4593 8942 7723 2544 2477 1684 4679 5084 9155 5364 3998 923 2883 6640 4551 9889 6539 6983 1754 8383 4527 5202 5282 223 2751 4916 6665 3850 3187 2301 2356 1620 6330 5683 1850 4307 4669 1561 696 3002 3090 2918 2425 5364 355 5184 4405 6401 8087 5769 5861 6827 9703 8616 939 4338 9245 8270 3620 5247 3778 9640 9757 8107 3123 2832 534 6393 6312 7895 4789 9864 1146 7655 9964 3173 5344 7456 2863 5675 94 7132 3586 8566 3292 9066 9372 5651 62 2857 7146 8537 7084 2 5106 3368 8267 8960 4971 1562 1162 2464 7580 1078 3494 6193 4341 24 8574 3780 65 1103 4873 3038 4112 9843 7809 6349 2965 5079 8721 7613 252 2810 4816 1384 5802 4875 7533 1157 4642 8148 4280 1549 5997 4638 3380 8073 9228 9952 6431 1924 4272 803 7 1088 9563 9448 9769 9735 1412 3399 1720 1216 8459 5610 3079 1761 8541 5725 9641 7548 7802 6978 9954 806 2395 7236 7728 6229 6817 6101 2838 7840 9640 818 2373 5216 3282 339 468 8819 6536 3631 513 1842 4843 7553 5521 1441 2948 3915 9871 3447 3742 6888 1551 4426 2524 2583 139 382 6462 2906 7281 6540 1723 8271 8564 4853 2724 3127 2824 909 1589 2832 4263 6953 7699 3984 3835 7517 5602 7184 5723 3045 4348 19 79 6220 9833 746 726 2896 9237 2878 661 2364 7139 5044 2723 164 2240 5723 4387 5754 7194 8283 4741 1643 4981 1025 3389 7755 7625 9660 9900 4723 909 3800 895 9802 6657 7582 3469 648 8399 160 5830 9731 5987 7043 7671 8705 9460 6176 9980 1872 8150 9197 3094 4658 4390 7314 9952 3651 22 5623 4495 14 123 3526 312 9893 6652 5396 5 827 3976 317 7841 7190 577 5125 1616 4816 5257 2257 5542 9012 6119 642 3022 6229 1163 8557 5347 7697 2186 3680 203 9698 7063 6391 767 5455 3061 4375 9969 857 9889 7452 7139 3196 6533 3950 2810 5659 1225 9259 1078 3484 1316 8837 3460 1527 3846 9831 1485 8274 9999 7050 1778 943 6605 2192 359 3527 3570 9933 8656 3123 4931 7088 5380 3984 2268 5073
5305 9115 1338 96 8178 2109 7621 4288 2493 2613 1873 3479 4806 7345 1322 1343 9715 1094 9043 2387 8133 3917 7628 6544 1191 9487 6413 1798 7640 2857 797 5616 4396 2208 5563 9577 3051 7585 485 2732 3045 6005 3079 5950 9088 4815 6902 2382 6630 6684 9015 3496 7840 6810 2467 1942 2479 8527 5040 4752 3689 217 3020 1779 2515 3797 7486 2418 2057 6240 8343 3664 2522 968 7363 1374 8516 1479 1658 7321 2291 1943 9129 7842 1576 5720 6646 6181 6223 5700 935 3605 9576 252 1491 706 1454 1823 5049 2777 5913 9892 7797 7275 9537 643 3982 4905 6913 9472 6449 1989 5478 6421 3986 5039 7014 3177 156 9173 1029 3215 7242 34 3151 732 7028 9926 4529 7578 6906 7956 6927 9548 4669 6764 5113 5303 5094 1440 6567 7317 3528 1322 6361 9515 1510 2778 5212 9761 2810 4886 719 8841 7988 5418 7444 6550 2879 834 5360 1039 2465 4839 3731 2878 1285 823 1578 7453 2074 4181 1892 5313 6081 3528 5930 1075 3275 382 910 8253 8718 3396 2818 8152 7385 490 943 1054 1393 2764 4064 1064 9041 3538 7632 8206 2858 8082 8091 8239 598 1862 9592 5347 3382 6794 690 2647 6220 86 4728 7159 5392 479 7417 7498 4875 9959 3435 8391 2260 3793 706 9446 2307 9277 8028 6744 9212 1870 4701 2618 4560 7894 1550 7925 9365 1426 3 4682 3432 8430 5200 3078 773 435 3906 5164 2719 2211 2202 3880 2122 3269 6886 4044 6682 7856 7152 6474 2423 1234 1120 4634 7555 7134 6504 7287 4667 1394 3921 9240 619 7258 4114 726 4086 4806 6942 8158 410 9309 4682 994 6003 1627 7659 3602 9803 4628 3570 5717 5658 6231 9635 8908 4773 6298 8101 5875 7109 7975 1840 2555 1133 5805 6499 7985 1555 3695 3945 490 5049 619 5191 5269 3314 5942 8344 8464 9203 2758 4172 17 6733 3366 280 8470 7967 9013 13 6862 5541 3200 7361 8857 8314 1163 1081 4168 1879 8652 2248 7136 4944 4073 5940 8333 5822 5061 1917 1762 6159 1480 4609 4481 8081 1767 5883 2547 598 585 5334 9235 8893 7313 4496 18 599 6211 1849 8362 6776 2288 4175 9198 8855 3904 6543 1195 8432 4005 9700 5244 8309 4670 7453 3793 8932 8752 6959 6550 8962 5239 6105 1885 8774 3313 9388 9656 4190 5454 6909 6218 8124 3959 4770 2893 9279 3905 8794 8683 4220 1777 1802 3930 1716 8931 84 2202 522 5368 1677 358 2911 3397 7391 7976 5675 114 3335 4593 8942 7723 2544 2477 1684 4679 5084 9155 5364 3998 923 2883 6640 4551 9889 6539 6983 1754 8383 4527 5202 5282 223 2751 4916 6665 3850 3187 2301 2356 1620 6330 5683 1850 4307 4669 1561 696 3002 3090 2918 2425 5364 355 5184 4405 6401 8087 5769 5861 6827 9703 8616 939 4338 9245 8270 3620 5247 3778 9640 9757 8107 3123 2832 534 6393 6312 7895 4789 9864 1146 7655 9964 3173 5344 7456 2863 5675 94 7132 3586 8566 3292 9066 9372 5651 62 2857 7146 8537 7084 2 5106 3368 8267 8960 4971 1562 1162 2464 7580 1078 3494 6193 4341 24 8574 3780 65 1103 4873 3038 4112 9843 7809 6349 2965 5079 8721 7613 252 2810 4816 1384 5802 4875 7533 1157 4642 8148 4280 1549 5997 4638 3380 8073 9228 9952 6431 1924 4272 803 7 1088 9563 9448 9769 9735 1412 3399 1720 1216 8459 5610 3079 1761 8541 5725 9641 7548 7802 6978 9954 806 2395 7236 7728 6229 6817 6101 2838 7840 9640 818 2373 5216 3282 339 468 8819 6536 3631 513 1842 4843 7553 5521 1441 2948 3915 9871 3447 3742 6888 1551 4426 2524 2583 139 382 6462 2906 7281 6540 1723 8271 8564 4853 2724 3127 2824 909 1589 2832 4263 6953 7699 3984 3835 7517 5602 7184 5723 3045 4348 19 79 6220 9833 746 726 2896 9237 2878 661 2364 7139 5044 2723 164 2240 5723 4387 5754 7194 8283 4741 1643 4981 1025 3389 7755 7625 9660 9900 4723 909 3800 895 9802 6657 7582 3469 648 8399 160 5830 9731 5987 7043 7671 8705 9460 6176 9980 1872 8150 9197 3094 4658 4390 7314 9952 3651 22 5623 4495 14 123 3526 312 9893 6652 5396 5 827 3976 317 7841 7190 577 5125 1616 4816 5257 2257 5542 9012 6119 642 3022 6229 1163 8557 5347 7697 2186 3680 203 9698 7063 6391 767 5455 3061 4375 9969 857 9889 7452 7139 3196 6533 3950 2810 5659 1225 9259 1078 3484 1316 8837 3460 1527 3846 9831 1485 8274 9999 7050 1778 943 6605 2192 359 3527 3570 9933 8656 3123 4931 7088 5380 3984 2268 5073
5073 2268 3984 5380 7088 4931 3123 8656 9933 3570 3527 359 2192 6605 943 1778 7050 9999 8274 1485 9831 3846 1527 3460 8837 1316 3484 1078 9259 1225 5659 2810 3950 6533 3196 7139 7452 9889 857 9969 4375 3061 5455 767 6391 7063 9698 203 3680 2186 7697 5347 8557 1163 6229 3022 642 6119 9012 5542 2257 5257 4816 1616 5125 577 7190 7841 317 3976 827 5 5396 6652 9893 312 3526 123 14 4495 5623 22 3651 9952 7314 4390 4658 3094 9197 8150 1872 9980 6176 9460 8705 7671 7043 5987 9731 5830 160 8399 648 3469 7582 6657 9802 895 3800 909 4723 9900 9660 7625 7755 3389 1025 4981 1643 4741 8283 7194 5754 4387 5723 2240 164 2723 5044 7139 2364 661 2878 9237 2896 726 746 9833 6220 79 19 4348 3045 5723 7184 5602 7517 3835 3984 7699 6953 4263 2832 1589 909 2824 3127 2724 4853 8564 8271 1723 6540 7281 2906 6462 382 139 2583 2524 4426 1551 6888 3742 3447 9871 3915 2948 1441 5521 7553 4843 1842 513 3631 6536 8819 468 339 3282 5216 2373 818 9640 7840 2838 6101 6817 6229 7728 7236 2395 806 9954 6978 7802 7548 9641 5725 8541 1761 3079 5610 8459 1216 1720 3399 1412 9735 9769 9448 9563 1088 7 803 4272 1924 6431 9952 9228 8073 3380 4638 5997 1549 4280 8148 4642 1157 7533 4875 5802 1384 4816 2810 252 7613 8721 5079 2965 6349 7809 9843 4112 3038 4873 1103 65 3780 8574 24 4341 6193 3494 1078 7580 2464 1162 1562 4971 8960 8267 3368 5106 2 7084 8537 7146 2857 62 5651 9372 9066 3292 8566 3586 7132 94 5675 2863 7456 5344 3173 9964 7655 1146 9864 4789 7895 6312 6393 534 2832 3123 8107 9757 9640 3778 5247 3620 8270 9245 4338 939 8616 9703 6827 5861 5769 8087 6401 4405 5184 355 5364 2425 2918 3090 3002 696 1561 4669 4307 1850 5683 6330 1620 2356 2301 3187 3850 6665 4916 2751 223 5282 5202 4527 8383 1754 6983 6539 9889 4551 6640 2883 923 3998 5364 9155 5084 4679 1684 2477 2544 7723 8942 4593 3335 114 5675 7976 7391 3397 2911 358 1677 5368 522 2202 84 8931 1716 3930 1802 1777 4220 8683 8794 3905 9279 2893 4770 3959 8124 6218 6909 5454 4190 9656 9388 3313 8774 1885 6105 5239 8962 6550 6959 8752 8932 3793 7453 4670 8309 5244 9700 4005 8432 1195 6543 3904 8855 9198 4175 2288 6776 8362 1849 6211 599 18 4496 7313 8893 9235 5334 585 598 2547 5883 1767 8081 4481 4609 1480 6159 1762 1917 5061 5822 8333 5940 4073 4944 7136 2248 8652 1879 4168 1081 1163 8314 8857 7361 3200 5541 6862 13 9013 7967 8470 280 3366 6733 17 4172 2758 9203 8464 8344 5942 3314 5269 5191 619 5049 490 3945 3695 1555 7985 6499 5805 1133 2555 1840 7975 7109 5875 8101 6298 4773 8908 9635 6231 5658 5717 3570 4628 9803 3602 7659 1627 6003 994 4682 9309 410 8158 6942 4806 4086 726 4114 7258 619 9240 3921 1394 4667 7287 6504 7134 7555 4634 1120 1234 2423 6474 7152 7856 6682 4044 6886 3269 2122 3880 2202 2211 2719 5164 3906 435 773 3078 5200 8430 3432 4682 3 1426 9365 7925 1550 7894 4560 2618 4701 1870 9212 6744 8028 9277 2307 9446 706 3793 2260 8391 3435 9959 4875 7498 7417 479 5392 7159 4728 86 6220 2647 690 6794 3382 5347 9592 1862 598 8239 8091 8082 2858 8206 7632 3538 9041 1064 4064 2764 1393 1054 943 490 7385 8152 2818 3396 8718 8253 910 382 3275 1075 5930 3528 6081 5313 1892 4181 2074 7453 1578 823 1285 2878 3731 4839 2465 1039 5360 834 2879 6550 7444 5418 7988 8841 719 4886 2810 9761 5212 2778 1510 9515 6361 1322 3528 7317 6567 1440 5094 5303 5113 6764 4669 9548 6927 7956 6906 7578 4529 9926 7028 732 3151 34 7242 3215 1029 9173 156 3177 7014 5039 3986 6421 5478 1989 6449 9472 6913 4905 3982 643 9537 7275 7797 9892 5913 2777 5049 1823 1454 706 1491 252 9576 3605 935 5700 6223 6181 6646 5720 1576 7842 9129 1943 2291 7321 1658 1479 8516 1374 7363 968 2522 3664 8343 6240 2057 2418 7486 3797 2515 1779 3020 217 3689 4752 5040 8527 2479 1942 2467 6810 7840 3496 9015 6684 6630 2382 6902 4815 9088 5950 3079 6005 3045 2732 485 7585 3051 9577 5563 2208 4396 5616 797 2857 7640 1798 6413 9487 1191 6544 7628 3917 8133 2387 9043 1094 9715 1343 1322 7345 4806 3479 1873 2613 2493 4288 7621 2109 8178 96 1338 9115 5305
