1386
7491
4074
NOT_FOUND
1385
8235
3843
1384
7632
709
NOT_FOUND
648
NOT_FOUND
1382
6979
9976
1380
1381
1381
9176
980
NOT_FOUND
1380
1380
1013
NOT_FOUND
8995
1378
3184
NOT_FOUND
NOT_FOUND
22
5728
NOT_FOUND
4023
NOT_FOUND
1384
9471
4160
1383
1383
NOT_FOUND
NOT_FOUND
2310
94
1381
1381
1381
1381
NOT_FOUND
1418
NOT_FOUND
1381
NOT_FOUND
9257
5596
927
3244
1373
1378
1378
6064
1377
1377
1377
700
3544
2251
2624
1374
6100
1373
9009
8529
6837
1372
1372
NOT_FOUND
5405
9893
1371
1371
1372
8544
1371
143
2197
NOT_FOUND
780
631
1369
NOT_FOUND
NOT_FOUND
3091
NOT_FOUND
1184
9547
1366
NOT_FOUND
6783
1366
2221
939
NOT_FOUND
9742
2444
199
6744
4293
1925
1362
NOT_FOUND
NOT_FOUND
4361
6282
NOT_FOUND
NOT_FOUND
3141
1359
226
1358
4463
NOT_FOUND
1360
376
1122
8632
3584
1814
NOT_FOUND
1360
4999
3001
1359
NOT_FOUND
8221
NOT_FOUND
787
3424
1360
NOT_FOUND
NOT_FOUND
6470
7546
1360
6231
5905
1360
1238
692
1506
7376
1356
2535
3968
2860
981
1542
1354
10
5103
9213
1354
9117
8702
6041
1353
1353
1353
7084
NOT_FOUND
1352
318
8128
1352
1352
2958
1351
1351
NOT_FOUND
2704
5915
NOT_FOUND
NOT_FOUND
NOT_FOUND
1351
7638
9994
NOT_FOUND
1349
9046
NOT_FOUND
NOT_FOUND
1349
NOT_FOUND
725
1350
NOT_FOUND
NOT_FOUND
8970
5638
8225
3662
7837
9876
NOT_FOUND
6839
NOT_FOUND
1346
NOT_FOUND
1346
4316
NOT_FOUND
7318
5323
NOT_FOUND
5995
2448
1346
1347
NOT_FOUND
7799
8681
1350
4486
6120
1349
4395
1862
9936
316
8625
5506
1348
3944
NOT_FOUND
4418
NOT_FOUND
7885
2317
9615
NOT_FOUND
207
NOT_FOUND
9147
NOT_FOUND
1353
6651
602
6412
NOT_FOUND
NOT_FOUND
6950
9870
1352
NOT_FOUND
6742
124
5064
1349
405
3641
1348
771
9254
8121
779
NOT_FOUND
2710
1345
1346
1346
NOT_FOUND
3875
3743
3131
3710
5760
NOT_FOUND
4796
8935
3034
4483
9751
NOT_FOUND
NOT_FOUND
1345
NOT_FOUND
NOT_FOUND
4598
1344
3419
1344
NOT_FOUND
NOT_FOUND
NOT_FOUND
NOT_FOUND
2968
NOT_FOUND
3596
1346
NOT_FOUND
NOT_FOUND
4964
NOT_FOUND
4476
NOT_FOUND
1345
936
2415
1370
1342
1342
1343
NOT_FOUND
1344
7560
1343
761
3475
1341
9223
4561
NOT_FOUND
514
NOT_FOUND
3713
1343
2847
1344
NOT_FOUND
NOT_FOUND
NOT_FOUND
2491
2281
3814
1345
4971
8061
982
3795
8292
NOT_FOUND
NOT_FOUND
1345
8067
829
NOT_FOUND
4867
833
NOT_FOUND
1344
6565
1010
3451
NOT_FOUND
4477
NOT_FOUND
NOT_FOUND
2304
1347
1460
2839
1977
6601
1344
NOT_FOUND
NOT_FOUND
4373
2802
NOT_FOUND
4026
NOT_FOUND
31
1344
4986
NOT_FOUND
1344
341
NOT_FOUND
1349
7476
9894
1349
1350
5835
NOT_FOUND
8623
NOT_FOUND
1349
2094
1349
1349
8469
4011
6948
1349
NOT_FOUND
1350
8657
1350
1350
5300
NOT_FOUND
1351
NOT_FOUND
NOT_FOUND
336
NOT_FOUND
1351
851
1352
5413
6674
3085
1216
NOT_FOUND
9755
7864
NOT_FOUND
NOT_FOUND
1354
1356
1552
1305
NOT_FOUND
NOT_FOUND
7280
3805
1358
1358
1359
1359
7539
NOT_FOUND
6795
9094
NOT_FOUND
NOT_FOUND
7186
4995
3920
NOT_FOUND
NOT_FOUND
1360
1360
NOT_FOUND
NOT_FOUND
NOT_FOUND
1360
NOT_FOUND
NOT_FOUND
2134
7110
NOT_FOUND
1563
NOT_FOUND
2109
NOT_FOUND
NOT_FOUND
1365
NOT_FOUND
3611
1365
NOT_FOUND
NOT_FOUND
1365
NOT_FOUND
NOT_FOUND
6685
1365
NOT_FOUND
1368
4604
2228
3454
3387
853
7500
2187
NOT_FOUND
9830
8259
NOT_FOUND
1365
1366
33
1366
1367
9547
5532
7945
7936
6178
1363
NOT_FOUND
720
1754
1361
1362
1364
NOT_FOUND
924
1364
7063
1363
1991
NOT_FOUND
NOT_FOUND
NOT_FOUND
8028
NOT_FOUND
1365
NOT_FOUND
1366
2813
1365
2176
9425
460
961
9239
1364
2409
1223
437
7095
6772
1824
7144
9443
1092
2148
1361
1361
333
7465
2943
NOT_FOUND
8501
1662
1366
1005
NOT_FOUND
1366
6321
1365
NOT_FOUND
5544
6633
1366
4216
9054
7684
6306
NOT_FOUND
350
1366
2783
4741
439
NOT_FOUND
NOT_FOUND
NOT_FOUND
390
2755
1361
NOT_FOUND
1362
1362
1391
1361
9893
1657
NOT_FOUND
954
1361
6642
1360
6694
7276
7180
908
192
9532
NOT_FOUND
1543
7421
6338
NOT_FOUND
1359
4616
8592
6230
5706
NOT_FOUND
NOT_FOUND
8726
8991
NOT_FOUND
1359
533
1361
161
NOT_FOUND
1361
7811
1361
1487
2919
8573
2020
1360
4185
1504
9887
1236
6257
3490
391
955
NOT_FOUND
1360
NOT_FOUND
1361
NOT_FOUND
1362
1362
3178
2380
3947
NOT_FOUND
1363
1363
5264
7583
1361
3920
1360
1426
NOT_FOUND
1208
1364
4764
1364
1364
NOT_FOUND
1364
NOT_FOUND
NOT_FOUND
NOT_FOUND
6002
2466
5210
NOT_FOUND
NOT_FOUND
7623
3197
2719
NOT_FOUND
1366
4666
1366
539
2342
1366
1366
7728
1365
NOT_FOUND
1366
NOT_FOUND
1369
NOT_FOUND
NOT_FOUND
NOT_FOUND
3723
7188
5540
NOT_FOUND
462
633
NOT_FOUND
8905
9751
1369
2430
1368
1368
1369
NOT_FOUND
2053
384
1369
8313
2062
NOT_FOUND
1369
4277
2057
1522
1366
NOT_FOUND
NOT_FOUND
784
2362
1366
2179
4881
NOT_FOUND
1372
139
4341
NOT_FOUND
3205
1376
7544
1376
NOT_FOUND
1741
NOT_FOUND
455
8833
1022
1376
1376
5853
2357
NOT_FOUND
NOT_FOUND
248
8637
8828
1376
1376
9790
4612
1759
1374
1374
NOT_FOUND
1382
8080
1375
9840
NOT_FOUND
1374
4478
5394
2805
737
1373
1373
1374
5132
1375
8418
NOT_FOUND
9453
NOT_FOUND
7847
1374
2301
4343
1372
689
1965
5812
NOT_FOUND
804
1370
5236
1370
NOT_FOUND
NOT_FOUND
5423
NOT_FOUND
1370
3962
980
6227
1370
8577
NOT_FOUND
NOT_FOUND
231
480
1369
259
5428
1367
1368
667
9242
8651
6831
1365
1366
1366
NOT_FOUND
NOT_FOUND
NOT_FOUND
237
1366
7081
4425
NOT_FOUND
3351
NOT_FOUND
4545
1369
3618
9290
7910
1368
5626
2665
8476
NOT_FOUND
9593
1365
NOT_FOUND
1365
2372
NOT_FOUND
1364
397
1364
NOT_FOUND
NOT_FOUND
8308
NOT_FOUND
4173
1364
NOT_FOUND
NOT_FOUND
NOT_FOUND
6159
NOT_FOUND
NOT_FOUND
6130
1368
1369
1369
4774
1368
679
6872
7819
8633
612
4934
1368
1368
5626
9424
1369
1369
6826
786
NOT_FOUND
3779
6686
1370
2851
3082
NOT_FOUND
1369
NOT_FOUND
NOT_FOUND
64
1369
1369
NOT_FOUND
1866
NOT_FOUND
1368
1368
1370
1370
NOT_FOUND
5432
8289
5056
7054
1644
1515
NOT_FOUND
8340
1365
1366
3674
5010
8090
NOT_FOUND
1134
25
8747
2819
1362
NOT_FOUND
NOT_FOUND
4550
3725
1364
NOT_FOUND
6468
1364
8716
126
1364
8843
1363
1363
1011
NOT_FOUND
955
1361
4949
2880
9865
NOT_FOUND
1363
9813
8139
3730
7653
8064
3706
6520
346
6689
3960
NOT_FOUND
3607
3317
5872
1357
995
7182
5578
3828
1356
1357
1357
8197
2309
8772
NOT_FOUND
1356
NOT_FOUND
8550
9960
1709
7859 6748 2572 7437 2585 938 3553 8922 6219 4735 6399 7226 3984 5931 3415 8984 2314 9647 6453 1997 848 8509 244 1549 9083 640 8960 3754 64 1117 68 6449 7041 7583 4378 6661 9573 8176 1259 1515 3321 6481 6364 540 3566 7693 8153 5122 7574 1096 1885 8576 8278 9899 8823 5489 2530 95 7216 8099 8987 2827 4260 5350 6226 9677 8013 4295 3037 7130 6636 2167 879 9582 7856 2704 9350 9477 9596 3336 8058 1269 5696 7022 1302 5247 1441 9221 2966 9284 886 2884 2053 2323 5948 2488 9648 158 4791 4430 3067 5155 4218 517 701 9659 69 539 8830 2530 5391 510 1111 4372 5569 7607 2385 3310 9135 7886 5043 9345 4012 3159 559 3549 3422 4236 9077 3401 7509 1371 5806 8685 6250 3923 1144 5432 2210 2879 7997 4394 5084 6326 6015 5607 5754 4543 6439 1925 1649 9349 1101 5689 6796 4988 6641 7127 3075 44 4721 4776 2047 3045 2036 3648 5162 1790 5907 3151 5761 6268 5937 2252 9990 4782 626 196 3637 1286 6478 8229 9659 6212 9734 9398 544 814 6944 2064 4369 5228 3616 2179 6017 12 615 2215 3044 853 9288 9166 1354 1341 4388 5080 3415 6890 3577 4423 9127 4921 1679 3260 6591 7944 5511 333 5983 7086 88 3274 3508 3155 8846 7222 7404 3344 3110 9114 5446 8348 5585 5124 8629 585 6348 3981 7555 9226 1596 5071 4246 4115 1679 4043 7240 400 2454 1285 6580 446 2390 9244 1166 8929 481 8587 9036 5207 9039 113 1464 1551 2271 8030 7099 9776 1038 4972 2875 6316 802 6000 9712 2454 9901 3785 9052 8327 3758 8130 8330 8174 2554 5853 2517 4902 7759 3325 722 7585 2027 3818 8503 50 8084 4959 5415 7016 4183 9278 8628 8374 3356 5318 3716 9491 8084 2821 5694 3979 7321 6179 1144 3985 7951 2986 256 2817 7448 1424 5232 9720 3984 6363 3820 2663 5518 394 4327 4488 9488 1114 4020 9581 5979 3545 950 9697 9257 8137 9028 4420 882 3529 710 7386 4826 5425 7146 1814 6176 6826 683 2578 1377 8324 5566 6271 5708 9462 1454 5755 9119 941 424 3892 2082 446 9005 6341 2747 8204 7475 4553 9400 5025 927 3333 3880 8405 6493 3231 466 8247 3559 596 3184 8774 8652 907 1893 8141 2689 8237 2990 5027 5415 6292 8367 3563 1411 2309 8877 5006 4454 3383 2708 2001 9039 1386 5694 5979 8134 8874 5521 3050 8283 7007 2577 3036 7574 4544 6221 7749 9661 337 6258 8475 8054 8240 152 8471 3953 2938 4422 5650 8259 1661 6411 6930 2323 8780 4010 7169 1140 5576 4827 3001 8792 4173 5643 5536 3027 8886 2499 9352 7416 9498 6836 9913 5689 397 2975 6925 5247 7612 5024 9928 6605 4872 5155 4366 9995 9011 7165 2693 4990 3503 9501 7435 5257 2164 4499 2065 3003 2047 5417 6957 879 8965 7350 4613 2360 3351 9619 4869 8195 8801 4633 5178 1334 6165 3867 6568 3804 6386 1817 7223 1045 6772 6486 218 3107 439 611 2482 8005 7236 6997 9624 7719 702 642 6753 1319 608 7458 9015 6044 9786 1734 6449 9432 2738 8337 651 4135 7492 8911 955 8426 5876 1974 7769 4409 1251 4741 8854 2228 7671 3840 4785 6504 4523 9076 1912 2896 4790 6485 3099 9070 2857 270 4892 8832 4827 1159 3381 1180 6829 7320 6380 8643 3568 2483 9937 1703 7995 2368 6464 8774 6084 1654 1007 933 1019 8118 2461 5420 610 2517 8523 1117 2561 3893 5083 7673 3526 5107 9285 2860 5770 6585 3972 6169 3621 8410 4478 436 1814 1506 695 9360 6391 3707 8882 1625 3126 5844 9860 1367 7344 1898 2742 1724 3725 3336 3032 2636 9813 4407 4021 2710 6232 5958 2033 173 2875 6985 7881 2905 1887 3821 2898 8054 123 9278 7981 4821 4960 6760 6686 3352 5022 2033 2529 1648 2438 7771 1838 8466 9054 6625 1779 8898 7746 5682 9220 6564 21 7029 6603 7606 4841 9533 4857 3804 6131 6466 517 5744 5887 7884 7265 4443 907 3204 2525 2972 4234 6083 6997 4010 8850 9262 8407 4560 2007 7635 2075 8109 4506 6541 9626 4086 8063 8096 2882 6259 4653 3103 3511 2308 5691 3170 4793 4847 367 9502 5055 285 4086 265 5186 3392 8640 1623 8939 6555 2975 7166 4698 8064 9075 7186 1918 8486 8387 571 9118 7896 8442 3748 3129 5945 1425 3685 2510 792 7127 2583 605 7475 4688 9315 119 8829 6699 6401 6941 5005 7652 5235 2196 1837 6518 9596 3469 4259 4950 1158 4966 7200 3619 9217 7314 86 7512 2151 3976 7468 584 6256 1414 3067 4170 7212 3392 4140 8214 1604 796 6604 9229 1203 4721 2348 5937 8335 9329 5334 3171 2939 102 4620 4301 5998 6089 864 4151 8151 7427 5052 2102 5285 3158 7555 6165 150 8345 5766 3302 3470 5381 5591 258 9844 4434 2026 2105 8199 6877 8932 2577 1063 7281 5260 1270 9994 5828 5411 7846 4044 7990 1305 6278 3012 4523 8147 753 900 7584 1766 2324 9945 9431 1897 37 6541 524 7290 5547 5933 101 7431 15 1232 2003 5403 3518 5602 2258 2551 6633 3582 4201 8034 156 129 1024 6954 7656 7870 9472 1393 8061 836 2502 8812 3737 1019 1502 9429 7707 6444 1781 6655 7907 5350 1944 2834 933 5735 8975 5805 1674 9190 2575 8632 3837 1986 1978 2515 4342 225 8467 8758 8083 473 315 9246 7572 9189 6305 627 6216 2156 6958 2832 4529 5144 3452 2165 2946 2603 4340 2142 8506 6911 3243 3515 6100 1094 8515 3629 3637 7489 9335 1844 8724 9159 3226 8619 6584 7002 3060 1207 5745 5294 3309 9333 3088 6758 6803 7321 8223 7980 3986 5701 4793 7380 6964 8971 4085 8132 5979 228 9330 5501 7980 5773 3191 58 8711 1785 7249 5582 4995 7359 2973 8618 2481 1858 13 168 6712 7452 9223 1294 6356 8497 746 6219 2834 9209 1651 2055 7737 1510 9481 2406 8647 668 5039 4579 6625 3374 2154 4159 8148 5603 7368 3489 692 8912 6817 8190 8834 6704 7373 2338 4138 6664 1163 5609 6631 3063 2845 1711 5843 7058 161 9723 5086 2505 4776 326 6646 781 3180 2970 5961 3570 3377 4459 6585 8416 1282 7304 2261 8767 1609 5178 1184 2368 660 9263 7862 3458 6444 877 174 4630 7303 9701 2166 1721 7050 804 5391 2707 4027 289 143 7462 1282 8794 2563 4908 7551 5206 6768 8439 5503 3379 8630 1143 8523 2193 9984 7079 1949 3083 5 484 266 7090 7407 7243 8210 3023 9699 9373 9895 7482 7992 3131 5168 1226 2896 5801 1210 8236 7060 7675 5274 2961 2634 7009 4424 7314 8535 7061 6800 3205 2791 3519 6476 445 1058 5760 9514 5923 1016 6188 2140 359 4613 379 6787 7084 9211 3429 7421 769 4629 352 7122 5943 6281 2651 4493 5346 2401 6002 1474 154 7188 3619 5795 7792 9792 9791 9984 9738 3387 6345 9974 2259 4608 857 3176 9987 1194 6675 4133 6528 4106 9233 4413 820 5423 3981 4917 5325 5754 2570 7662 4304 9388 4513 3439 6632 760 923 3421 5677 5847 6775 5314 7757 7233 5331 7117 9080 6984 5809 4910 6713 287 3241 202 4548 5089 9444 4946 4448 6088 7813 2663 5273 9876 253 3477 457 2190 411 6253 9679 9642 9791 1092 1039 2627 5648 680 4094 1992 3275 9492 6143 6528 999 6047 7941 3705 5147 7702 5573 1725 9999 7843 2627 6264 2345 9281 3560 1229 7959 8101 1934 7121 7340 7097 1091 2313 3043 2858 6014 5545 406 697 2920 3600 8724 8882 6657 2677 2201 2248 5205 3111 8851 1486 4893 2763 1166 6908 991 6489 8008 3791 4379 9015 2035 7814 730 3183 5341 1267 6767 3021 8199 542 5 5879 9482 5230 4617 4366 1393 1736 6066 4130 1937 9207 3143 5533 6719 2564 9997 2855 4891 8365 262 1454 5027 588 8963 635 9467 6981 136 7427 4717 7457 6545 8483 7516 1779 9511 2910
2910 9511 1779 7516 8483 6545 7457 4717 7427 136 6981 9467 635 8963 588 5027 1454 262 8365 4891 2855 9997 2564 6719 5533 3143 9207 1937 4130 6066 1736 1393 4366 4617 5230 9482 5879 5 542 8199 3021 6767 1267 5341 3183 730 7814 2035 9015 4379 3791 8008 6489 991 6908 1166 2763 4893 1486 8851 3111 5205 2248 2201 2677 6657 8882 8724 3600 2920 697 406 5545 6014 2858 3043 2313 1091 7097 7340 7121 1934 8101 7959 1229 3560 9281 2345 6264 2627 7843 9999 1725 5573 7702 5147 3705 7941 6047 999 6528 6143 9492 3275 1992 4094 680 5648 2627 1039 1092 9791 9642 9679 6253 411 2190 457 3477 253 9876 5273 2663 7813 6088 4448 4946 9444 5089 4548 202 3241 287 6713 4910 5809 6984 9080 7117 5331 7233 7757 5314 6775 5847 5677 3421 923 760 6632 3439 4513 9388 4304 7662 2570 5754 5325 4917 3981 5423 820 4413 9233 4106 6528 4133 6675 1194 9987 3176 857 4608 2259 9974 6345 3387 9738 9984 9791 9792 7792 5795 3619 7188 154 1474 6002 2401 5346 4493 2651 6281 5943 7122 352 4629 769 7421 3429 9211 7084 6787 379 4613 359 2140 6188 1016 5923 9514 5760 1058 445 6476 3519 2791 3205 6800 7061 8535 7314 4424 7009 2634 2961 5274 7675 7060 8236 1210 5801 2896 1226 5168 3131 7992 7482 9895 9373 9699 3023 8210 7243 7407 7090 266 484 5 3083 1949 7079 9984 2193 8523 1143 8630 3379 5503 8439 6768 5206 7551 4908 2563 8794 1282 7462 143 289 4027 2707 5391 804 7050 1721 2166 9701 7303 4630 174 877 6444 3458 7862 9263 660 2368 1184 5178 1609 8767 2261 7304 1282 8416 6585 4459 3377 3570 5961 2970 3180 781 6646 326 4776 2505 5086 9723 161 7058 5843 1711 2845 3063 6631 5609 1163 6664 4138 2338 7373 6704 8834 8190 6817 8912 692 3489 7368 5603 8148 4159 2154 3374 6625 4579 5039 668 8647 2406 9481 1510 7737 2055 1651 9209 2834 6219 746 8497 6356 1294 9223 7452 6712 168 13 1858 2481 8618 2973 7359 4995 5582 7249 1785 8711 58 3191 5773 7980 5501 9330 228 5979 8132 4085 8971 6964 7380 4793 5701 3986 7980 8223 7321 6803 6758 3088 9333 3309 5294 5745 1207 3060 7002 6584 8619 3226 9159 8724 1844 9335 7489 3637 3629 8515 1094 6100 3515 3243 6911 8506 2142 4340 2603 2946 2165 3452 5144 4529 2832 6958 2156 6216 627 6305 9189 7572 9246 315 473 8083 8758 8467 225 4342 2515 1978 1986 3837 8632 2575 9190 1674 5805 8975 5735 933 2834 1944 5350 7907 6655 1781 6444 7707 9429 1502 1019 3737 8812 2502 836 8061 1393 9472 7870 7656 6954 1024 129 156 8034 4201 3582 6633 2551 2258 5602 3518 5403 2003 1232 15 7431 101 5933 5547 7290 524 6541 37 1897 9431 9945 2324 1766 7584 900 753 8147 4523 3012 6278 1305 7990 4044 7846 5411 5828 9994 1270 5260 7281 1063 2577 8932 6877 8199 2105 2026 4434 9844 258 5591 5381 3470 3302 5766 8345 150 6165 7555 3158 5285 2102 5052 7427 8151 4151 864 6089 5998 4301 4620 102 2939 3171 5334 9329 8335 5937 2348 4721 1203 9229 6604 796 1604 8214 4140 3392 7212 4170 3067 1414 6256 584 7468 3976 2151 7512 86 7314 9217 3619 7200 4966 1158 4950 4259 3469 9596 6518 1837 2196 5235 7652 5005 6941 6401 6699 8829 119 9315 4688 7475 605 2583 7127 792 2510 3685 1425 5945 3129 3748 8442 7896 9118 571 8387 8486 1918 7186 9075 8064 4698 7166 2975 6555 8939 1623 8640 3392 5186 265 4086 285 5055 9502 367 4847 4793 3170 5691 2308 3511 3103 4653 6259 2882 8096 8063 4086 9626 6541 4506 8109 2075 7635 2007 4560 8407 9262 8850 4010 6997 6083 4234 2972 2525 3204 907 4443 7265 7884 5887 5744 517 6466 6131 3804 4857 9533 4841 7606 6603 7029 21 6564 9220 5682 7746 8898 1779 6625 9054 8466 1838 7771 2438 1648 2529 2033 5022 3352 6686 6760 4960 4821 7981 9278 123 8054 2898 3821 1887 2905 7881 6985 2875 173 2033 5958 6232 2710 4021 4407 9813 2636 3032 3336 3725 1724 2742 1898 7344 1367 9860 5844 3126 1625 8882 3707 6391 9360 695 1506 1814 436 4478 8410 3621 6169 3972 6585 5770 2860 9285 5107 3526 7673 5083 3893 2561 1117 8523 2517 610 5420 2461 8118 1019 933 1007 1654 6084 8774 6464 2368 7995 1703 9937 2483 3568 8643 6380 7320 6829 1180 3381 1159 4827 8832 4892 270 2857 9070 3099 6485 4790 2896 1912 9076 4523 6504 4785 3840 7671 2228 8854 4741 1251 4409 7769 1974 5876 8426 955 8911 7492 4135 651 8337 2738 9432 6449 1734 9786 6044 9015 7458 608 1319 6753 642 702 7719 9624 6997 7236 8005 2482 611 439 3107 218 6486 6772 1045 7223 1817 6386 3804 6568 3867 6165 1334 5178 4633 8801 8195 4869 9619 3351 2360 4613 7350 8965 879 6957 5417 2047 3003 2065 4499 2164 5257 7435 9501 3503 4990 2693 7165 9011 9995 4366 5155 4872 6605 9928 5024 7612 5247 6925 2975 397 5689 9913 6836 9498 7416 9352 2499 8886 3027 5536 5643 4173 8792 3001 4827 5576 1140 7169 4010 8780 2323 6930 6411 1661 8259 5650 4422 2938 3953 8471 152 8240 8054 8475 6258 337 9661 7749 6221 4544 7574 3036 2577 7007 8283 3050 5521 8874 8134 5979 5694 1386 9039 2001 2708 3383 4454 5006 8877 2309 1411 3563 8367 6292 5415 5027 2990 8237 2689 8141 1893 907 8652 8774 3184 596 3559 8247 466 3231 6493 8405 3880 3333 927 5025 9400 4553 7475 8204 2747 6341 9005 446 2082 3892 424 941 9119 5755 1454 9462 5708 6271 5566 8324 1377 2578 683 6826 6176 1814 7146 5425 4826 7386 710 3529 882 4420 9028 8137 9257 9697 950 3545 5979 9581 4020 1114 9488 4488 4327 394 5518 2663 3820 6363 3984 9720 5232 1424 7448 2817 256 2986 7951 3985 1144 6179 7321 3979 5694 2821 8084 9491 3716 5318 3356 8374 8628 9278 4183 7016 5415 4959 8084 50 8503 3818 2027 7585 722 3325 7759 4902 2517 5853 2554 8174 8330 8130 3758 8327 9052 3785 9901 2454 9712 6000 802 6316 2875 4972 1038 9776 7099 8030 2271 1551 1464 113 9039 5207 9036 8587 481 8929 1166 9244 2390 446 6580 1285 2454 400 7240 4043 1679 4115 4246 5071 1596 9226 7555 3981 6348 585 8629 5124 5585 8348 5446 9114 3110 3344 7404 7222 8846 3155 3508 3274 88 7086 5983 333 5511 7944 6591 3260 1679 4921 9127 4423 3577 6890 3415 5080 4388 1341 1354 9166 9288 853 3044 2215 615 12 6017 2179 3616 5228 4369 2064 6944 814 544 9398 9734 6212 9659 8229 6478 1286 3637 196 626 4782 9990 2252 5937 6268 5761 3151 5907 1790 5162 3648 2036 3045 2047 4776 4721 44 3075 7127 6641 4988 6796 5689 1101 9349 1649 1925 6439 4543 5754 5607 6015 6326 5084 4394 7997 2879 2210 5432 1144 3923 6250 8685 5806 1371 7509 3401 9077 4236 3422 3549 559 3159 4012 9345 5043 7886 9135 3310 2385 7607 5569 4372 1111 510 5391 2530 8830 539 69 9659 701 517 4218 5155 3067 4430 4791 158 9648 2488 5948 2323 2053 2884 886 9284 2966 9221 1441 5247 1302 7022 5696 1269 8058 3336 9596 9477 9350 2704 7856 9582 879 2167 6636 7130 3037 4295 8013 9677 6226 5350 4260 2827 8987 8099 7216 95 2530 5489 8823 9899 8278 8576 1885 1096 7574 5122 8153 7693 3566 540 6364 6481 3321 1515 1259 8176 9573 6661 4378 7583 7041 6449 68 1117 64 3754 8960 640 9083 1549 244 8509 848 1997 6453 9647 2314 8984 3415 5931 3984 7226 6399 4735 6219 8922 3553 938 2585 7437 2572 6748 7859
2910 9511 1779 7516 8483 6545 7457 4717 7427 136 6981 9467 635 8963 588 5027 1454 262 8365 4891 2855 9997 2564 6719 5533 3143 9207 1937 4130 6066 1736 1393 4366 4617 5230 9482 5879 5 542 8199 3021 6767 1267 5341 3183 730 7814 2035 9015 4379 3791 8008 6489 991 6908 1166 2763 4893 1486 8851 3111 5205 2248 2201 2677 6657 8882 8724 3600 2920 697 406 5545 6014 2858 3043 2313 1091 7097 7340 7121 1934 8101 7959 1229 3560 9281 2345 6264 2627 7843 9999 1725 5573 7702 5147 3705 7941 6047 999 6528 6143 9492 3275 1992 4094 680 5648 2627 1039 1092 9791 9642 9679 6253 411 2190 457 3477 253 9876 5273 2663 7813 6088 4448 4946 9444 5089 4548 202 3241 287 6713 4910 5809 6984 9080 7117 5331 7233 7757 5314 6775 5847 5677 3421 923 760 6632 3439 4513 9388 4304 7662 2570 5754 5325 4917 3981 5423 820 4413 9233 4106 6528 4133 6675 1194 9987 3176 857 4608 2259 9974 6345 3387 9738 9984 9791 9792 7792 5795 3619 7188 154 1474 6002 2401 5346 4493 2651 6281 5943 7122 352 4629 769 7421 3429 9211 7084 6787 379 4613 359 2140 6188 1016 5923 9514 5760 1058 445 6476 3519 2791 3205 6800 7061 8535 7314 4424 7009 2634 2961 5274 7675 7060 8236 1210 5801 2896 1226 5168 3131 7992 7482 9895 9373 9699 3023 8210 7243 7407 7090 266 484 5 3083 1949 7079 9984 2193 8523 1143 8630 3379 5503 8439 6768 5206 7551 4908 2563 8794 1282 7462 143 289 4027 2707 5391 804 7050 1721 2166 9701 7303 4630 174 877 6444 3458 7862 9263 660 2368 1184 5178 1609 8767 2261 7304 1282 8416 6585 4459 3377 3570 5961 2970 3180 781 6646 326 4776 2505 5086 9723 161 7058 5843 1711 2845 3063 6631 5609 1163 6664 4138 2338 7373 6704 8834 8190 6817 8912 692 3489 7368 5603 8148 4159 2154 3374 6625 4579 5039 668 8647 2406 9481 1510 7737 2055 1651 9209 2834 6219 746 8497 6356 1294 9223 7452 6712 168 13 1858 2481 8618 2973 7359 4995 5582 7249 1785 8711 58 3191 5773 7980 5501 9330 228 5979 8132 4085 8971 6964 7380 4793 5701 3986 7980 8223 7321 6803 6758 3088 9333 3309 5294 5745 1207 3060 7002 6584 8619 3226 9159 8724 1844 9335 7489 3637 3629 8515 1094 6100 3515 3243 6911 8506 2142 4340 2603 2946 2165 3452 5144 4529 2832 6958 2156 6216 627 6305 9189 7572 9246 315 473 8083 8758 8467 225 4342 2515 1978 1986 3837 8632 2575 9190 1674 5805 8975 5735 933 2834 1944 5350 7907 6655 1781 6444 7707 9429 1502 1019 3737 8812 2502 836 8061 1393 9472 7870 7656 6954 1024 129 156 8034 4201 3582 6633 2551 2258 5602 3518 5403 2003 1232 15 7431 101 5933 5547 7290 524 6541 37 1897 9431 9945 2324 1766 7584 900 753 8147 4523 3012 6278 1305 7990 4044 7846 5411 5828 9994 1270 5260 7281 1063 2577 8932 6877 8199 2105 2026 4434 9844 258 5591 5381 3470 3302 5766 8345 150 6165 7555 3158 5285 2102 5052 7427 8151 4151 864 6089 5998 4301 4620 102 2939 3171 5334 9329 8335 5937 2348 4721 1203 9229 6604 796 1604 8214 4140 3392 7212 4170 3067 1414 6256 584 7468 3976 2151 7512 86 7314 9217 3619 7200 4966 1158 4950 4259 3469 9596 6518 1837 2196 5235 7652 5005 6941 6401 6699 8829 119 9315 4688 7475 605 2583 7127 792 2510 3685 1425 5945 3129 3748 8442 7896 9118 571 8387 8486 1918 7186 9075 8064 4698 7166 2975 6555 8939 1623 8640 3392 5186 265 4086 285 5055 9502 367 4847 4793 3170 5691 2308 3511 3103 4653 6259 2882 8096 8063 4086 9626 6541 4506 8109 2075 7635 2007 4560 8407 9262 8850 4010 6997 6083 4234 2972 2525 3204 907 4443 7265 7884 5887 5744 517 6466 6131 3804 4857 9533 4841 7606 6603 7029 21 6564 9220 5682 7746 8898 1779 6625 9054 8466 1838 7771 2438 1648 2529 2033 5022 3352 6686 6760 4960 4821 7981 9278 123 8054 2898 3821 1887 2905 7881 6985 2875 173 2033 5958 6232 2710 4021 4407 9813 2636 3032 3336 3725 1724 2742 1898 7344 1367 9860 5844 3126 1625 8882 3707 6391 9360 695 1506 1814 436 4478 8410 3621 6169 3972 6585 5770 2860 9285 5107 3526 7673 5083 3893 2561 1117 8523 2517 610 5420 2461 8118 1019 933 1007 1654 6084 8774 6464 2368 7995 1703 9937 2483 3568 8643 6380 7320 6829 1180 3381 1159 4827 8832 4892 270 2857 9070 3099 6485 4790 2896 1912 9076 4523 6504 4785 3840 7671 2228 8854 4741 1251 4409 7769 1974 5876 8426 955 8911 7492 4135 651 8337 2738 9432 6449 1734 9786 6044 9015 7458 608 1319 6753 642 702 7719 9624 6997 7236 8005 2482 611 439 3107 218 6486 6772 1045 7223 1817 6386 3804 6568 3867 6165 1334 5178 4633 8801 8195 4869 9619 3351 2360 4613 7350 8965 879 6957 5417 2047 3003 2065 4499 2164 5257 7435 9501 3503 4990 2693 7165 9011 9995 4366 5155 4872 6605 9928 5024 7612 5247 6925 2975 397 5689 9913 6836 9498 7416 9352 2499 8886 3027 5536 5643 4173 8792 3001 4827 5576 1140 7169 4010 8780 2323 6930 6411 1661 8259 5650 4422 2938 3953 8471 152 8240 8054 8475 6258 337 9661 7749 6221 4544 7574 3036 2577 7007 8283 3050 5521 8874 8134 5979 5694 1386 9039 2001 2708 3383 4454 5006 8877 2309 1411 3563 8367 6292 5415 5027 2990 8237 2689 8141 1893 907 8652 8774 3184 596 3559 8247 466 3231 6493 8405 3880 3333 927 5025 9400 4553 7475 8204 2747 6341 9005 446 2082 3892 424 941 9119 5755 1454 9462 5708 6271 5566 8324 1377 2578 683 6826 6176 1814 7146 5425 4826 7386 710 3529 882 4420 9028 8137 9257 9697 950 3545 5979 9581 4020 1114 9488 4488 4327 394 5518 2663 3820 6363 3984 9720 5232 1424 7448 2817 256 2986 7951 3985 1144 6179 7321 3979 5694 2821 8084 9491 3716 5318 3356 8374 8628 9278 4183 7016 5415 4959 8084 50 8503 3818 2027 7585 722 3325 7759 4902 2517 5853 2554 8174 8330 8130 3758 8327 9052 3785 9901 2454 9712 6000 802 6316 2875 4972 1038 9776 7099 8030 2271 1551 1464 113 9039 5207 9036 8587 481 8929 1166 9244 2390 446 6580 1285 2454 400 7240 4043 1679 4115 4246 5071 1596 9226 7555 3981 6348 585 8629 5124 5585 8348 5446 9114 3110 3344 7404 7222 8846 3155 3508 3274 88 7086 5983 333 5511 7944 6591 3260 1679 4921 9127 4423 3577 6890 3415 5080 4388 1341 1354 9166 9288 853 3044 2215 615 12 6017 2179 3616 5228 4369 2064 6944 814 544 9398 9734 6212 9659 8229 6478 1286 3637 196 626 4782 9990 2252 5937 6268 5761 3151 5907 1790 5162 3648 2036 3045 2047 4776 4721 44 3075 7127 6641 4988 6796 5689 1101 9349 1649 1925 6439 4543 5754 5607 6015 6326 5084 4394 7997 2879 2210 5432 1144 3923 6250 8685 5806 1371 7509 3401 9077 4236 3422 3549 559 3159 4012 9345 5043 7886 9135 3310 2385 7607 5569 4372 1111 510 5391 2530 8830 539 69 9659 701 517 4218 5155 3067 4430 4791 158 9648 2488 5948 2323 2053 2884 886 9284 2966 9221 1441 5247 1302 7022 5696 1269 8058 3336 9596 9477 9350 2704 7856 9582 879 2167 6636 7130 3037 4295 8013 9677 6226 5350 4260 2827 8987 8099 7216 95 2530 5489 8823 9899 8278 8576 1885 1096 7574 5122 8153 7693 3566 540 6364 6481 3321 1515 1259 8176 9573 6661 4378 7583 7041 6449 68 1117 64 3754 8960 640 9083 1549 244 8509 848 1997 6453 9647 2314 8984 3415 5931 3984 7226 6399 4735 6219 8922 3553 938 2585 7437 2572 6748 7859
7859 6748 2572 7437 2585 938 3553 8922 6219 4735 6399 7226 3984 5931 3415 8984 2314 9647 6453 1997 848 8509 244 1549 9083 640 8960 3754 64 1117 68 6449 7041 7583 4378 6661 9573 8176 1259 1515 3321 6481 6364 540 3566 7693 8153 5122 7574 1096 1885 8576 8278 9899 8823 5489 2530 95 7216 8099 8987 2827 4260 5350 6226 9677 8013 4295 3037 7130 6636 2167 879 9582 7856 2704 9350 9477 9596 3336 8058 1269 5696 7022 1302 5247 1441 9221 2966 9284 886 2884 2053 2323 5948 2488 9648 158 4791 4430 3067 5155 4218 517 701 9659 69 539 8830 2530 5391 510 1111 4372 5569 7607 2385 3310 9135 7886 5043 9345 4012 3159 559 3549 3422 4236 9077 3401 7509 1371 5806 8685 6250 3923 1144 5432 2210 2879 7997 4394 5084 6326 6015 5607 5754 4543 6439 1925 1649 9349 1101 5689 6796 4988 6641 7127 3075 44 4721 4776 2047 3045 2036 3648 5162 1790 5907 3151 5761 6268 5937 2252 9990 4782 626 196 3637 1286 6478 8229 9659 6212 9734 9398 544 814 6944 2064 4369 5228 3616 2179 6017 12 615 2215 3044 853 9288 9166 1354 1341 4388 5080 3415 6890 3577 4423 9127 4921 1679 3260 6591 7944 5511 333 5983 7086 88 3274 3508 3155 8846 7222 7404 3344 3110 9114 5446 8348 5585 5124 8629 585 6348 3981 7555 9226 1596 5071 4246 4115 1679 4043 7240 400 2454 1285 6580 446 2390 9244 1166 8929 481 8587 9036 5207 9039 113 1464 1551 2271 8030 7099 9776 1038 4972 2875 6316 802 6000 9712 2454 9901 3785 9052 8327 3758 8130 8330 8174 2554 5853 2517 4902 7759 3325 722 7585 2027 3818 8503 50 8084 4959 5415 7016 4183 9278 8628 8374 3356 5318 3716 9491 8084 2821 5694 3979 7321 6179 1144 3985 7951 2986 256 2817 7448 1424 5232 9720 3984 6363 3820 2663 5518 394 4327 4488 9488 1114 4020 9581 5979 3545 950 9697 9257 8137 9028 4420 882 3529 710 7386 4826 5425 7146 1814 6176 6826 683 2578 1377 8324 5566 6271 5708 9462 1454 5755 9119 941 424 3892 2082 446 9005 6341 2747 8204 7475 4553 9400 5025 927 3333 3880 8405 6493 3231 466 8247 3559 596 3184 8774 8652 907 1893 8141 2689 8237 2990 5027 5415 6292 8367 3563 1411 2309 8877 5006 4454 3383 2708 2001 9039 1386 5694 5979 8134 8874 5521 3050 8283 7007 2577 3036 7574 4544 6221 7749 9661 337 6258 8475 8054 8240 152 8471 3953 2938 4422 5650 8259 1661 6411 6930 2323 8780 4010 7169 1140 5576 4827 3001 8792 4173 5643 5536 3027 8886 2499 9352 7416 9498 6836 9913 5689 397 2975 6925 5247 7612 5024 9928 6605 4872 5155 4366 9995 9011 7165 2693 4990 3503 9501 7435 5257 2164 4499 2065 3003 2047 5417 6957 879 8965 7350 4613 2360 3351 9619 4869 8195 8801 4633 5178 1334 6165 3867 6568 3804 6386 1817 7223 1045 6772 6486 218 3107 439 611 2482 8005 7236 6997 9624 7719 702 642 6753 1319 608 7458 9015 6044 9786 1734 6449 9432 2738 8337 651 4135 7492 8911 955 8426 5876 1974 7769 4409 1251 4741 8854 2228 7671 3840 4785 6504 4523 9076 1912 2896 4790 6485 3099 9070 2857 270 4892 8832 4827 1159 3381 1180 6829 7320 6380 8643 3568 2483 9937 1703 7995 2368 6464 8774 6084 1654 1007 933 1019 8118 2461 5420 610 2517 8523 1117 2561 3893 5083 7673 3526 5107 9285 2860 5770 6585 3972 6169 3621 8410 4478 436 1814 1506 695 9360 6391 3707 8882 1625 3126 5844 9860 1367 7344 1898 2742 1724 3725 3336 3032 2636 9813 4407 4021 2710 6232 5958 2033 173 2875 6985 7881 2905 1887 3821 2898 8054 123 9278 7981 4821 4960 6760 6686 3352 5022 2033 2529 1648 2438 7771 1838 8466 9054 6625 1779 8898 7746 5682 9220 6564 21 7029 6603 7606 4841 9533 4857 3804 6131 6466 517 5744 5887 7884 7265 4443 907 3204 2525 2972 4234 6083 6997 4010 8850 9262 8407 4560 2007 7635 2075 8109 4506 6541 9626 4086 8063 8096 2882 6259 4653 3103 3511 2308 5691 3170 4793 4847 367 9502 5055 285 4086 265 5186 3392 8640 1623 8939 6555 2975 7166 4698 8064 9075 7186 1918 8486 8387 571 9118 7896 8442 3748 3129 5945 1425 3685 2510 792 7127 2583 605 7475 4688 9315 119 8829 6699 6401 6941 5005 7652 5235 2196 1837 6518 9596 3469 4259 4950 1158 4966 7200 3619 9217 7314 86 7512 2151 3976 7468 584 6256 1414 3067 4170 7212 3392 4140 8214 1604 796 6604 9229 1203 4721 2348 5937 8335 9329 5334 3171 2939 102 4620 4301 5998 6089 864 4151 8151 7427 5052 2102 5285 3158 7555 6165 150 8345 5766 3302 3470 5381 5591 258 9844 4434 2026 2105 8199 6877 8932 2577 1063 7281 5260 1270 9994 5828 5411 7846 4044 7990 1305 6278 3012 4523 8147 753 900 7584 1766 2324 9945 9431 1897 37 6541 524 7290 5547 5933 101 7431 15 1232 2003 5403 3518 5602 2258 2551 6633 3582 4201 8034 156 129 1024 6954 7656 7870 9472 1393 8061 836 2502 8812 3737 1019 1502 9429 7707 6444 1781 6655 7907 5350 1944 2834 933 5735 8975 5805 1674 9190 2575 8632 3837 1986 1978 2515 4342 225 8467 8758 8083 473 315 9246 7572 9189 6305 627 6216 2156 6958 2832 4529 5144 3452 2165 2946 2603 4340 2142 8506 6911 3243 3515 6100 1094 8515 3629 3637 7489 9335 1844 8724 9159 3226 8619 6584 7002 3060 1207 5745 5294 3309 9333 3088 6758 6803 7321 8223 7980 3986 5701 4793 7380 6964 8971 4085 8132 5979 228 9330 5501 7980 5773 3191 58 8711 1785 7249 5582 4995 7359 2973 8618 2481 1858 13 168 6712 7452 9223 1294 6356 8497 746 6219 2834 9209 1651 2055 7737 1510 9481 2406 8647 668 5039 4579 6625 3374 2154 4159 8148 5603 7368 3489 692 8912 6817 8190 8834 6704 7373 2338 4138 6664 1163 5609 6631 3063 2845 1711 5843 7058 161 9723 5086 2505 4776 326 6646 781 3180 2970 5961 3570 3377 4459 6585 8416 1282 7304 2261 8767 1609 5178 1184 2368 660 9263 7862 3458 6444 877 174 4630 7303 9701 2166 1721 7050 804 5391 2707 4027 289 143 7462 1282 8794 2563 4908 7551 5206 6768 8439 5503 3379 8630 1143 8523 2193 9984 7079 1949 3083 5 484 266 7090 7407 7243 8210 3023 9699 9373 9895 7482 7992 3131 5168 1226 2896 5801 1210 8236 7060 7675 5274 2961 2634 7009 4424 7314 8535 7061 6800 3205 2791 3519 6476 445 1058 5760 9514 5923 1016 6188 2140 359 4613 379 6787 7084 9211 3429 7421 769 4629 352 7122 5943 6281 2651 4493 5346 2401 6002 1474 154 7188 3619 5795 7792 9792 9791 9984 9738 3387 6345 9974 2259 4608 857 3176 9987 1194 6675 4133 6528 4106 9233 4413 820 5423 3981 4917 5325 5754 2570 7662 4304 9388 4513 3439 6632 760 923 3421 5677 5847 6775 5314 7757 7233 5331 7117 9080 6984 5809 4910 6713 287 3241 202 4548 5089 9444 4946 4448 6088 7813 2663 5273 9876 253 3477 457 2190 411 6253 9679 9642 9791 1092 1039 2627 5648 680 4094 1992 3275 9492 6143 6528 999 6047 7941 3705 5147 7702 5573 1725 9999 7843 2627 6264 2345 9281 3560 1229 7959 8101 1934 7121 7340 7097 1091 2313 3043 2858 6014 5545 406 697 2920 3600 8724 8882 6657 2677 2201 2248 5205 3111 8851 1486 4893 2763 1166 6908 991 6489 8008 3791 4379 9015 2035 7814 730 3183 5341 1267 6767 3021 8199 542 5 5879 9482 5230 4617 4366 1393 1736 6066 4130 1937 9207 3143 5533 6719 2564 9997 2855 4891 8365 262 1454 5027 588 8963 635 9467 6981 136 7427 4717 7457 6545 8483 7516 1779 9511 2910
7859 6748 2572 7437 2585 938 3553 8922 6219 4735 6399 7226 3984 5931 3415 8984 2314 9647 6453 1997 848 8509 244 1549 9083 640 8960 3754 64 1117 68 6449 7041 7583 4378 6661 9573 8176 1259 1515 3321 6481 6364 540 3566 7693 8153 5122 7574 1096 1885 8576 8278 9899 8823 5489 2530 95 7216 8099 8987 2827 4260 5350 6226 9677 8013 4295 3037 7130 6636 2167 879 9582 7856 2704 9350 9477 9596 3336 8058 1269 5696 7022 1302 5247 1441 9221 2966 9284 886 2884 2053 2323 5948 2488 9648 158 4791 4430 3067 5155 4218 517 701 9659 69 539 8830 2530 5391 510 1111 4372 5569 7607 2385 3310 9135 7886 5043 9345 4012 3159 559 3549 3422 4236 9077 3401 7509 1371 5806 8685 6250 3923 1144 5432 2210 2879 7997 4394 5084 6326 6015 5607 5754 4543 6439 1925 1649 9349 1101 5689 6796 4988 6641 7127 3075 44 4721 4776 2047 3045 2036 3648 5162 1790 5907 3151 5761 6268 5937 2252 9990 4782 626 196 3637 1286 6478 8229 9659 6212 9734 9398 544 814 6944 2064 4369 5228 3616 2179 6017 12 615 2215 3044 853 9288 9166 1354 1341 4388 5080 3415 6890 3577 4423 9127 4921 1679 3260 6591 7944 5511 333 5983 7086 88 3274 3508 3155 8846 7222 7404 3344 3110 9114 5446 8348 5585 5124 8629 585 6348 3981 7555 9226 1596 5071 4246 4115 1679 4043 7240 400 2454 1285 6580 446 2390 9244 1166 8929 481 8587 9036 5207 9039 113 1464 1551 2271 8030 7099 9776 1038 4972 2875 6316 802 6000 9712 2454 9901 3785 9052 8327 3758 8130 8330 8174 2554 5853 2517 4902 7759 3325 722 7585 2027 3818 8503 50 8084 4959 5415 7016 4183 9278 8628 8374 3356 5318 3716 9491 8084 2821 5694 3979 7321 6179 1144 3985 7951 2986 256 2817 7448 1424 5232 9720 3984 6363 3820 2663 5518 394 4327 4488 9488 1114 4020 9581 5979 3545 950 9697 9257 8137 9028 4420 882 3529 710 7386 4826 5425 7146 1814 6176 6826 683 2578 1377 8324 5566 6271 5708 9462 1454 5755 9119 941 424 3892 2082 446 9005 6341 2747 8204 7475 4553 9400 5025 927 3333 3880 8405 6493 3231 466 8247 3559 596 3184 8774 8652 907 1893 8141 2689 8237 2990 5027 5415 6292 8367 3563 1411 2309 8877 5006 4454 3383 2708 2001 9039 1386 5694 5979 8134 8874 5521 3050 8283 7007 2577 3036 7574 4544 6221 7749 9661 337 6258 8475 8054 8240 152 8471 3953 2938 4422 5650 8259 1661 6411 6930 2323 8780 4010 7169 1140 5576 4827 3001 8792 4173 5643 5536 3027 8886 2499 9352 7416 9498 6836 9913 5689 397 2975 6925 5247 7612 5024 9928 6605 4872 5155 4366 9995 9011 7165 2693 4990 3503 9501 7435 5257 2164 4499 2065 3003 2047 5417 6957 879 8965 7350 4613 2360 3351 9619 4869 8195 8801 4633 5178 1334 6165 3867 6568 3804 6386 1817 7223 1045 6772 6486 218 3107 439 611 2482 8005 7236 6997 9624 7719 702 642 6753 1319 608 7458 9015 6044 9786 1734 6449 9432 2738 8337 651 4135 7492 8911 955 8426 5876 1974 7769 4409 1251 4741 8854 2228 7671 3840 4785 6504 4523 9076 1912 2896 4790 6485 3099 9070 2857 270 4892 8832 4827 1159 3381 1180 6829 7320 6380 8643 3568 2483 9937 1703 7995 2368 6464 8774 6084 1654 1007 933 1019 8118 2461 5420 610 2517 8523 1117 2561 3893 5083 7673 3526 5107 9285 2860 5770 6585 3972 6169 3621 8410 4478 436 1814 1506 695 9360 6391 3707 8882 1625 3126 5844 9860 1367 7344 1898 2742 1724 3725 3336 3032 2636 9813 4407 4021 2710 6232 5958 2033 173 2875 6985 7881 2905 1887 3821 2898 8054 123 9278 7981 4821 4960 6760 6686 3352 5022 2033 2529 1648 2438 7771 1838 8466 9054 6625 1779 8898 7746 5682 9220 6564 21 7029 6603 7606 4841 9533 4857 3804 6131 6466 517 5744 5887 7884 7265 4443 907 3204 2525 2972 4234 6083 6997 4010 8850 9262 8407 4560 2007 7635 2075 8109 4506 6541 9626 4086 8063 8096 2882 6259 4653 3103 3511 2308 5691 3170 4793 4847 367 9502 5055 285 4086 265 5186 3392 8640 1623 8939 6555 2975 7166 4698 8064 9075 7186 1918 8486 8387 571 9118 7896 8442 3748 3129 5945 1425 3685 2510 792 7127 2583 605 7475 4688 9315 119 8829 6699 6401 6941 5005 7652 5235 2196 1837 6518 9596 3469 4259 4950 1158 4966 7200 3619 9217 7314 86 7512 2151 3976 7468 584 6256 1414 3067 4170 7212 3392 4140 8214 1604 796 6604 9229 1203 4721 2348 5937 8335 9329 5334 3171 2939 102 4620 4301 5998 6089 864 4151 8151 7427 5052 2102 5285 3158 7555 6165 150 8345 5766 3302 3470 5381 5591 258 9844 4434 2026 2105 8199 6877 8932 2577 1063 7281 5260 1270 9994 5828 5411 7846 4044 7990 1305 6278 3012 4523 8147 753 900 7584 1766 2324 9945 9431 1897 37 6541 524 7290 5547 5933 101 7431 15 1232 2003 5403 3518 5602 2258 2551 6633 3582 4201 8034 156 129 1024 6954 7656 7870 9472 1393 8061 836 2502 8812 3737 1019 1502 9429 7707 6444 1781 6655 7907 5350 1944 2834 933 5735 8975 5805 1674 9190 2575 8632 3837 1986 1978 2515 4342 225 8467 8758 8083 473 315 9246 7572 9189 6305 627 6216 2156 6958 2832 4529 5144 3452 2165 2946 2603 4340 2142 8506 6911 3243 3515 6100 1094 8515 3629 3637 7489 9335 1844 8724 9159 3226 8619 6584 7002 3060 1207 5745 5294 3309 9333 3088 6758 6803 7321 8223 7980 3986 5701 4793 7380 6964 8971 4085 8132 5979 228 9330 5501 7980 5773 3191 58 8711 1785 7249 5582 4995 7359 2973 8618 2481 1858 13 168 6712 7452 9223 1294 6356 8497 746 6219 2834 9209 1651 2055 7737 1510 9481 2406 8647 668 5039 4579 6625 3374 2154 4159 8148 5603 7368 3489 692 8912 6817 8190 8834 6704 7373 2338 4138 6664 1163 5609 6631 3063 2845 1711 5843 7058 161 9723 5086 2505 4776 326 6646 781 3180 2970 5961 3570 3377 4459 6585 8416 1282 7304 2261 8767 1609 5178 1184 2368 660 9263 7862 3458 6444 877 174 4630 7303 9701 2166 1721 7050 804 5391 2707 4027 289 143 7462 1282 8794 2563 4908 7551 5206 6768 8439 5503 3379 8630 1143 8523 2193 9984 7079 1949 3083 5 484 266 7090 7407 7243 8210 3023 9699 9373 9895 7482 7992 3131 5168 1226 2896 5801 1210 8236 7060 7675 5274 2961 2634 7009 4424 7314 8535 7061 6800 3205 2791 3519 6476 445 1058 5760 9514 5923 1016 6188 2140 359 4613 379 6787 7084 9211 3429 7421 769 4629 352 7122 5943 6281 2651 4493 5346 2401 6002 1474 154 7188 3619 5795 7792 9792 9791 9984 9738 3387 6345 9974 2259 4608 857 3176 9987 1194 6675 4133 6528 4106 9233 4413 820 5423 3981 4917 5325 5754 2570 7662 4304 9388 4513 3439 6632 760 923 3421 5677 5847 6775 5314 7757 7233 5331 7117 9080 6984 5809 4910 6713 287 3241 202 4548 5089 9444 4946 4448 6088 7813 2663 5273 9876 253 3477 457 2190 411 6253 9679 9642 9791 1092 1039 2627 5648 680 4094 1992 3275 9492 6143 6528 999 6047 7941 3705 5147 7702 5573 1725 9999 7843 2627 6264 2345 9281 3560 1229 7959 8101 1934 7121 7340 7097 1091 2313 3043 2858 6014 5545 406 697 2920 3600 8724 8882 6657 2677 2201 2248 5205 3111 8851 1486 4893 2763 1166 6908 991 6489 8008 3791 4379 9015 2035 7814 730 3183 5341 1267 6767 3021 8199 542 5 5879 9482 5230 4617 4366 1393 1736 6066 4130 1937 9207 3143 5533 6719 2564 9997 2855 4891 8365 262 1454 5027 588 8963 635 9467 6981 136 7427 4717 7457 6545 8483 7516 1779 9511 2910
