646
729
NOT_FOUND
2422
NOT_FOUND
729
NOT_FOUND
6729
4795
3523
NOT_FOUND
3259
730
730
6419
729
8622
729
5629
2987
2833
731
612
NOT_FOUND
4555
8273
87
732
732
NOT_FOUND
9376
735
738
7997
739
1665
NOT_FOUND
738
NOT_FOUND
3354
2742
738
738
7629
738
3755
NOT_FOUND
1532
739
4453
739
7644
NOT_FOUND
9487
8909
739
NOT_FOUND
992
738
2691
6665
NOT_FOUND
6716
9835
7943
4755
548
NOT_FOUND
8726
7145
NOT_FOUND
12
NOT_FOUND
740
1449
2556
7471
127
7876
6387
743
NOT_FOUND
5887
743
745
745
7283
744
744
6127
1336
387
3417
4084
8554
741
2151
2859
NOT_FOUND
3216
744
744
8317
NOT_FOUND
NOT_FOUND
8737
4521
8968
1117
7439
7012
8773
6299
4009
3265
8623
5799
NOT_FOUND
742
742
2725
NOT_FOUND
NOT_FOUND
743
NOT_FOUND
744
NOT_FOUND
1549
NOT_FOUND
2836
NOT_FOUND
742
NOT_FOUND
NOT_FOUND
8912
3227
6964
7278
NOT_FOUND
8977
1657
742
4131
741
301
4341
6656
5707
1976
3938
746
NOT_FOUND
747
NOT_FOUND
NOT_FOUND
NOT_FOUND
7277
749
NOT_FOUND
749
1249
NOT_FOUND
6447
3858
752
1345
9570
750
4911
3682
NOT_FOUND
6962
1055
2145
601
9038
1334
749
9043
8904
NOT_FOUND
6444
749
1105
748
NOT_FOUND
NOT_FOUND
NOT_FOUND
575
4972
749
NOT_FOUND
NOT_FOUND
3608
755
NOT_FOUND
8028
NOT_FOUND
754
NOT_FOUND
268
8272
5396
1475
7441
5131
9687
6730
750
8173
4541
748
750
5987
749
NOT_FOUND
6416
NOT_FOUND
5947
748
NOT_FOUND
NOT_FOUND
NOT_FOUND
6165
871
828
753
1959
753
755
NOT_FOUND
NOT_FOUND
3439
1218
128
5462
752
NOT_FOUND
8456
96
252
NOT_FOUND
NOT_FOUND
8476
NOT_FOUND
751
3623
NOT_FOUND
752
NOT_FOUND
4612
752
948
722
7631
5022
750
3157
6694
NOT_FOUND
NOT_FOUND
751
5033
1653
749
354
8830
9371
749
7669
748
1226
6039
3102
749
NOT_FOUND
5503
7865
9629
3256
2070
NOT_FOUND
3863
745
2550
NOT_FOUND
NOT_FOUND
370
7119
1680
744
744
5757
4641
2563
9141
9312
3290
744
744
4426
7045
7792
1452
2899
NOT_FOUND
NOT_FOUND
3031
3512
NOT_FOUND
4730
741
742
2189
NOT_FOUND
5171
NOT_FOUND
745
745
745
7640
5817
NOT_FOUND
NOT_FOUND
NOT_FOUND
3886
1062
1223
NOT_FOUND
427
NOT_FOUND
2473
744
9232
NOT_FOUND
NOT_FOUND
NOT_FOUND
8351
743
9361
1503
741
NOT_FOUND
8253
5813
771
7329
NOT_FOUND
739
9457
NOT_FOUND
1744
5883
2047
8324
9344
9114
8110
4288
NOT_FOUND
740
4203
2406
5481
738
738
5673
NOT_FOUND
4969
3445
612
7679
6299
8979
NOT_FOUND
NOT_FOUND
3682
1378
3229
3184
NOT_FOUND
735
4805
734
NOT_FOUND
NOT_FOUND
NOT_FOUND
NOT_FOUND
4184
9099
740
742
742
742
1885
9642
740
741
7018
1249
2359
740
740
7027
739
7439
744
744
744
744
3333
NOT_FOUND
745
5944
NOT_FOUND
857
745
8442
744
745
745
746
746
590
746
2591
3662
745
3056
NOT_FOUND
5152
645
3596
5044
7503
743
9365
NOT_FOUND
8095
5940
741
4208
7343
741
NOT_FOUND
NOT_FOUND
8493
742
742
743
745
NOT_FOUND
2457
2139
6844
NOT_FOUND
1251
744
744
744
NOT_FOUND
818
NOT_FOUND
NOT_FOUND
3334
493
NOT_FOUND
5965
743
122 4828 4131 9782 6196 239 5991 1455 8284 376 6337 3529 632 5267 1190 4293 8190 664 4609 8634 2898 7159 222 8839 1472 1489 4198 7557 6385 1552 8487 815 4224 6977 488 1197 9933 6234 1729 7792 2076 4812 1967 1862 44 4708 5853 5450 9740 3005 5541 8759 5284 8396 2468 6559 1180 1632 3993 4966 6934 9014 5248 5822 9363 876 2583 8234 6064 5803 768 7771 8664 8624 7997 3700 9590 2410 4339 6064 8326 6195 6603 3685 5476 3943 6784 5300 2320 6031 3744 9693 7674 8124 4497 2950 9997 7922 5823 6630 7733 2784 5119 5201 371 8438 1462 7037 3599 4538 1811 1012 6439 4760 5508 7355 4040 7250 2044 3177 7660 1397 5438 5009 2921 6980 993 8722 4688 5111 7312 5386 2384 6346 360 3228 5839 6425 5630 616 4952 6574 7904 2142 173 4790 8863 6579 316 9039 4867 1560 1521 8830 3095 3869 6712 1213 4853 3784 6197 412 6741 3611 2377 5040 2492 8092 773 4185 174 4995 8819 2703 5487 3626 366 1418 7211 8702 9585 7694 1073 8957 8715 3676 1441 3827 9970 4390 4979 3942 7989 5546 4249 8128 3177 1645 7096 2889 7054 1725 5876 3641 4513 2447 5840 580 5853 6181 6338 4704 1447 2422 6144 7247 8706 6562 8271 8634 4594 7167 7351 2208 9441 2914 7323 745 7374 6808 9098 6451 8965 4520 9716 2623 5111 7646 3951 1112 9221 5534 9110 1155 931 2110 7482 4206 6602 7988 5330 349 1562 3196 4701 3364 1307 7304 730 1133 4098 3611 4666 2060 4863 2603 2361 8915 366 4737 8420 4429 3273 558 1798 8386 4048 1545 7538 2965 7895 7034 7612 967 3611 8596 2124 5234 111 670 5677 6508 297 6181 3173 6077 7123 5028 7425 7147 7473 9509 5924 7155 7318 3004 7383 8376 9554 4287 7124 1520 3612 145 4525 3703 6296 3055 9650 9293 9420 1834 815 8538 7311 8580 4512 9057 4144 4903 1494 9992 5441 6314 8161 2034 6546 6200 9980 4186 2285 5660 8168 5056 4021 8991 8565 5454 6049 3091 6017 5241 7598 9346 3672 1430 5210 7066 2349 3999 5355 3869 3204 9715 6826 2058 5137 7209 4579 3534 4521 9228 7555 4995 4821 1190 3760 1860 2400 6923 9793 1355 6821 3739 7797 8041 6122 7397 4468 5479 7874 8570 6474 3642 2548 3042 4731 2934 5396 3773 8564 3798 8585 4393 766 7840 4181 2231 5393 1501 5867 6327 2615 4314 3848 9095 301 2403 5881 624 7422 1513 9505 1411 6694 6907 5759 8205 5656 5033 2379 3570 9467 9780 9923 5774 6962 7296 1711 3484 2594 2212 3107 5417 9965 7848 6559 1190 7119 6773 3651 6662 7249 4233 2486 5889 1875 3583 4493 3789 6476 9027 9325 9936 178 2347 9560 3619 9981 8167 981 7263 3880 8367 7351 8830 5691 6133 9136 4236 7771 878 9456 285 7879 3782 4436 6347 9869 9021 8008 527 1847 5223 4487 2489 2881 615 1120 817 9586 8253 5796 2567 4760 2401 8857 1988 3814 8173 2496 1414 6916 5954 3947 2642 329 6214 9196 8751 753 3728 4797 8402 3919 8231 4973 7588 3497 6918 8901 1289 4279 9372 909 4163 4628 2891 3620 1367 5008 2583 3950 1901 4238 6100 7593 9053 7491 1847 4099 5822 6519 7739 7280 7228 30 5036 7261 4325 6227 9987 7029 4275 7438 831 8865 427 4094 4028 4003 6761 7296 3410 3197 685 8563 3034 4793 5896 164 4672 446 1120 1925 7433 7875 3417 9629 7452 5913 1602 5915 1067 4397 5527 7309 9661 1618 4689 3472 2690 9526 2366 1454 4492 1639 4071 540 2155 1251 9961 5918 4650 8272 744 1052 7766 2299 2802 5386 5843 243 8527 7021 8696 1091 3377 8161 9719 5462 986 4663 3821 5578 7289 885 6205 5299 7893 2826 7523 2180 5697 8942 2213 5817 9248 274 8940 9952 924 2535 9104 8825 2845 5041 2255 3817 8953 8449 7136 2060 951 885 1026 72 4057 6422 8338 2074 1511 8358 9760 2460 633 6711 672 3327 438 6192 5966 7193 6221 5357 6170 7146 8349 9662 4319 6795 3780 5899 1039 4188 3190 6053 8566 4815 698 6521 1325 7270 2094 1358 8062 7419 5000 2166 1273 7266 321 4467 5970 1893 5326 3422 9224 8983 8267 8192 169 9360 3906 6303 5997 3454 5244 3991 9309 4558 6162 7205 4502 8335 2283 2189 7449 6242 1676 6765 585 5429
122 4828 4131 9782 6196 239 5991 1455 8284 376 6337 3529 632 5267 1190 4293 8190 664 4609 8634 2898 7159 222 8839 1472 1489 4198 7557 6385 1552 8487 815 4224 6977 488 1197 9933 6234 1729 7792 2076 4812 1967 1862 44 4708 5853 5450 9740 3005 5541 8759 5284 8396 2468 6559 1180 1632 3993 4966 6934 9014 5248 5822 9363 876 2583 8234 6064 5803 768 7771 8664 8624 7997 3700 9590 2410 4339 6064 8326 6195 6603 3685 5476 3943 6784 5300 2320 6031 3744 9693 7674 8124 4497 2950 9997 7922 5823 6630 7733 2784 5119 5201 371 8438 1462 7037 3599 4538 1811 1012 6439 4760 5508 7355 4040 7250 2044 3177 7660 1397 5438 5009 2921 6980 993 8722 4688 5111 7312 5386 2384 6346 360 3228 5839 6425 5630 616 4952 6574 7904 2142 173 4790 8863 6579 316 9039 4867 1560 1521 8830 3095 3869 6712 1213 4853 3784 6197 412 6741 3611 2377 5040 2492 8092 773 4185 174 4995 8819 2703 5487 3626 366 1418 7211 8702 9585 7694 1073 8957 8715 3676 1441 3827 9970 4390 4979 3942 7989 5546 4249 8128 3177 1645 7096 2889 7054 1725 5876 3641 4513 2447 5840 580 5853 6181 6338 4704 1447 2422 6144 7247 8706 6562 8271 8634 4594 7167 7351 2208 9441 2914 7323 745 7374 6808 9098 6451 8965 4520 9716 2623 5111 7646 3951 1112 9221 5534 9110 1155 931 2110 7482 4206 6602 7988 5330 349 1562 3196 4701 3364 1307 7304 730 1133 4098 3611 4666 2060 4863 2603 2361 8915 366 4737 8420 4429 3273 558 1798 8386 4048 1545 7538 2965 7895 7034 7612 967 3611 8596 2124 5234 111 670 5677 6508 297 6181 3173 6077 7123 5028 7425 7147 7473 9509 5924 7155 7318 3004 7383 8376 9554 4287 7124 1520 3612 145 4525 3703 6296 3055 9650 9293 9420 1834 815 8538 7311 8580 4512 9057 4144 4903 1494 9992 5441 6314 8161 2034 6546 6200 9980 4186 2285 5660 8168 5056 4021 8991 8565 5454 6049 3091 6017 5241 7598 9346 3672 1430 5210 7066 2349 3999 5355 3869 3204 9715 6826 2058 5137 7209 4579 3534 4521 9228 7555 4995 4821 1190 3760 1860 2400 6923 9793 1355 6821 3739 7797 8041 6122 7397 4468 5479 7874 8570 6474 3642 2548 3042 4731 2934 5396 3773 8564 3798 8585 4393 766 7840 4181 2231 5393 1501 5867 6327 2615 4314 3848 9095 301 2403 5881 624 7422 1513 9505 1411 6694 6907 5759 8205 5656 5033 2379 3570 9467 9780 9923 5774 6962 7296 1711 3484 2594 2212 3107 5417 9965 7848 6559 1190 7119 6773 3651 6662 7249 4233 2486 5889 1875 3583 4493 3789 6476 9027 9325 9936 178 2347 9560 3619 9981 8167 981 7263 3880 8367 7351 8830 5691 6133 9136 4236 7771 878 9456 285 7879 3782 4436 6347 9869 9021 8008 527 1847 5223 4487 2489 2881 615 1120 817 9586 8253 5796 2567 4760 2401 8857 1988 3814 8173 2496 1414 6916 5954 3947 2642 329 6214 9196 8751 753 3728 4797 8402 3919 8231 4973 7588 3497 6918 8901 1289 4279 9372 909 4163 4628 2891 3620 1367 5008 2583 3950 1901 4238 6100 7593 9053 7491 1847 4099 5822 6519 7739 7280 7228 30 5036 7261 4325 6227 9987 7029 4275 7438 831 8865 427 4094 4028 4003 6761 7296 3410 3197 685 8563 3034 4793 5896 164 4672 446 1120 1925 7433 7875 3417 9629 7452 5913 1602 5915 1067 4397 5527 7309 9661 1618 4689 3472 2690 9526 2366 1454 4492 1639 4071 540 2155 1251 9961 5918 4650 8272 744 1052 7766 2299 2802 5386 5843 243 8527 7021 8696 1091 3377 8161 9719 5462 986 4663 3821 5578 7289 885 6205 5299 7893 2826 7523 2180 5697 8942 2213 5817 9248 274 8940 9952 924 2535 9104 8825 2845 5041 2255 3817 8953 8449 7136 2060 951 885 1026 72 4057 6422 8338 2074 1511 8358 9760 2460 633 6711 672 3327 438 6192 5966 7193 6221 5357 6170 7146 8349 9662 4319 6795 3780 5899 1039 4188 3190 6053 8566 4815 698 6521 1325 7270 2094 1358 8062 7419 5000 2166 1273 7266 321 4467 5970 1893 5326 3422 9224 8983 8267 8192 169 9360 3906 6303 5997 3454 5244 3991 9309 4558 6162 7205 4502 8335 2283 2189 7449 6242 1676 6765 585 5429
5429 585 6765 1676 6242 7449 2189 2283 8335 4502 7205 6162 4558 9309 3991 5244 3454 5997 6303 3906 9360 169 8192 8267 8983 9224 3422 5326 1893 5970 4467 321 7266 1273 2166 5000 7419 8062 1358 2094 7270 1325 6521 698 4815 8566 6053 3190 4188 1039 5899 3780 6795 4319 9662 8349 7146 6170 5357 6221 7193 5966 6192 438 3327 672 6711 633 2460 9760 8358 1511 2074 8338 6422 4057 72 1026 885 951 2060 7136 8449 8953 3817 2255 5041 2845 8825 9104 2535 924 9952 8940 274 9248 5817 2213 8942 5697 2180 7523 2826 7893 5299 6205 885 7289 5578 3821 4663 986 5462 9719 8161 3377 1091 8696 7021 8527 243 5843 5386 2802 2299 7766 1052 744 8272 4650 5918 9961 1251 2155 540 4071 1639 4492 1454 2366 9526 2690 3472 4689 1618 9661 7309 5527 4397 1067 5915 1602 5913 7452 9629 3417 7875 7433 1925 1120 446 4672 164 5896 4793 3034 8563 685 3197 3410 7296 6761 4003 4028 4094 427 8865 831 7438 4275 7029 9987 6227 4325 7261 5036 30 7228 7280 7739 6519 5822 4099 1847 7491 9053 7593 6100 4238 1901 3950 2583 5008 1367 3620 2891 4628 4163 909 9372 4279 1289 8901 6918 3497 7588 4973 8231 3919 8402 4797 3728 753 8751 9196 6214 329 2642 3947 5954 6916 1414 2496 8173 3814 1988 8857 2401 4760 2567 5796 8253 9586 817 1120 615 2881 2489 4487 5223 1847 527 8008 9021 9869 6347 4436 3782 7879 285 9456 878 7771 4236 9136 6133 5691 8830 7351 8367 3880 7263 981 8167 9981 3619 9560 2347 178 9936 9325 9027 6476 3789 4493 3583 1875 5889 2486 4233 7249 6662 3651 6773 7119 1190 6559 7848 9965 5417 3107 2212 2594 3484 1711 7296 6962 5774 9923 9780 9467 3570 2379 5033 5656 8205 5759 6907 6694 1411 9505 1513 7422 624 5881 2403 301 9095 3848 4314 2615 6327 5867 1501 5393 2231 4181 7840 766 4393 8585 3798 8564 3773 5396 2934 4731 3042 2548 3642 6474 8570 7874 5479 4468 7397 6122 8041 7797 3739 6821 1355 9793 6923 2400 1860 3760 1190 4821 4995 7555 9228 4521 3534 4579 7209 5137 2058 6826 9715 3204 3869 5355 3999 2349 7066 5210 1430 3672 9346 7598 5241 6017 3091 6049 5454 8565 8991 4021 5056 8168 5660 2285 4186 9980 6200 6546 2034 8161 6314 5441 9992 1494 4903 4144 9057 4512 8580 7311 8538 815 1834 9420 9293 9650 3055 6296 3703 4525 145 3612 1520 7124 4287 9554 8376 7383 3004 7318 7155 5924 9509 7473 7147 7425 5028 7123 6077 3173 6181 297 6508 5677 670 111 5234 2124 8596 3611 967 7612 7034 7895 2965 7538 1545 4048 8386 1798 558 3273 4429 8420 4737 366 8915 2361 2603 4863 2060 4666 3611 4098 1133 730 7304 1307 3364 4701 3196 1562 349 5330 7988 6602 4206 7482 2110 931 1155 9110 5534 9221 1112 3951 7646 5111 2623 9716 4520 8965 6451 9098 6808 7374 745 7323 2914 9441 2208 7351 7167 4594 8634 8271 6562 8706 7247 6144 2422 1447 4704 6338 6181 5853 580 5840 2447 4513 3641 5876 1725 7054 2889 7096 1645 3177 8128 4249 5546 7989 3942 4979 4390 9970 3827 1441 3676 8715 8957 1073 7694 9585 8702 7211 1418 366 3626 5487 2703 8819 4995 174 4185 773 8092 2492 5040 2377 3611 6741 412 6197 3784 4853 1213 6712 3869 3095 8830 1521 1560 4867 9039 316 6579 8863 4790 173 2142 7904 6574 4952 616 5630 6425 5839 3228 360 6346 2384 5386 7312 5111 4688 8722 993 6980 2921 5009 5438 1397 7660 3177 2044 7250 4040 7355 5508 4760 6439 1012 1811 4538 3599 7037 1462 8438 371 5201 5119 2784 7733 6630 5823 7922 9997 2950 4497 8124 7674 9693 3744 6031 2320 5300 6784 3943 5476 3685 6603 6195 8326 6064 4339 2410 9590 3700 7997 8624 8664 7771 768 5803 6064 8234 2583 876 9363 5822 5248 9014 6934 4966 3993 1632 1180 6559 2468 8396 5284 8759 5541 3005 9740 5450 5853 4708 44 1862 1967 4812 2076 7792 1729 6234 9933 1197 488 6977 4224 815 8487 1552 6385 7557 4198 1489 1472 8839 222 7159 2898 8634 4609 664 8190 4293 1190 5267 632 3529 6337 376 8284 1455 5991 239 6196 9782 4131 4828 122
122 4828 4131 9782 6196 239 5991 1455 8284 376 6337 3529 632 5267 1190 4293 8190 664 4609 8634 2898 7159 222 8839 1472 1489 4198 7557 6385 1552 8487 815 4224 6977 488 1197 9933 6234 1729 7792 2076 4812 1967 1862 44 4708 5853 5450 9740 3005 5541 8759 5284 8396 2468 6559 1180 1632 3993 4966 6934 9014 5248 5822 9363 876 2583 8234 6064 5803 768 7771 8664 8624 7997 3700 9590 2410 4339 6064 8326 6195 6603 3685 5476 3943 6784 5300 2320 6031 3744 9693 7674 8124 4497 2950 9997 7922 5823 6630 7733 2784 5119 5201 371 8438 1462 7037 3599 4538 1811 1012 6439 4760 5508 7355 4040 7250 2044 3177 7660 1397 5438 5009 2921 6980 993 8722 4688 5111 7312 5386 2384 6346 360 3228 5839 6425 5630 616 4952 6574 7904 2142 173 4790 8863 6579 316 9039 4867 1560 1521 8830 3095 3869 6712 1213 4853 3784 6197 412 6741 3611 2377 5040 2492 8092 773 4185 174 4995 8819 2703 5487 3626 366 1418 7211 8702 9585 7694 1073 8957 8715 3676 1441 3827 9970 4390 4979 3942 7989 5546 4249 8128 3177 1645 7096 2889 7054 1725 5876 3641 4513 2447 5840 580 5853 6181 6338 4704 1447 2422 6144 7247 8706 6562 8271 8634 4594 7167 7351 2208 9441 2914 7323 745 7374 6808 9098 6451 8965 4520 9716 2623 5111 7646 3951 1112 9221 5534 9110 1155 931 2110 7482 4206 6602 7988 5330 349 1562 3196 4701 3364 1307 7304 730 1133 4098 3611 4666 2060 4863 2603 2361 8915 366 4737 8420 4429 3273 558 1798 8386 4048 1545 7538 2965 7895 7034 7612 967 3611 8596 2124 5234 111 670 5677 6508 297 6181 3173 6077 7123 5028 7425 7147 7473 9509 5924 7155 7318 3004 7383 8376 9554 4287 7124 1520 3612 145 4525 3703 6296 3055 9650 9293 9420 1834 815 8538 7311 8580 4512 9057 4144 4903 1494 9992 5441 6314 8161 2034 6546 6200 9980 4186 2285 5660 8168 5056 4021 8991 8565 5454 6049 3091 6017 5241 7598 9346 3672 1430 5210 7066 2349 3999 5355 3869 3204 9715 6826 2058 5137 7209 4579 3534 4521 9228 7555 4995 4821 1190 3760 1860 2400 6923 9793 1355 6821 3739 7797 8041 6122 7397 4468 5479 7874 8570 6474 3642 2548 3042 4731 2934 5396 3773 8564 3798 8585 4393 766 7840 4181 2231 5393 1501 5867 6327 2615 4314 3848 9095 301 2403 5881 624 7422 1513 9505 1411 6694 6907 5759 8205 5656 5033 2379 3570 9467 9780 9923 5774 6962 7296 1711 3484 2594 2212 3107 5417 9965 7848 6559 1190 7119 6773 3651 6662 7249 4233 2486 5889 1875 3583 4493 3789 6476 9027 9325 9936 178 2347 9560 3619 9981 8167 981 7263 3880 8367 7351 8830 5691 6133 9136 4236 7771 878 9456 285 7879 3782 4436 6347 9869 9021 8008 527 1847 5223 4487 2489 2881 615 1120 817 9586 8253 5796 2567 4760 2401 8857 1988 3814 8173 2496 1414 6916 5954 3947 2642 329 6214 9196 8751 753 3728 4797 8402 3919 8231 4973 7588 3497 6918 8901 1289 4279 9372 909 4163 4628 2891 3620 1367 5008 2583 3950 1901 4238 6100 7593 9053 7491 1847 4099 5822 6519 7739 7280 7228 30 5036 7261 4325 6227 9987 7029 4275 7438 831 8865 427 4094 4028 4003 6761 7296 3410 3197 685 8563 3034 4793 5896 164 4672 446 1120 1925 7433 7875 3417 9629 7452 5913 1602 5915 1067 4397 5527 7309 9661 1618 4689 3472 2690 9526 2366 1454 4492 1639 4071 540 2155 1251 9961 5918 4650 8272 744 1052 7766 2299 2802 5386 5843 243 8527 7021 8696 1091 3377 8161 9719 5462 986 4663 3821 5578 7289 885 6205 5299 7893 2826 7523 2180 5697 8942 2213 5817 9248 274 8940 9952 924 2535 9104 8825 2845 5041 2255 3817 8953 8449 7136 2060 951 885 1026 72 4057 6422 8338 2074 1511 8358 9760 2460 633 6711 672 3327 438 6192 5966 7193 6221 5357 6170 7146 8349 9662 4319 6795 3780 5899 1039 4188 3190 6053 8566 4815 698 6521 1325 7270 2094 1358 8062 7419 5000 2166 1273 7266 321 4467 5970 1893 5326 3422 9224 8983 8267 8192 169 9360 3906 6303 5997 3454 5244 3991 9309 4558 6162 7205 4502 8335 2283 2189 7449 6242 1676 6765 585 5429
122 4828 4131 9782 6196 239 5991 1455 8284 376 6337 3529 632 5267 1190 4293 8190 664 4609 8634 2898 7159 222 8839 1472 1489 4198 7557 6385 1552 8487 815 4224 6977 488 1197 9933 6234 1729 7792 2076 4812 1967 1862 44 4708 5853 5450 9740 3005 5541 8759 5284 8396 2468 6559 1180 1632 3993 4966 6934 9014 5248 5822 9363 876 2583 8234 6064 5803 768 7771 8664 8624 7997 3700 9590 2410 4339 6064 8326 6195 6603 3685 5476 3943 6784 5300 2320 6031 3744 9693 7674 8124 4497 2950 9997 7922 5823 6630 7733 2784 5119 5201 371 8438 1462 7037 3599 4538 1811 1012 6439 4760 5508 7355 4040 7250 2044 3177 7660 1397 5438 5009 2921 6980 993 8722 4688 5111 7312 5386 2384 6346 360 3228 5839 6425 5630 616 4952 6574 7904 2142 173 4790 8863 6579 316 9039 4867 1560 1521 8830 3095 3869 6712 1213 4853 3784 6197 412 6741 3611 2377 5040 2492 8092 773 4185 174 4995 8819 2703 5487 3626 366 1418 7211 8702 9585 7694 1073 8957 8715 3676 1441 3827 9970 4390 4979 3942 7989 5546 4249 8128 3177 1645 7096 2889 7054 1725 5876 3641 4513 2447 5840 580 5853 6181 6338 4704 1447 2422 6144 7247 8706 6562 8271 8634 4594 7167 7351 2208 9441 2914 7323 745 7374 6808 9098 6451 8965 4520 9716 2623 5111 7646 3951 1112 9221 5534 9110 1155 931 2110 7482 4206 6602 7988 5330 349 1562 3196 4701 3364 1307 7304 730 1133 4098 3611 4666 2060 4863 2603 2361 8915 366 4737 8420 4429 3273 558 1798 8386 4048 1545 7538 2965 7895 7034 7612 967 3611 8596 2124 5234 111 670 5677 6508 297 6181 3173 6077 7123 5028 7425 7147 7473 9509 5924 7155 7318 3004 7383 8376 9554 4287 7124 1520 3612 145 4525 3703 6296 3055 9650 9293 9420 1834 815 8538 7311 8580 4512 9057 4144 4903 1494 9992 5441 6314 8161 2034 6546 6200 9980 4186 2285 5660 8168 5056 4021 8991 8565 5454 6049 3091 6017 5241 7598 9346 3672 1430 5210 7066 2349 3999 5355 3869 3204 9715 6826 2058 5137 7209 4579 3534 4521 9228 7555 4995 4821 1190 3760 1860 2400 6923 9793 1355 6821 3739 7797 8041 6122 7397 4468 5479 7874 8570 6474 3642 2548 3042 4731 2934 5396 3773 8564 3798 8585 4393 766 7840 4181 2231 5393 1501 5867 6327 2615 4314 3848 9095 301 2403 5881 624 7422 1513 9505 1411 6694 6907 5759 8205 5656 5033 2379 3570 9467 9780 9923 5774 6962 7296 1711 3484 2594 2212 3107 5417 9965 7848 6559 1190 7119 6773 3651 6662 7249 4233 2486 5889 1875 3583 4493 3789 6476 9027 9325 9936 178 2347 9560 3619 9981 8167 981 7263 3880 8367 7351 8830 5691 6133 9136 4236 7771 878 9456 285 7879 3782 4436 6347 9869 9021 8008 527 1847 5223 4487 2489 2881 615 1120 817 9586 8253 5796 2567 4760 2401 8857 1988 3814 8173 2496 1414 6916 5954 3947 2642 329 6214 9196 8751 753 3728 4797 8402 3919 8231 4973 7588 3497 6918 8901 1289 4279 9372 909 4163 4628 2891 3620 1367 5008 2583 3950 1901 4238 6100 7593 9053 7491 1847 4099 5822 6519 7739 7280 7228 30 5036 7261 4325 6227 9987 7029 4275 7438 831 8865 427 4094 4028 4003 6761 7296 3410 3197 685 8563 3034 4793 5896 164 4672 446 1120 1925 7433 7875 3417 9629 7452 5913 1602 5915 1067 4397 5527 7309 9661 1618 4689 3472 2690 9526 2366 1454 4492 1639 4071 540 2155 1251 9961 5918 4650 8272 744 1052 7766 2299 2802 5386 5843 243 8527 7021 8696 1091 3377 8161 9719 5462 986 4663 3821 5578 7289 885 6205 5299 7893 2826 7523 2180 5697 8942 2213 5817 9248 274 8940 9952 924 2535 9104 8825 2845 5041 2255 3817 8953 8449 7136 2060 951 885 1026 72 4057 6422 8338 2074 1511 8358 9760 2460 633 6711 672 3327 438 6192 5966 7193 6221 5357 6170 7146 8349 9662 4319 6795 3780 5899 1039 4188 3190 6053 8566 4815 698 6521 1325 7270 2094 1358 8062 7419 5000 2166 1273 7266 321 4467 5970 1893 5326 3422 9224 8983 8267 8192 169 9360 3906 6303 5997 3454 5244 3991 9309 4558 6162 7205 4502 8335 2283 2189 7449 6242 1676 6765 585 5429
