2491
7108
NOT_FOUND
5848
7400
NOT_FOUND
6019
9959
2492
2724
4274
2490
2490
9125
NOT_FOUND
4473
NOT_FOUND
2492
4127
2100
363
3182
1108
2496
2496
8253
7105
NOT_FOUND
6677
7218
2497
2499
NOT_FOUND
6813
2499
6752
1735
2498
2326
2283
5402
NOT_FOUND
7378
559
5150
8161
NOT_FOUND
721
9548
2499
5065
NOT_FOUND
NOT_FOUND
4450
593
NOT_FOUND
NOT_FOUND
7927
2499
4497
2498
NOT_FOUND
2498
NOT_FOUND
3209
2497
2498
1972
2497
NOT_FOUND
4872
1684
6918
8288
2239
3232
2497
2497
NOT_FOUND
5918
2497
3065
NOT_FOUND
2499
8823
9736
290
9649
1831
4348
7991
1558
6551
NOT_FOUND
2496
8924
5493
6620
1139
144
5404
2495
3107
NOT_FOUND
1476
4488
2962
1479
8924
2258
NOT_FOUND
2489
8875
2488
8955
2488
2488
3383
74
2487
NOT_FOUND
5272
1058
9346
7521
7731
3207
2755
638
9638
9329
4188
5092
2478
5858
2479
7660
477
NOT_FOUND
NOT_FOUND
NOT_FOUND
NOT_FOUND
6195
2483
2484
8588
9790
2482
3503
3949
2483
6951
NOT_FOUND
2482
5000
NOT_FOUND
7543
2482
NOT_FOUND
1066
1073
5993
NOT_FOUND
4368
2483
NOT_FOUND
7170
NOT_FOUND
NOT_FOUND
NOT_FOUND
NOT_FOUND
2482
4610
1868
NOT_FOUND
2482
2482
9796
2483
NOT_FOUND
2483
4256
9949
2146
64
3182
3792
7895
9322
419
2480
6424
859
7121
7241
1513
NOT_FOUND
2484
NOT_FOUND
2485
6887
NOT_FOUND
1060
4403
3123
2486
NOT_FOUND
1858
4678
2484
NOT_FOUND
NOT_FOUND
NOT_FOUND
6075
2487
4402
3890
5737
2486
6388
7507
8120
NOT_FOUND
2082
2487
7071
2487
2487
2487
2683
2156
2487
5849
2486
2130
2741
7653
2624
2487
2488
2488
3015
6785
303
2110
NOT_FOUND
9411
2486
2486
2486
2486
2486
2487
NOT_FOUND
NOT_FOUND
2490
9916
9820
7609
NOT_FOUND
4462
2487
9556
2486
48
702
7460
NOT_FOUND
2484
NOT_FOUND
9004
NOT_FOUND
NOT_FOUND
1954
1978
2484
4614
1399
2281
7769
1792
8566
NOT_FOUND
4102
2483
6554
NOT_FOUND
7401
NOT_FOUND
7065
2482
2483
NOT_FOUND
1991
2482
9521
8455
2482
8731
NOT_FOUND
2485
2485
NOT_FOUND
2485
6717
7577
2067
619
3045
NOT_FOUND
2485
NOT_FOUND
9319
1336
1148
9231
2483
NOT_FOUND
2483
1040
8346
7153
NOT_FOUND
NOT_FOUND
4993
NOT_FOUND
2482
NOT_FOUND
NOT_FOUND
NOT_FOUND
NOT_FOUND
3826
2486
2486
2488
1297
1823
3570
5611
3036
8294
584
8736
8557
2489
8302
985
5412
2487
NOT_FOUND
7762
7806
NOT_FOUND
2486
2486
NOT_FOUND
2976
NOT_FOUND
NOT_FOUND
3498
NOT_FOUND
8163
2484
7999
2483
6754
2482
1224
NOT_FOUND
858
2486
6390
NOT_FOUND
1254
NOT_FOUND
NOT_FOUND
611
620
326
2484
9058
NOT_FOUND
2483
6957
1274
2482
5655
NOT_FOUND
NOT_FOUND
2482
9966
5811
NOT_FOUND
NOT_FOUND
8192
755
2486
8414
7643
8250
2387
9510
9402
2481
2805
8867
3736
NOT_FOUND
3666
5383
2480
3844
2391
2483
NOT_FOUND
2483
NOT_FOUND
2485
NOT_FOUND
8813
2485
9684
8957
2484
NOT_FOUND
NOT_FOUND
2235
1434
1503
2485
3614
662
4569
NOT_FOUND
2485
6059
5752
1838
3380
2483
6595
360
5
8102
4103
155
1811
2482
2094
NOT_FOUND
NOT_FOUND
4256
NOT_FOUND
2387
4430
NOT_FOUND
2483
2483
6674
8167
2481
4237
8966
6490
2479
NOT_FOUND
424
7382
2006
3672
2478
2935
2477
5431
8084
2109
6233
2477
141
NOT_FOUND
3565
2476
3428
2476
6136
2475
2239
3372
1526
2323
427
9864
4295
4908
8273
615
7998
69
4484
1480
6145
NOT_FOUND
5938
NOT_FOUND
2472
6223
8521
2473
2473
2205
2473
8947
9831
1206
7009
2472
2473
4194
4652
4632
1025
806
2473
2473
2018
6929
6048
4770
2471
9683
4154
3738
NOT_FOUND
NOT_FOUND
NOT_FOUND
3280
NOT_FOUND
2471
2472
6045
3996
2471
NOT_FOUND
1674
2372
NOT_FOUND
2475
NOT_FOUND
6645
5211
4254
2060
2221
969
1590
2470
NOT_FOUND
2472
4983
2474
930
1802
1015
7690
1760
2473
NOT_FOUND
1399
NOT_FOUND
2476
376
2475
9354
2474
2474
2474
1017
7895
7293
2472
NOT_FOUND
2499
4588
3169
NOT_FOUND
2473
6499
194
4739
6129
NOT_FOUND
2273
2964
4814
9315
2594
5973
NOT_FOUND
9989
1461
864
2474
NOT_FOUND
NOT_FOUND
1862
7203
NOT_FOUND
NOT_FOUND
2473
2473
NOT_FOUND
1633
8249
637
7668
NOT_FOUND
2475
1828
2507
4717
2472
2472
2472
NOT_FOUND
NOT_FOUND
2894
2472
3225
3648
NOT_FOUND
2475
NOT_FOUND
8160
4479
432
9665
3557
2475
1823
8108
2474
2474
2474
6251
NOT_FOUND
8165
NOT_FOUND
NOT_FOUND
9457
4980
2472
NOT_FOUND
1934
3074
7259
6610
5161
NOT_FOUND
NOT_FOUND
2477
NOT_FOUND
2477
2477
8344
2976
4650
7452
925
2501
4883
NOT_FOUND
9616
2470
NOT_FOUND
NOT_FOUND
2474
2476
795
2475
2475
NOT_FOUND
NOT_FOUND
6603
NOT_FOUND
9788
2475
NOT_FOUND
8473
4134
NOT_FOUND
2475
2475
8793
4587
9710
2475
1947
9615
4628
6133
2474
679
433
1142
9103
2472
7123
6486
1226
8574
2474
NOT_FOUND
NOT_FOUND
672
9748
7833
2471
7186
6436
2470
5704
NOT_FOUND
7914
8546
6925
NOT_FOUND
9811
5444
NOT_FOUND
6477
2469
368
2468
NOT_FOUND
NOT_FOUND
2470
NOT_FOUND
2470
4509
1396
2468
6951
2468
4832
4869
726
9871
4069
NOT_FOUND
2465
4253
6047
5420
3970
3308
NOT_FOUND
563
1505
2765
2471
2471
NOT_FOUND
4111
809
415
2855
533
NOT_FOUND
457
7795
2469
NOT_FOUND
4222
8750
2468
2468
NOT_FOUND
NOT_FOUND
NOT_FOUND
2472
NOT_FOUND
NOT_FOUND
1902
2471
2471
8711
NOT_FOUND
767
74
2301
2591
8593
2467
7202
894
6382
NOT_FOUND
NOT_FOUND
1147
1060
2475
3230
4480
9254
2474
463
2474
7099
8009
2473
8821
2473
7700
9473
2473
2920
396
4690
8205
2473
6012
6914
5080
NOT_FOUND
NOT_FOUND
3909
9318
5826
2472
6823
2472
3604
NOT_FOUND
2471
3222
798
6626
NOT_FOUND
4244
7166
2475
1498
NOT_FOUND
2474
NOT_FOUND
NOT_FOUND
2089
NOT_FOUND
NOT_FOUND
2475
NOT_FOUND
NOT_FOUND
9687
NOT_FOUND
1674
4812
2444
NOT_FOUND
2742
3039
2267
7784
2476
2476
8515
6319
2478
3741
6894
2478
NOT_FOUND
930
NOT_FOUND
222
2484
2484
NOT_FOUND
2485
2934
NOT_FOUND
7
7449
846
NOT_FOUND
5824
4241
NOT_FOUND
5233
296
1569
9308
NOT_FOUND
2477
NOT_FOUND
2477
NOT_FOUND
2477
NOT_FOUND
NOT_FOUND
4212
2477
6276
NOT_FOUND
1917
2475
3223
2962
2474
NOT_FOUND
2476
9795
2476
1746
2085
2480
2480
49
9537
6567
9203
NOT_FOUND
7681
4895
2478
1378
3739
NOT_FOUND
3311
8744
1281
1306
2478
5331
NOT_FOUND
NOT_FOUND
NOT_FOUND
NOT_FOUND
1878
1685
1635
7809
2478
8693
2479
2479
2480
2480
7988
296
9283
2478
2479
9780
2483
9148
1179
7861
2486
1821
2543
NOT_FOUND
7216
9769
2853
6823
3065
2486
NOT_FOUND
3480
2488
8130
NOT_FOUND
1746
3581
2486
6118
4238
9247
2485
2486
6151
2796
5538
1276
NOT_FOUND
5680
4828
NOT_FOUND
27
6368
9035
4257
NOT_FOUND
NOT_FOUND
NOT_FOUND
9279
8639
2488
NOT_FOUND
2491
2491
8652
4810
3813
2489
2492
2492
1008
3962
2493
3255
2493
3661
253
6968
NOT_FOUND
5316
2490
764
8781
2489
6651
8596
3525
1822
2485
6959
6128
2483
7900
9001
1898
4290
9999
7071
NOT_FOUND
138
NOT_FOUND
138
NOT_FOUND
349
62
2583
2482
7305
2481
931
NOT_FOUND
2482
3938
NOT_FOUND
2486
NOT_FOUND
6345
670
2488
2488
6943
6289
NOT_FOUND
NOT_FOUND
5115
7811
7471
1919
1777
2485
2485
6252
5719
2484
NOT_FOUND
1189
4402
5279
NOT_FOUND
2481
314
NOT_FOUND
2483
6072
6908
4093
9171
NOT_FOUND
4049
NOT_FOUND
2218
6077
2481
2481
995
NOT_FOUND
2711
5578
2481
4496
3840
2486
NOT_FOUND
2490
2490
NOT_FOUND
2492
703
4032
2491
907
2490
4759
NOT_FOUND
5294
573
982
326
NOT_FOUND
8394
2488
NOT_FOUND
NOT_FOUND
NOT_FOUND
2488
4374
2080
1409
5199
8010
2488
NOT_FOUND
8960
5794
2498
5667
8121
7615
9133
NOT_FOUND
4006
5156
3712
5492
547
8245
4767
NOT_FOUND
493
NOT_FOUND
2497
4768
814
2496
2235
2496
NOT_FOUND
2497
8810
2496
2496
4334
2496
3536
9759
9720
2494
2494
5627
252
NOT_FOUND
971
NOT_FOUND
NOT_FOUND
8978
9350
2492
1871
156
2490
326
9633
NOT_FOUND
NOT_FOUND
1712
2488
2491
NOT_FOUND
2491
NOT_FOUND
5823
NOT_FOUND
9829
5044
NOT_FOUND
NOT_FOUND
6242
2489
8126
NOT_FOUND
5798
3767
NOT_FOUND
4386
2488
NOT_FOUND
1699
9476
NOT_FOUND
2487
8150
NOT_FOUND
NOT_FOUND
NOT_FOUND
2298
NOT_FOUND
2488
5763
2489
2492
NOT_FOUND
1470
6741
2492
7999
9339
2492
6239
2632
7344
7116
3588
882
2886
NOT_FOUND
2810
2487
1246
3662
NOT_FOUND
7933
2484
2484
NOT_FOUND
282
6853
3459
NOT_FOUND
1121
2448
5934
7738
1947
NOT_FOUND
1095
5791
2532
NOT_FOUND
2484
4421
2483
2485
588
NOT_FOUND
1454
2994
2486
9538
1575
89
1484
2487
NOT_FOUND
NOT_FOUND
7410
1505
2489
4586
NOT_FOUND
5316
9461
2486
NOT_FOUND
1273
2489
2489
2489
7221
NOT_FOUND
4334
2489
NOT_FOUND
2489
9978
2488
NOT_FOUND
2885
9331
2489
2108
2489
2487
7909
NOT_FOUND
1776
731
2490
NOT_FOUND
NOT_FOUND
4625
8870
NOT_FOUND
2491
3671
1473
5597
5462
2494
NOT_FOUND
2494
NOT_FOUND
230
4682
8349
626
NOT_FOUND
9598
2493
3499
2492
1489
2492
5505
NOT_FOUND
NOT_FOUND
891
1274
6575
7955
2489
8786
NOT_FOUND
891
2490
2491
NOT_FOUND
7000
5429
6569
55
9492
2067
8694
3185
8076
2487
7398
3741
742
2486
2486
2409
4514
NOT_FOUND
7170
8186
2076
9286
2486
8397
9322
7435
9750
2256
6527
2906
NOT_FOUND
2484
2459
7381
NOT_FOUND
6484
4414
5450
2482
NOT_FOUND
NOT_FOUND
2483
4553
4125
626
1842
4713
4662
1991
655
1138
2223
5234
NOT_FOUND
4219
6675
NOT_FOUND
2483
NOT_FOUND
2483
2485
2411
9950
2487
2805
NOT_FOUND
1453
6479
1862
NOT_FOUND
8176
6736
4226
NOT_FOUND
192
1974
2485
2485
1047
NOT_FOUND
2484
9953
2484
5534
1323
3648
519
2055
NOT_FOUND
9438
2916
2830
2325
445
2482
2483
2126
NOT_FOUND
3726
NOT_FOUND
290
2482
2482
2484
6463
NOT_FOUND
NOT_FOUND
2486
9280
8423
2678
5319
8703
NOT_FOUND
7304
3938
NOT_FOUND
NOT_FOUND
2481
9260
NOT_FOUND
NOT_FOUND
7461
2051
7775
7821
9672
2476
1243
5872
2475
6554
3664
2474
281
1811
834
7762
2476
1822
NOT_FOUND
2476
2476
3484
NOT_FOUND
8535
2481
2481
2481
6614
2481
1237
9523
4572
NOT_FOUND
NOT_FOUND
1977
NOT_FOUND
NOT_FOUND
6325
NOT_FOUND
2516
2479
7766
6190
NOT_FOUND
7973
NOT_FOUND
9278
9765
2477
3210
123
374
NOT_FOUND
NOT_FOUND
7461
NOT_FOUND
NOT_FOUND
1903
NOT_FOUND
778
NOT_FOUND
NOT_FOUND
2479
2887
9122
NOT_FOUND
2477
2802
4493
2477
2477
6787
5788
187
652
2477
2006
2476
7121
285
NOT_FOUND
9474
9004
1259
7161
NOT_FOUND
2481
2482
2482
788
2485
2485
3257
3758
NOT_FOUND
2485
2485
2485
2486
605
8479
2484
NOT_FOUND
6699
NOT_FOUND
1695
2485
NOT_FOUND
NOT_FOUND
NOT_FOUND
8075
NOT_FOUND
2493
NOT_FOUND
1921
2493
2495
1687
6588
1542
7394
2510
2496
847
2495
9262
497
6102
7579
6009
7223
2492
NOT_FOUND
6346
1084
NOT_FOUND
708
9735
5932
2554
8382
NOT_FOUND
4245
4512
2492
NOT_FOUND
2492
2492
9489
5081
2491
1687
5053
4131
6295
2489
2490
9190
NOT_FOUND
NOT_FOUND
NOT_FOUND
NOT_FOUND
1753
492
4916
2489
2589
2207
2469
2331
NOT_FOUND
3446
2495
5335
1557
9295
2498
427
1850 908 1765 5703 2309 2220 7044 4850 1335 8850 5802 2894 4854 3954 2841 4694 8836 8228 4784 6081 8870 9820 3830 1427 8176 9822 7459 6260 4777 4450 6610 1333 8994 2241 579 6936 3167 2452 1105 8156 3521 4455 393 7080 2190 6573 8153 5047 350 4904 1933 3717 8117 5135 4575 5979 6954 4034 1460 4351 6088 3653 5284 5884 2977 7974 8386 9348 3351 3370 1588 2712 1731 4972 1163 9289 4496 7590 3309 8373 1364 1828 6214 9865 6460 1674 5669 7202 888 4754 3117 5650 1441 3314 9604 7205 3573 3488 7173 7515 1318 5550 5192 3749 3986 4758 3032 3374 9213 3304 8212 3916 9839 4902 8249 5979 4046 5939 943 8082 2500 2164 188 4350 1924 4303 6913 8061 7239 1851 6004 5167 1990 126 9964 324 8355 7226 4596 5175 9440 6843 6539 2504 604 3969 5091 2084 5791 4399 5630 5984 4828 17 6755 9386 8705 7055 8484 8488 4618 8557 9230 4026 2638 3254 7505 2532 1746 3438 5069 8922 423 8471 9871 7948 966 824 5038 5065 8119 900 5174 3653 502 7689 8217 2920 7873 2894 3004 356 9054 6625 8788 391 8727 2818 9038 2642 1110 1633 249 1462 805 3857 1908 3604 7990 4277 9178 396 6013 5769 407 278 9275 7452 8241 2069 3682 7435 9237 3830 5326 8036 8359 1597 1329 9398 3760 1230 8046 8930 9934 8935 3459 6299 2899 850 4108 5685 9454 8376 1964 9242 8527 8122 5922 2851 7523 9871 86 4156 1842 2885 7045 9271 3101 6861 913 9466 1270 3084 8112 3196 9280 7311 1817 3891 1768 3374 5907 4348 4354 2962 4035 6057 1176 2372 4174 4996 3990 4508 3719 2152 3952 1079 3305 7673 7189 5864 7843 8945 987 1162 2332 221 9418 2014 8560 5994 155 3620 3805 6366 819 2657 4914 8976 7712 221 7333 598 3929 2987 1193 1802 8209 1588 8832 8987 6399 3255 3653 7623 7377 949 2270 3360 8550 842 9297 1054 2045 5639 9818 2525 4262 4097 9620 8000 5650 3613 5922 8263 6264 9776 9243 925 6801 268 7025 652 9708 3794 9282 964 1044 1389 5974 208 9758 6407 216 9868 9678 7754 9660 2421 4782 9930 8870 9027 5019 7484 6394 8026 5831 9384 9188 716 7641 9005 4559 9371 4164 1189 9632 5247 9242 7588 2474 1690 1769 2087 4043 1550 8319 246 2466 8218 7074 5507 8595 6754 4569 4945 8870 8351 8697 9086 7244 7478 6295 199 2694 6147 3472 360 6347 4184 4504 7181 8333 9569 7790 8945 8557 7350 8116 4423 6936 3633 164 3302 8987 3254 8041 7923 1255 9939 1412 1516 708 5863 4118 3393 5056 3494 9460 5122 3862 1982 2839 8416 4282 1687 5198 6209 5027 7113 9360 9766 7979 3765 9411 8538 5941 9335 612 607 5200 2005 9648 2575 3148 3471 1570 2222 9833 3810 416 4119 2591 6615 4592 7216 8800 2938 9464 8071 3364 33 3764 1401 7945 6782 6287 4977 6174 1495 1701 3736 3671 1251 1484 2123 818 2030 401 9360 1801 9870 1479 7992 3855 425 8897 5193 2200 1193 5771 2454 9362 5114 451 8912 7650 5928 6054 46 647 2541 7916 818 772 9478 9093 4514 8824 3413 4313 6778 9693 7306 7347 2667 9000 1872 7643 8144 1028 9835 3314 7083 1437 5859 4862 229 5947 1885 3024 2268 3991 3266 6615 6712 6645 7812 9273 4825 7007 6497 8868 5911 3440 3121 5539 5696 8718 4087 5772 4649 8897 2918 2513 391 9678 6177 2687 3709 8525 6478 7365 2386 8441 9338 7290 9156 8882 3996 4851 1295 9156 9043 1822 1645 7611 9975 760 5645 7275 1274 8855 634 3222 7409 7369 7160 5162 90 9846 2464 7804 9512 6868 4037 9188 8030 4151 6744 2680 5534 9011 4850 8160 7425 5749 2804 1775 5428 912 7529 2123 7072 34 615 2488 6957 5477 1352 6644 4558 3574 6434 1819 9056 9525 222 5843 5375 5733 2895 8577 9521 7692 8830 3820 8389 1905 7263 7307 7362 305 479 4241 2832 2668 137 5009 9521 5832 6632 651 5329 8663 6339 8381 865 4448 7128 7433 7986 9242 5395 7332 6210 2070 1965 6901 7456 3500 6128 9637 7437 7139 2802 9707 3468 3137 7544 5676 6020 779 2576 1054 6505 4082 2960 9800 9808 3825 2970 1266 6928 1970 3149 1988 8186 4396 4732 8972 2667 3567 303 8608 3110 3230 3709 4608 2785 7851 9998 3947 2102 6891 5020 9192 3839 9158 5907 9329 929 1494 9763 1809 9821 9472 8464 8184 3310 573 4584 1163 8668 4697 8763 3949 7878 6540 7292 6561 2160 9989 4087 3939 3697 6347 5740 1902 258 1380 6905 6810 257 7260 6944 2536 9008 4981 3805 3469 6788 6119 9087 1959 9036 2275 2465 6366 3686 8165 5076 208 438 2449 2428 1825 8344 8595 9494 7824 4668 1422 6203 3024 2686 8042 5881 2709 9531 2731 9967 8630 6461 4990 9618 9769 4620 5271 6603 3068 4064 6409 6353 4614 4332 7942 2574 389 2871 9842 7313 8465 4681 595 3290 6742 7585 5515 6143 919 3164 1861 8008 8110 8356 8441 3492 5817 2709 2098 4241 2926 9179 1806 9076 5319 9808 1349 3602 3923 7183 9329 1612 7784 6895 3057 157 7674 3443 7615 9467 9592 6700 2542 4642 6414 3509 9272 8638 7652 232 1246 6715 6033 2155 3043 3934 1065 872 8759 6718 7221 9807 2363 5325 7756 6473 7544 7317 4763 769 2973 6881 7192 3796 2918 6832 4268 4164 8686 9751 3112 8585 3460 4945 3779 3649 2661 696 6204 62 1139 7172 7911 1977 6196 9021 9182 5388 4206 7259 6228 9885 2248 2297 1472 6158 1241 377 9774 8110 2060 9988 3180 6483 4980 1312 8052 1370 3577 513 9132 6181 1485 6270 7109 2756 3681 5344 1699 6913 340 2616 4599 6474 4471 7820 802 1520 8529 5053 2825 4771 8722 8548 1257 2861 7182 4447 1700 283 8001 2490 9984 8501 5266 1848 1770 2159 6260 3797 9980 9009 8565 559 4635 2130 2726 9343 5906 2168 7470 3687 2310 7379 6952 9001 3585 4643 493 1024 4069 4798 2784 2301 9632 3367 7370 2934 5749 8653 7261 427 3736 3358 7736 6369 2175 6582 8959 8708 6378 9595 3028 4738 8773 6899 7930 1018 4325 428 6962 3831 7163 2946 6075 7282 3147 2957 9043 5557 3536 7216 8854 5104 3472 5651 9291 8391 4033 5829 5143 4903 9857 7925 9011 5910 1863 7726 6447 5708 3247 294 7329 3026 2633 2915 4758 7211 8175 5980 4377 2406 271 9953 4084 8727 1767 6687 9963 7965 3912 9029 3820 9304 1218 7001 2318 1014 9864 3027 3089 3924 6613 7680 6499 115 1449 2845 8250 1375 3735 8848 2501 9029 47 4491 6804 782 5489 5794 5496 8377 3444 1445 8299 7148 1797 3061 4594 7012 1714 648 5261 1823 5468 8904 6049 8570 1308 2779 5144 8259 5495 4942 4084 2604 6437 6287 1350 7042 5131 8409 3460 6988 2288 9373 9669 7859 6733 1662 7391 5983 5657 8565 1956 9438 5267 5801 8047 5457 7109 950 4069 9048 4994 5657 9270 4341 6877 1289 8090 3187 8298 3856 4834 3668 8700 2990 8043 3195 3536 1011 1757 120 8107 1148 5504 6722 8795 7193 4083 5707 2915 6604 293 874 6240 4258 2662 5544 8675 4933 7639 1746 9589 2059 1745 5130 7584 5721 838 8305 2622 9747 5402 2150 7988 2996 7852 3684 8329 8490 7298 8377 7120 8589 4879 4144 99 340 3509 2157 1112 9853 8480 1872 1805 4052 2020 4275 2891 1387 8870 7230 7274 5571 3343 8502 9260 6463 3442 7174 3385 6920 1766 2278 9770 9887 2426 2553 4616 7394 414 2454 9414 7311 1827 8024 2232 7446 2879 2963 4435 9454 4316 4907 244 7205 4885 7546 5479 4826 7967 9820 9808 2409 2745 8603 2056 3638 1008 9539 9121 9632 2417 6348 2868 1761 6491 3204 3131 5352 644 1960 1428 1089 5802 4287 8237 5835 2454 4516 979 6699 611 3228 2342 4671 7689 3648 1483 6326 972 2309 7310 2363 4218 3628 3717 5856 9561 4756 5294 7796 6858 8808 5764 4748 9812 2876 8565 4681 9223 8166 5581 6611 9807 2591 1191 5207 9324 1862 5505 785 9334 9720 1184 3793 1527 5233 8803 1493 9022 4090 4893 776 149 7284 4840 5957 5887 8564 7863 1834 6017 8387 5012 6800 8227 4430 1109 7805 3323 2660 9949 3084 7458 7673 7438 1276 1126 6777 7886 5766 9759 7990 5221 2537 7058 6471 1209 3093 2124 342 5564 3077 5873 8291 2517 8878 8152 5780 1135 9072 1281 3084 471 9521 304 6499 8931 1125 4751 7201 7172 9434 6242 6725 3912 6792 2054 667 6167 7017 3831 3366 8465 4801 8442 7307 3057 8974 9664 865 2441 8924 3436 679 2875 8579 3217 917 5333 3590 3209 8919 7578 4502 4104 1217 4274 9486 8835 2605 8180 9133 4947 8268 7278 4325 7767 1050 5781 8124 2390 8558 9672 6039 6533 4287 8579 2649 7376 8595 5095 7959 1995 5451 6746 2001 3151 5488 6292 4981 8031 1859 8411 7392 5626 7516 4086 4141 6105 6846 2967 4428 4620 8296 1759 5167 3688 1132 1444 5925 4287 7908 3508 8502 1240 2815 8364 8570 3417 8786 9156 7349 9285 4258 7701 5875 1740 9172 7356 933 4725 3162 9426 7763 904 2181 5795 1983 9266 2031 8368 1322 2035 6110 7973 157 1517 9464 1303 3136 4731 1400 9618 6209 4350 693 6026 4538 8911 9375 7036 1596 2857 147 5220 2591 7299 711 8730 8297 7854 4342 6085 7321 7603 8410 8543 5552 2950 6099 1629 1434 6235 4597 5478 215 9319 9186 4613 4852 6391 8738 8845 7728 2603 9341 5647 8289 9184 2483 2200 4008 3615 9116 7918 8264 5967 3569 1901 2283 6890 5430 4245 1930 3504 2758 1153 3933 5590 6062 956 7610 1850 2746 9220 9225 298 6014 6429 1396 1859 1151 9328 8317 1655 2215 316 9974 6011 1774 9803 6153 2721 6668 5582 915 2964 6314 6732 7566 6420 9870 3153 8691 6999 6579 2336 9284 144 8749 3886 6050 1891 5404 2777 4215 5855 734 8209 2411 291 1225 5480 3075 947 5980 3592 8817 726 8518 6757 6603 7049 637 3243 8761 4532 3850 8351 5842 7257 8281 5702 1165 6744 8475 6271 774 3288 7589 2384 9391 2924 1319 9117 8467 5479 4861 4482 7965 313 6145 3081 1711 8574 189 57 8705 7154 8801 233 4158 1127 3529 1087 7346 8140 8235 3039 2459 2305 8613 2777 8506 5453 3289 8438 9732 1805 4498 7792 2226 3937 3621 5794 7114 2418 4865 1738 5141 6850 3766 4661 5913 3480 1121 6211 2360 6674 4370 6449 9504 4084 2728 4030 1074 786 5755 5611 5449 1929 9522 9419 6991 6020 4167 6287 3311 5067 6777 6973 9999 3134 2446 8323 5496 7574 6023 4704 378 1182 2912 8670 43 6831 1175 9414 5772 1635 2969 256 828 5979 2018 8073 4523 321 5043 4667 8565 9152 1818 3880 4969 107 8626 3689 8267 3432 5757 789 2638 7973 7594 1577 3371 931 6807 1116 4393 8847 9144 3054 401 8432 5650 6244 5629 5342 3598 8854 2892 5082 4915 1222 3132 253 6203 7719 5326 6098 814 778 6800 4166 4908 2336 3588 4586 3730 8273 8287 6920 1072 2911 8092 9210 1467 9216 8086 6356 4804 521 2138 4230 6854 7321 4306 791 2825 3939 9865 4259 6434 9649 1016 7722 4492 5338 5530 5947 5108 3750 5005 9444 122 4507 3989 7637 6575 2902 8751 9740 4352 4263 4522 3117 6565 6851 3 4377 2935 8871 8369 6558 6323 2767 411 2211 9418 5941 7959 6638 1447 7252 1359 2380 4313 3770 9858 114 2150 795 4895 9095 969 1616 1402 5156 9650 7569 974 2527 9698 3151 6128 9856 6141 3820 3627 3907 6025 4733 1407 5488 4028 8859 9999 9914 6598 2276 9249 9702 443 7528 987 693 7555 1351 8144 2729 6617 9876 4050 6497 4746 6500 8704 791 2279 2816 4433 6175 3749 1226 1172 5570 7378 9841 6284 164 856 6730 184 758 3737 2533 9481 8379 5333 2098 5839 2905 1974 8295 3715 689 1119 8205 2511 5536 2344 275 4309 6223 9985 7809 4137 5146 459 4407 9499 5286 3126 5036 1457 73 3641 8398 45 1251 8397 3742 9596 5663 4055 8685 7973 9951 8488 4255 1299 9505 6919 5965 7095 7240 4807 3409 8566 6327 5854 3701 6183 6536 4337 9129 1164 7740 7864 3166 833 6448 7210 4221 9088 2455 4783 5935 5150 7466 582 1804 1726 669 6395 4080 99 8059 2313 5392 9169 998 2375 5380 3053 1309 3491 5350 8153 3930 7308 8486 2521 3932 798 5204 2402 5179 8943 2204 1781 7663 1972 8914 2008 1121 7284 5828 2923 9908 1705 2812 9776 4624 227 9687 9067 8998 7859 600 4375 3755 8702 1209 3652 2518 4702 8325 1724 7214 9015 8711 8183 2927 9837 1884 8440 4661 7052 6108 5586 2915 4793 1671 829 1740 9093 115 3710 3755 5453 7183 5454 4835 2273 1096 7899 6291 431 2947 4926 9095 9688 8560 378 7564 9820 7830 5571 6296 3302 101 3226 345 9983 5148 9250 3366 4182 5258 6492 8951 6939 6403 3423 8118 4748 6281 7122 6762 2239 1960 3953 453 195 8637 4917 1177 6921 885 8917 9845 5466 1434 6870 1189 2141 9371 3844 4807 7130 9335 3036 112 6991 9038 684 1413 7989 3423 4645 5275 6276 8058 2832 7611 991 8986 5941 356 9810 7110 3789 4539 3793 3430 6594 9126 9070 6931 9805 5520 4080 3103 3438 120 8630 620 6936 9321 859 4005 479 3772 705 4509 8608 1760 8026 5605 9327 6448 2068 128 3841 4011 3064 2995 8974 8098 1387 7703 369 7222 4259 7814 7666 4532 6879 6099 9263 602 2447 7475 9803 2381 286 2862 9890 8793 2510 9168 4031 5697 1587 7929 8673 4460 2204 2482 1601 4912 2768 2753 707 4381 1786 7313 4584 8005 5077 2328 2724 576 4504 5899 6517 980 4848 544 835 517 2465 4675 8712 7742 564 5263 2917 4724 1019 7251 6987 9009 923 2303 7494 1280 3372 1161 7165 3219 5916 5670 1364 1406 5045 6711 370 9738 3797 1275 6052 3840 4227 8922 2156 3431 4027 7557 9337 9583 9298 2615 1970 3392 2996 3619 1957 4198 1970 6062 5621 6891 6343 9258 7136 2203 3707 5702 9313 8417 6850 8036 2949 1579 8507 5405 9074 4544 7427 9509 1436 5456 2697 4090 1725 9576 8153 5403 5968 5208 7231 8322 8349 1904 3156 8668 8621 5133 7283 1916 6960 4553 329 8198 3404 3896 8165 1037 1432 3378 7358 2473 1350 5827 2203 6106 8893 2131 5577 6690 7356 1795 5127 9191 4618 1599 3042 9621 409 3914 2491 6241 8677 690 5200 6373 527 7318 8497 6759 3333 7231 4248 1571 4806 5242 6252 3305 1731 8789 3356 5859 8082 4888 1495 3000
1850 908 1765 5703 2309 2220 7044 4850 1335 8850 5802 2894 4854 3954 2841 4694 8836 8228 4784 6081 8870 9820 3830 1427 8176 9822 7459 6260 4777 4450 6610 1333 8994 2241 579 6936 3167 2452 1105 8156 3521 4455 393 7080 2190 6573 8153 5047 350 4904 1933 3717 8117 5135 4575 5979 6954 4034 1460 4351 6088 3653 5284 5884 2977 7974 8386 9348 3351 3370 1588 2712 1731 4972 1163 9289 4496 7590 3309 8373 1364 1828 6214 9865 6460 1674 5669 7202 888 4754 3117 5650 1441 3314 9604 7205 3573 3488 7173 7515 1318 5550 5192 3749 3986 4758 3032 3374 9213 3304 8212 3916 9839 4902 8249 5979 4046 5939 943 8082 2500 2164 188 4350 1924 4303 6913 8061 7239 1851 6004 5167 1990 126 9964 324 8355 7226 4596 5175 9440 6843 6539 2504 604 3969 5091 2084 5791 4399 5630 5984 4828 17 6755 9386 8705 7055 8484 8488 4618 8557 9230 4026 2638 3254 7505 2532 1746 3438 5069 8922 423 8471 9871 7948 966 824 5038 5065 8119 900 5174 3653 502 7689 8217 2920 7873 2894 3004 356 9054 6625 8788 391 8727 2818 9038 2642 1110 1633 249 1462 805 3857 1908 3604 7990 4277 9178 396 6013 5769 407 278 9275 7452 8241 2069 3682 7435 9237 3830 5326 8036 8359 1597 1329 9398 3760 1230 8046 8930 9934 8935 3459 6299 2899 850 4108 5685 9454 8376 1964 9242 8527 8122 5922 2851 7523 9871 86 4156 1842 2885 7045 9271 3101 6861 913 9466 1270 3084 8112 3196 9280 7311 1817 3891 1768 3374 5907 4348 4354 2962 4035 6057 1176 2372 4174 4996 3990 4508 3719 2152 3952 1079 3305 7673 7189 5864 7843 8945 987 1162 2332 221 9418 2014 8560 5994 155 3620 3805 6366 819 2657 4914 8976 7712 221 7333 598 3929 2987 1193 1802 8209 1588 8832 8987 6399 3255 3653 7623 7377 949 2270 3360 8550 842 9297 1054 2045 5639 9818 2525 4262 4097 9620 8000 5650 3613 5922 8263 6264 9776 9243 925 6801 268 7025 652 9708 3794 9282 964 1044 1389 5974 208 9758 6407 216 9868 9678 7754 9660 2421 4782 9930 8870 9027 5019 7484 6394 8026 5831 9384 9188 716 7641 9005 4559 9371 4164 1189 9632 5247 9242 7588 2474 1690 1769 2087 4043 1550 8319 246 2466 8218 7074 5507 8595 6754 4569 4945 8870 8351 8697 9086 7244 7478 6295 199 2694 6147 3472 360 6347 4184 4504 7181 8333 9569 7790 8945 8557 7350 8116 4423 6936 3633 164 3302 8987 3254 8041 7923 1255 9939 1412 1516 708 5863 4118 3393 5056 3494 9460 5122 3862 1982 2839 8416 4282 1687 5198 6209 5027 7113 9360 9766 7979 3765 9411 8538 5941 9335 612 607 5200 2005 9648 2575 3148 3471 1570 2222 9833 3810 416 4119 2591 6615 4592 7216 8800 2938 9464 8071 3364 33 3764 1401 7945 6782 6287 4977 6174 1495 1701 3736 3671 1251 1484 2123 818 2030 401 9360 1801 9870 1479 7992 3855 425 8897 5193 2200 1193 5771 2454 9362 5114 451 8912 7650 5928 6054 46 647 2541 7916 818 772 9478 9093 4514 8824 3413 4313 6778 9693 7306 7347 2667 9000 1872 7643 8144 1028 9835 3314 7083 1437 5859 4862 229 5947 1885 3024 2268 3991 3266 6615 6712 6645 7812 9273 4825 7007 6497 8868 5911 3440 3121 5539 5696 8718 4087 5772 4649 8897 2918 2513 391 9678 6177 2687 3709 8525 6478 7365 2386 8441 9338 7290 9156 8882 3996 4851 1295 9156 9043 1822 1645 7611 9975 760 5645 7275 1274 8855 634 3222 7409 7369 7160 5162 90 9846 2464 7804 9512 6868 4037 9188 8030 4151 6744 2680 5534 9011 4850 8160 7425 5749 2804 1775 5428 912 7529 2123 7072 34 615 2488 6957 5477 1352 6644 4558 3574 6434 1819 9056 9525 222 5843 5375 5733 2895 8577 9521 7692 8830 3820 8389 1905 7263 7307 7362 305 479 4241 2832 2668 137 5009 9521 5832 6632 651 5329 8663 6339 8381 865 4448 7128 7433 7986 9242 5395 7332 6210 2070 1965 6901 7456 3500 6128 9637 7437 7139 2802 9707 3468 3137 7544 5676 6020 779 2576 1054 6505 4082 2960 9800 9808 3825 2970 1266 6928 1970 3149 1988 8186 4396 4732 8972 2667 3567 303 8608 3110 3230 3709 4608 2785 7851 9998 3947 2102 6891 5020 9192 3839 9158 5907 9329 929 1494 9763 1809 9821 9472 8464 8184 3310 573 4584 1163 8668 4697 8763 3949 7878 6540 7292 6561 2160 9989 4087 3939 3697 6347 5740 1902 258 1380 6905 6810 257 7260 6944 2536 9008 4981 3805 3469 6788 6119 9087 1959 9036 2275 2465 6366 3686 8165 5076 208 438 2449 2428 1825 8344 8595 9494 7824 4668 1422 6203 3024 2686 8042 5881 2709 9531 2731 9967 8630 6461 4990 9618 9769 4620 5271 6603 3068 4064 6409 6353 4614 4332 7942 2574 389 2871 9842 7313 8465 4681 595 3290 6742 7585 5515 6143 919 3164 1861 8008 8110 8356 8441 3492 5817 2709 2098 4241 2926 9179 1806 9076 5319 9808 1349 3602 3923 7183 9329 1612 7784 6895 3057 157 7674 3443 7615 9467 9592 6700 2542 4642 6414 3509 9272 8638 7652 232 1246 6715 6033 2155 3043 3934 1065 872 8759 6718 7221 9807 2363 5325 7756 6473 7544 7317 4763 769 2973 6881 7192 3796 2918 6832 4268 4164 8686 9751 3112 8585 3460 4945 3779 3649 2661 696 6204 62 1139 7172 7911 1977 6196 9021 9182 5388 4206 7259 6228 9885 2248 2297 1472 6158 1241 377 9774 8110 2060 9988 3180 6483 4980 1312 8052 1370 3577 513 9132 6181 1485 6270 7109 2756 3681 5344 1699 6913 340 2616 4599 6474 4471 7820 802 1520 8529 5053 2825 4771 8722 8548 1257 2861 7182 4447 1700 283 8001 2490 9984 8501 5266 1848 1770 2159 6260 3797 9980 9009 8565 559 4635 2130 2726 9343 5906 2168 7470 3687 2310 7379 6952 9001 3585 4643 493 1024 4069 4798 2784 2301 9632 3367 7370 2934 5749 8653 7261 427 3736 3358 7736 6369 2175 6582 8959 8708 6378 9595 3028 4738 8773 6899 7930 1018 4325 428 6962 3831 7163 2946 6075 7282 3147 2957 9043 5557 3536 7216 8854 5104 3472 5651 9291 8391 4033 5829 5143 4903 9857 7925 9011 5910 1863 7726 6447 5708 3247 294 7329 3026 2633 2915 4758 7211 8175 5980 4377 2406 271 9953 4084 8727 1767 6687 9963 7965 3912 9029 3820 9304 1218 7001 2318 1014 9864 3027 3089 3924 6613 7680 6499 115 1449 2845 8250 1375 3735 8848 2501 9029 47 4491 6804 782 5489 5794 5496 8377 3444 1445 8299 7148 1797 3061 4594 7012 1714 648 5261 1823 5468 8904 6049 8570 1308 2779 5144 8259 5495 4942 4084 2604 6437 6287 1350 7042 5131 8409 3460 6988 2288 9373 9669 7859 6733 1662 7391 5983 5657 8565 1956 9438 5267 5801 8047 5457 7109 950 4069 9048 4994 5657 9270 4341 6877 1289 8090 3187 8298 3856 4834 3668 8700 2990 8043 3195 3536 1011 1757 120 8107 1148 5504 6722 8795 7193 4083 5707 2915 6604 293 874 6240 4258 2662 5544 8675 4933 7639 1746 9589 2059 1745 5130 7584 5721 838 8305 2622 9747 5402 2150 7988 2996 7852 3684 8329 8490 7298 8377 7120 8589 4879 4144 99 340 3509 2157 1112 9853 8480 1872 1805 4052 2020 4275 2891 1387 8870 7230 7274 5571 3343 8502 9260 6463 3442 7174 3385 6920 1766 2278 9770 9887 2426 2553 4616 7394 414 2454 9414 7311 1827 8024 2232 7446 2879 2963 4435 9454 4316 4907 244 7205 4885 7546 5479 4826 7967 9820 9808 2409 2745 8603 2056 3638 1008 9539 9121 9632 2417 6348 2868 1761 6491 3204 3131 5352 644 1960 1428 1089 5802 4287 8237 5835 2454 4516 979 6699 611 3228 2342 4671 7689 3648 1483 6326 972 2309 7310 2363 4218 3628 3717 5856 9561 4756 5294 7796 6858 8808 5764 4748 9812 2876 8565 4681 9223 8166 5581 6611 9807 2591 1191 5207 9324 1862 5505 785 9334 9720 1184 3793 1527 5233 8803 1493 9022 4090 4893 776 149 7284 4840 5957 5887 8564 7863 1834 6017 8387 5012 6800 8227 4430 1109 7805 3323 2660 9949 3084 7458 7673 7438 1276 1126 6777 7886 5766 9759 7990 5221 2537 7058 6471 1209 3093 2124 342 5564 3077 5873 8291 2517 8878 8152 5780 1135 9072 1281 3084 471 9521 304 6499 8931 1125 4751 7201 7172 9434 6242 6725 3912 6792 2054 667 6167 7017 3831 3366 8465 4801 8442 7307 3057 8974 9664 865 2441 8924 3436 679 2875 8579 3217 917 5333 3590 3209 8919 7578 4502 4104 1217 4274 9486 8835 2605 8180 9133 4947 8268 7278 4325 7767 1050 5781 8124 2390 8558 9672 6039 6533 4287 8579 2649 7376 8595 5095 7959 1995 5451 6746 2001 3151 5488 6292 4981 8031 1859 8411 7392 5626 7516 4086 4141 6105 6846 2967 4428 4620 8296 1759 5167 3688 1132 1444 5925 4287 7908 3508 8502 1240 2815 8364 8570 3417 8786 9156 7349 9285 4258 7701 5875 1740 9172 7356 933 4725 3162 9426 7763 904 2181 5795 1983 9266 2031 8368 1322 2035 6110 7973 157 1517 9464 1303 3136 4731 1400 9618 6209 4350 693 6026 4538 8911 9375 7036 1596 2857 147 5220 2591 7299 711 8730 8297 7854 4342 6085 7321 7603 8410 8543 5552 2950 6099 1629 1434 6235 4597 5478 215 9319 9186 4613 4852 6391 8738 8845 7728 2603 9341 5647 8289 9184 2483 2200 4008 3615 9116 7918 8264 5967 3569 1901 2283 6890 5430 4245 1930 3504 2758 1153 3933 5590 6062 956 7610 1850 2746 9220 9225 298 6014 6429 1396 1859 1151 9328 8317 1655 2215 316 9974 6011 1774 9803 6153 2721 6668 5582 915 2964 6314 6732 7566 6420 9870 3153 8691 6999 6579 2336 9284 144 8749 3886 6050 1891 5404 2777 4215 5855 734 8209 2411 291 1225 5480 3075 947 5980 3592 8817 726 8518 6757 6603 7049 637 3243 8761 4532 3850 8351 5842 7257 8281 5702 1165 6744 8475 6271 774 3288 7589 2384 9391 2924 1319 9117 8467 5479 4861 4482 7965 313 6145 3081 1711 8574 189 57 8705 7154 8801 233 4158 1127 3529 1087 7346 8140 8235 3039 2459 2305 8613 2777 8506 5453 3289 8438 9732 1805 4498 7792 2226 3937 3621 5794 7114 2418 4865 1738 5141 6850 3766 4661 5913 3480 1121 6211 2360 6674 4370 6449 9504 4084 2728 4030 1074 786 5755 5611 5449 1929 9522 9419 6991 6020 4167 6287 3311 5067 6777 6973 9999 3134 2446 8323 5496 7574 6023 4704 378 1182 2912 8670 43 6831 1175 9414 5772 1635 2969 256 828 5979 2018 8073 4523 321 5043 4667 8565 9152 1818 3880 4969 107 8626 3689 8267 3432 5757 789 2638 7973 7594 1577 3371 931 6807 1116 4393 8847 9144 3054 401 8432 5650 6244 5629 5342 3598 8854 2892 5082 4915 1222 3132 253 6203 7719 5326 6098 814 778 6800 4166 4908 2336 3588 4586 3730 8273 8287 6920 1072 2911 8092 9210 1467 9216 8086 6356 4804 521 2138 4230 6854 7321 4306 791 2825 3939 9865 4259 6434 9649 1016 7722 4492 5338 5530 5947 5108 3750 5005 9444 122 4507 3989 7637 6575 2902 8751 9740 4352 4263 4522 3117 6565 6851 3 4377 2935 8871 8369 6558 6323 2767 411 2211 9418 5941 7959 6638 1447 7252 1359 2380 4313 3770 9858 114 2150 795 4895 9095 969 1616 1402 5156 9650 7569 974 2527 9698 3151 6128 9856 6141 3820 3627 3907 6025 4733 1407 5488 4028 8859 9999 9914 6598 2276 9249 9702 443 7528 987 693 7555 1351 8144 2729 6617 9876 4050 6497 4746 6500 8704 791 2279 2816 4433 6175 3749 1226 1172 5570 7378 9841 6284 164 856 6730 184 758 3737 2533 9481 8379 5333 2098 5839 2905 1974 8295 3715 689 1119 8205 2511 5536 2344 275 4309 6223 9985 7809 4137 5146 459 4407 9499 5286 3126 5036 1457 73 3641 8398 45 1251 8397 3742 9596 5663 4055 8685 7973 9951 8488 4255 1299 9505 6919 5965 7095 7240 4807 3409 8566 6327 5854 3701 6183 6536 4337 9129 1164 7740 7864 3166 833 6448 7210 4221 9088 2455 4783 5935 5150 7466 582 1804 1726 669 6395 4080 99 8059 2313 5392 9169 998 2375 5380 3053 1309 3491 5350 8153 3930 7308 8486 2521 3932 798 5204 2402 5179 8943 2204 1781 7663 1972 8914 2008 1121 7284 5828 2923 9908 1705 2812 9776 4624 227 9687 9067 8998 7859 600 4375 3755 8702 1209 3652 2518 4702 8325 1724 7214 9015 8711 8183 2927 9837 1884 8440 4661 7052 6108 5586 2915 4793 1671 829 1740 9093 115 3710 3755 5453 7183 5454 4835 2273 1096 7899 6291 431 2947 4926 9095 9688 8560 378 7564 9820 7830 5571 6296 3302 101 3226 345 9983 5148 9250 3366 4182 5258 6492 8951 6939 6403 3423 8118 4748 6281 7122 6762 2239 1960 3953 453 195 8637 4917 1177 6921 885 8917 9845 5466 1434 6870 1189 2141 9371 3844 4807 7130 9335 3036 112 6991 9038 684 1413 7989 3423 4645 5275 6276 8058 2832 7611 991 8986 5941 356 9810 7110 3789 4539 3793 3430 6594 9126 9070 6931 9805 5520 4080 3103 3438 120 8630 620 6936 9321 859 4005 479 3772 705 4509 8608 1760 8026 5605 9327 6448 2068 128 3841 4011 3064 2995 8974 8098 1387 7703 369 7222 4259 7814 7666 4532 6879 6099 9263 602 2447 7475 9803 2381 286 2862 9890 8793 2510 9168 4031 5697 1587 7929 8673 4460 2204 2482 1601 4912 2768 2753 707 4381 1786 7313 4584 8005 5077 2328 2724 576 4504 5899 6517 980 4848 544 835 517 2465 4675 8712 7742 564 5263 2917 4724 1019 7251 6987 9009 923 2303 7494 1280 3372 1161 7165 3219 5916 5670 1364 1406 5045 6711 370 9738 3797 1275 6052 3840 4227 8922 2156 3431 4027 7557 9337 9583 9298 2615 1970 3392 2996 3619 1957 4198 1970 6062 5621 6891 6343 9258 7136 2203 3707 5702 9313 8417 6850 8036 2949 1579 8507 5405 9074 4544 7427 9509 1436 5456 2697 4090 1725 9576 8153 5403 5968 5208 7231 8322 8349 1904 3156 8668 8621 5133 7283 1916 6960 4553 329 8198 3404 3896 8165 1037 1432 3378 7358 2473 1350 5827 2203 6106 8893 2131 5577 6690 7356 1795 5127 9191 4618 1599 3042 9621 409 3914 2491 6241 8677 690 5200 6373 527 7318 8497 6759 3333 7231 4248 1571 4806 5242 6252 3305 1731 8789 3356 5859 8082 4888 1495 3000
1850 908 1765 5703 2309 2220 7044 4850 1335 8850 5802 2894 4854 3954 2841 4694 8836 8228 4784 6081 8870 9820 3830 1427 8176 9822 7459 6260 4777 4450 6610 1333 8994 2241 579 6936 3167 2452 1105 8156 3521 4455 393 7080 2190 6573 8153 5047 350 4904 1933 3717 8117 5135 4575 5979 6954 4034 1460 4351 6088 3653 5284 5884 2977 7974 8386 9348 3351 3370 1588 2712 1731 4972 1163 9289 4496 7590 3309 8373 1364 1828 6214 9865 6460 1674 5669 7202 888 4754 3117 5650 1441 3314 9604 7205 3573 3488 7173 7515 1318 5550 5192 3749 3986 4758 3032 3374 9213 3304 8212 3916 9839 4902 8249 5979 4046 5939 943 8082 2500 2164 188 4350 1924 4303 6913 8061 7239 1851 6004 5167 1990 126 9964 324 8355 7226 4596 5175 9440 6843 6539 2504 604 3969 5091 2084 5791 4399 5630 5984 4828 17 6755 9386 8705 7055 8484 8488 4618 8557 9230 4026 2638 3254 7505 2532 1746 3438 5069 8922 423 8471 9871 7948 966 824 5038 5065 8119 900 5174 3653 502 7689 8217 2920 7873 2894 3004 356 9054 6625 8788 391 8727 2818 9038 2642 1110 1633 249 1462 805 3857 1908 3604 7990 4277 9178 396 6013 5769 407 278 9275 7452 8241 2069 3682 7435 9237 3830 5326 8036 8359 1597 1329 9398 3760 1230 8046 8930 9934 8935 3459 6299 2899 850 4108 5685 9454 8376 1964 9242 8527 8122 5922 2851 7523 9871 86 4156 1842 2885 7045 9271 3101 6861 913 9466 1270 3084 8112 3196 9280 7311 1817 3891 1768 3374 5907 4348 4354 2962 4035 6057 1176 2372 4174 4996 3990 4508 3719 2152 3952 1079 3305 7673 7189 5864 7843 8945 987 1162 2332 221 9418 2014 8560 5994 155 3620 3805 6366 819 2657 4914 8976 7712 221 7333 598 3929 2987 1193 1802 8209 1588 8832 8987 6399 3255 3653 7623 7377 949 2270 3360 8550 842 9297 1054 2045 5639 9818 2525 4262 4097 9620 8000 5650 3613 5922 8263 6264 9776 9243 925 6801 268 7025 652 9708 3794 9282 964 1044 1389 5974 208 9758 6407 216 9868 9678 7754 9660 2421 4782 9930 8870 9027 5019 7484 6394 8026 5831 9384 9188 716 7641 9005 4559 9371 4164 1189 9632 5247 9242 7588 2474 1690 1769 2087 4043 1550 8319 246 2466 8218 7074 5507 8595 6754 4569 4945 8870 8351 8697 9086 7244 7478 6295 199 2694 6147 3472 360 6347 4184 4504 7181 8333 9569 7790 8945 8557 7350 8116 4423 6936 3633 164 3302 8987 3254 8041 7923 1255 9939 1412 1516 708 5863 4118 3393 5056 3494 9460 5122 3862 1982 2839 8416 4282 1687 5198 6209 5027 7113 9360 9766 7979 3765 9411 8538 5941 9335 612 607 5200 2005 9648 2575 3148 3471 1570 2222 9833 3810 416 4119 2591 6615 4592 7216 8800 2938 9464 8071 3364 33 3764 1401 7945 6782 6287 4977 6174 1495 1701 3736 3671 1251 1484 2123 818 2030 401 9360 1801 9870 1479 7992 3855 425 8897 5193 2200 1193 5771 2454 9362 5114 451 8912 7650 5928 6054 46 647 2541 7916 818 772 9478 9093 4514 8824 3413 4313 6778 9693 7306 7347 2667 9000 1872 7643 8144 1028 9835 3314 7083 1437 5859 4862 229 5947 1885 3024 2268 3991 3266 6615 6712 6645 7812 9273 4825 7007 6497 8868 5911 3440 3121 5539 5696 8718 4087 5772 4649 8897 2918 2513 391 9678 6177 2687 3709 8525 6478 7365 2386 8441 9338 7290 9156 8882 3996 4851 1295 9156 9043 1822 1645 7611 9975 760 5645 7275 1274 8855 634 3222 7409 7369 7160 5162 90 9846 2464 7804 9512 6868 4037 9188 8030 4151 6744 2680 5534 9011 4850 8160 7425 5749 2804 1775 5428 912 7529 2123 7072 34 615 2488 6957 5477 1352 6644 4558 3574 6434 1819 9056 9525 222 5843 5375 5733 2895 8577 9521 7692 8830 3820 8389 1905 7263 7307 7362 305 479 4241 2832 2668 137 5009 9521 5832 6632 651 5329 8663 6339 8381 865 4448 7128 7433 7986 9242 5395 7332 6210 2070 1965 6901 7456 3500 6128 9637 7437 7139 2802 9707 3468 3137 7544 5676 6020 779 2576 1054 6505 4082 2960 9800 9808 3825 2970 1266 6928 1970 3149 1988 8186 4396 4732 8972 2667 3567 303 8608 3110 3230 3709 4608 2785 7851 9998 3947 2102 6891 5020 9192 3839 9158 5907 9329 929 1494 9763 1809 9821 9472 8464 8184 3310 573 4584 1163 8668 4697 8763 3949 7878 6540 7292 6561 2160 9989 4087 3939 3697 6347 5740 1902 258 1380 6905 6810 257 7260 6944 2536 9008 4981 3805 3469 6788 6119 9087 1959 9036 2275 2465 6366 3686 8165 5076 208 438 2449 2428 1825 8344 8595 9494 7824 4668 1422 6203 3024 2686 8042 5881 2709 9531 2731 9967 8630 6461 4990 9618 9769 4620 5271 6603 3068 4064 6409 6353 4614 4332 7942 2574 389 2871 9842 7313 8465 4681 595 3290 6742 7585 5515 6143 919 3164 1861 8008 8110 8356 8441 3492 5817 2709 2098 4241 2926 9179 1806 9076 5319 9808 1349 3602 3923 7183 9329 1612 7784 6895 3057 157 7674 3443 7615 9467 9592 6700 2542 4642 6414 3509 9272 8638 7652 232 1246 6715 6033 2155 3043 3934 1065 872 8759 6718 7221 9807 2363 5325 7756 6473 7544 7317 4763 769 2973 6881 7192 3796 2918 6832 4268 4164 8686 9751 3112 8585 3460 4945 3779 3649 2661 696 6204 62 1139 7172 7911 1977 6196 9021 9182 5388 4206 7259 6228 9885 2248 2297 1472 6158 1241 377 9774 8110 2060 9988 3180 6483 4980 1312 8052 1370 3577 513 9132 6181 1485 6270 7109 2756 3681 5344 1699 6913 340 2616 4599 6474 4471 7820 802 1520 8529 5053 2825 4771 8722 8548 1257 2861 7182 4447 1700 283 8001 2490 9984 8501 5266 1848 1770 2159 6260 3797 9980 9009 8565 559 4635 2130 2726 9343 5906 2168 7470 3687 2310 7379 6952 9001 3585 4643 493 1024 4069 4798 2784 2301 9632 3367 7370 2934 5749 8653 7261 427 3736 3358 7736 6369 2175 6582 8959 8708 6378 9595 3028 4738 8773 6899 7930 1018 4325 428 6962 3831 7163 2946 6075 7282 3147 2957 9043 5557 3536 7216 8854 5104 3472 5651 9291 8391 4033 5829 5143 4903 9857 7925 9011 5910 1863 7726 6447 5708 3247 294 7329 3026 2633 2915 4758 7211 8175 5980 4377 2406 271 9953 4084 8727 1767 6687 9963 7965 3912 9029 3820 9304 1218 7001 2318 1014 9864 3027 3089 3924 6613 7680 6499 115 1449 2845 8250 1375 3735 8848 2501 9029 47 4491 6804 782 5489 5794 5496 8377 3444 1445 8299 7148 1797 3061 4594 7012 1714 648 5261 1823 5468 8904 6049 8570 1308 2779 5144 8259 5495 4942 4084 2604 6437 6287 1350 7042 5131 8409 3460 6988 2288 9373 9669 7859 6733 1662 7391 5983 5657 8565 1956 9438 5267 5801 8047 5457 7109 950 4069 9048 4994 5657 9270 4341 6877 1289 8090 3187 8298 3856 4834 3668 8700 2990 8043 3195 3536 1011 1757 120 8107 1148 5504 6722 8795 7193 4083 5707 2915 6604 293 874 6240 4258 2662 5544 8675 4933 7639 1746 9589 2059 1745 5130 7584 5721 838 8305 2622 9747 5402 2150 7988 2996 7852 3684 8329 8490 7298 8377 7120 8589 4879 4144 99 340 3509 2157 1112 9853 8480 1872 1805 4052 2020 4275 2891 1387 8870 7230 7274 5571 3343 8502 9260 6463 3442 7174 3385 6920 1766 2278 9770 9887 2426 2553 4616 7394 414 2454 9414 7311 1827 8024 2232 7446 2879 2963 4435 9454 4316 4907 244 7205 4885 7546 5479 4826 7967 9820 9808 2409 2745 8603 2056 3638 1008 9539 9121 9632 2417 6348 2868 1761 6491 3204 3131 5352 644 1960 1428 1089 5802 4287 8237 5835 2454 4516 979 6699 611 3228 2342 4671 7689 3648 1483 6326 972 2309 7310 2363 4218 3628 3717 5856 9561 4756 5294 7796 6858 8808 5764 4748 9812 2876 8565 4681 9223 8166 5581 6611 9807 2591 1191 5207 9324 1862 5505 785 9334 9720 1184 3793 1527 5233 8803 1493 9022 4090 4893 776 149 7284 4840 5957 5887 8564 7863 1834 6017 8387 5012 6800 8227 4430 1109 7805 3323 2660 9949 3084 7458 7673 7438 1276 1126 6777 7886 5766 9759 7990 5221 2537 7058 6471 1209 3093 2124 342 5564 3077 5873 8291 2517 8878 8152 5780 1135 9072 1281 3084 471 9521 304 6499 8931 1125 4751 7201 7172 9434 6242 6725 3912 6792 2054 667 6167 7017 3831 3366 8465 4801 8442 7307 3057 8974 9664 865 2441 8924 3436 679 2875 8579 3217 917 5333 3590 3209 8919 7578 4502 4104 1217 4274 9486 8835 2605 8180 9133 4947 8268 7278 4325 7767 1050 5781 8124 2390 8558 9672 6039 6533 4287 8579 2649 7376 8595 5095 7959 1995 5451 6746 2001 3151 5488 6292 4981 8031 1859 8411 7392 5626 7516 4086 4141 6105 6846 2967 4428 4620 8296 1759 5167 3688 1132 1444 5925 4287 7908 3508 8502 1240 2815 8364 8570 3417 8786 9156 7349 9285 4258 7701 5875 1740 9172 7356 933 4725 3162 9426 7763 904 2181 5795 1983 9266 2031 8368 1322 2035 6110 7973 157 1517 9464 1303 3136 4731 1400 9618 6209 4350 693 6026 4538 8911 9375 7036 1596 2857 147 5220 2591 7299 711 8730 8297 7854 4342 6085 7321 7603 8410 8543 5552 2950 6099 1629 1434 6235 4597 5478 215 9319 9186 4613 4852 6391 8738 8845 7728 2603 9341 5647 8289 9184 2483 2200 4008 3615 9116 7918 8264 5967 3569 1901 2283 6890 5430 4245 1930 3504 2758 1153 3933 5590 6062 956 7610 1850 2746 9220 9225 298 6014 6429 1396 1859 1151 9328 8317 1655 2215 316 9974 6011 1774 9803 6153 2721 6668 5582 915 2964 6314 6732 7566 6420 9870 3153 8691 6999 6579 2336 9284 144 8749 3886 6050 1891 5404 2777 4215 5855 734 8209 2411 291 1225 5480 3075 947 5980 3592 8817 726 8518 6757 6603 7049 637 3243 8761 4532 3850 8351 5842 7257 8281 5702 1165 6744 8475 6271 774 3288 7589 2384 9391 2924 1319 9117 8467 5479 4861 4482 7965 313 6145 3081 1711 8574 189 57 8705 7154 8801 233 4158 1127 3529 1087 7346 8140 8235 3039 2459 2305 8613 2777 8506 5453 3289 8438 9732 1805 4498 7792 2226 3937 3621 5794 7114 2418 4865 1738 5141 6850 3766 4661 5913 3480 1121 6211 2360 6674 4370 6449 9504 4084 2728 4030 1074 786 5755 5611 5449 1929 9522 9419 6991 6020 4167 6287 3311 5067 6777 6973 9999 3134 2446 8323 5496 7574 6023 4704 378 1182 2912 8670 43 6831 1175 9414 5772 1635 2969 256 828 5979 2018 8073 4523 321 5043 4667 8565 9152 1818 3880 4969 107 8626 3689 8267 3432 5757 789 2638 7973 7594 1577 3371 931 6807 1116 4393 8847 9144 3054 401 8432 5650 6244 5629 5342 3598 8854 2892 5082 4915 1222 3132 253 6203 7719 5326 6098 814 778 6800 4166 4908 2336 3588 4586 3730 8273 8287 6920 1072 2911 8092 9210 1467 9216 8086 6356 4804 521 2138 4230 6854 7321 4306 791 2825 3939 9865 4259 6434 9649 1016 7722 4492 5338 5530 5947 5108 3750 5005 9444 122 4507 3989 7637 6575 2902 8751 9740 4352 4263 4522 3117 6565 6851 3 4377 2935 8871 8369 6558 6323 2767 411 2211 9418 5941 7959 6638 1447 7252 1359 2380 4313 3770 9858 114 2150 795 4895 9095 969 1616 1402 5156 9650 7569 974 2527 9698 3151 6128 9856 6141 3820 3627 3907 6025 4733 1407 5488 4028 8859 9999 9914 6598 2276 9249 9702 443 7528 987 693 7555 1351 8144 2729 6617 9876 4050 6497 4746 6500 8704 791 2279 2816 4433 6175 3749 1226 1172 5570 7378 9841 6284 164 856 6730 184 758 3737 2533 9481 8379 5333 2098 5839 2905 1974 8295 3715 689 1119 8205 2511 5536 2344 275 4309 6223 9985 7809 4137 5146 459 4407 9499 5286 3126 5036 1457 73 3641 8398 45 1251 8397 3742 9596 5663 4055 8685 7973 9951 8488 4255 1299 9505 6919 5965 7095 7240 4807 3409 8566 6327 5854 3701 6183 6536 4337 9129 1164 7740 7864 3166 833 6448 7210 4221 9088 2455 4783 5935 5150 7466 582 1804 1726 669 6395 4080 99 8059 2313 5392 9169 998 2375 5380 3053 1309 3491 5350 8153 3930 7308 8486 2521 3932 798 5204 2402 5179 8943 2204 1781 7663 1972 8914 2008 1121 7284 5828 2923 9908 1705 2812 9776 4624 227 9687 9067 8998 7859 600 4375 3755 8702 1209 3652 2518 4702 8325 1724 7214 9015 8711 8183 2927 9837 1884 8440 4661 7052 6108 5586 2915 4793 1671 829 1740 9093 115 3710 3755 5453 7183 5454 4835 2273 1096 7899 6291 431 2947 4926 9095 9688 8560 378 7564 9820 7830 5571 6296 3302 101 3226 345 9983 5148 9250 3366 4182 5258 6492 8951 6939 6403 3423 8118 4748 6281 7122 6762 2239 1960 3953 453 195 8637 4917 1177 6921 885 8917 9845 5466 1434 6870 1189 2141 9371 3844 4807 7130 9335 3036 112 6991 9038 684 1413 7989 3423 4645 5275 6276 8058 2832 7611 991 8986 5941 356 9810 7110 3789 4539 3793 3430 6594 9126 9070 6931 9805 5520 4080 3103 3438 120 8630 620 6936 9321 859 4005 479 3772 705 4509 8608 1760 8026 5605 9327 6448 2068 128 3841 4011 3064 2995 8974 8098 1387 7703 369 7222 4259 7814 7666 4532 6879 6099 9263 602 2447 7475 9803 2381 286 2862 9890 8793 2510 9168 4031 5697 1587 7929 8673 4460 2204 2482 1601 4912 2768 2753 707 4381 1786 7313 4584 8005 5077 2328 2724 576 4504 5899 6517 980 4848 544 835 517 2465 4675 8712 7742 564 5263 2917 4724 1019 7251 6987 9009 923 2303 7494 1280 3372 1161 7165 3219 5916 5670 1364 1406 5045 6711 370 9738 3797 1275 6052 3840 4227 8922 2156 3431 4027 7557 9337 9583 9298 2615 1970 3392 2996 3619 1957 4198 1970 6062 5621 6891 6343 9258 7136 2203 3707 5702 9313 8417 6850 8036 2949 1579 8507 5405 9074 4544 7427 9509 1436 5456 2697 4090 1725 9576 8153 5403 5968 5208 7231 8322 8349 1904 3156 8668 8621 5133 7283 1916 6960 4553 329 8198 3404 3896 8165 1037 1432 3378 7358 2473 1350 5827 2203 6106 8893 2131 5577 6690 7356 1795 5127 9191 4618 1599 3042 9621 409 3914 2491 6241 8677 690 5200 6373 527 7318 8497 6759 3333 7231 4248 1571 4806 5242 6252 3305 1731 8789 3356 5859 8082 4888 1495 3000
3000 1495 4888 8082 5859 3356 8789 1731 3305 6252 5242 4806 1571 4248 7231 3333 6759 8497 7318 527 6373 5200 690 8677 6241 2491 3914 409 9621 3042 1599 4618 9191 5127 1795 7356 6690 5577 2131 8893 6106 2203 5827 1350 2473 7358 3378 1432 1037 8165 3896 3404 8198 329 4553 6960 1916 7283 5133 8621 8668 3156 1904 8349 8322 7231 5208 5968 5403 8153 9576 1725 4090 2697 5456 1436 9509 7427 4544 9074 5405 8507 1579 2949 8036 6850 8417 9313 5702 3707 2203 7136 9258 6343 6891 5621 6062 1970 4198 1957 3619 2996 3392 1970 2615 9298 9583 9337 7557 4027 3431 2156 8922 4227 3840 6052 1275 3797 9738 370 6711 5045 1406 1364 5670 5916 3219 7165 1161 3372 1280 7494 2303 923 9009 6987 7251 1019 4724 2917 5263 564 7742 8712 4675 2465 517 835 544 4848 980 6517 5899 4504 576 2724 2328 5077 8005 4584 7313 1786 4381 707 2753 2768 4912 1601 2482 2204 4460 8673 7929 1587 5697 4031 9168 2510 8793 9890 2862 286 2381 9803 7475 2447 602 9263 6099 6879 4532 7666 7814 4259 7222 369 7703 1387 8098 8974 2995 3064 4011 3841 128 2068 6448 9327 5605 8026 1760 8608 4509 705 3772 479 4005 859 9321 6936 620 8630 120 3438 3103 4080 5520 9805 6931 9070 9126 6594 3430 3793 4539 3789 7110 9810 356 5941 8986 991 7611 2832 8058 6276 5275 4645 3423 7989 1413 684 9038 6991 112 3036 9335 7130 4807 3844 9371 2141 1189 6870 1434 5466 9845 8917 885 6921 1177 4917 8637 195 453 3953 1960 2239 6762 7122 6281 4748 8118 3423 6403 6939 8951 6492 5258 4182 3366 9250 5148 9983 345 3226 101 3302 6296 5571 7830 9820 7564 378 8560 9688 9095 4926 2947 431 6291 7899 1096 2273 4835 5454 7183 5453 3755 3710 115 9093 1740 829 1671 4793 2915 5586 6108 7052 4661 8440 1884 9837 2927 8183 8711 9015 7214 1724 8325 4702 2518 3652 1209 8702 3755 4375 600 7859 8998 9067 9687 227 4624 9776 2812 1705 9908 2923 5828 7284 1121 2008 8914 1972 7663 1781 2204 8943 5179 2402 5204 798 3932 2521 8486 7308 3930 8153 5350 3491 1309 3053 5380 2375 998 9169 5392 2313 8059 99 4080 6395 669 1726 1804 582 7466 5150 5935 4783 2455 9088 4221 7210 6448 833 3166 7864 7740 1164 9129 4337 6536 6183 3701 5854 6327 8566 3409 4807 7240 7095 5965 6919 9505 1299 4255 8488 9951 7973 8685 4055 5663 9596 3742 8397 1251 45 8398 3641 73 1457 5036 3126 5286 9499 4407 459 5146 4137 7809 9985 6223 4309 275 2344 5536 2511 8205 1119 689 3715 8295 1974 2905 5839 2098 5333 8379 9481 2533 3737 758 184 6730 856 164 6284 9841 7378 5570 1172 1226 3749 6175 4433 2816 2279 791 8704 6500 4746 6497 4050 9876 6617 2729 8144 1351 7555 693 987 7528 443 9702 9249 2276 6598 9914 9999 8859 4028 5488 1407 4733 6025 3907 3627 3820 6141 9856 6128 3151 9698 2527 974 7569 9650 5156 1402 1616 969 9095 4895 795 2150 114 9858 3770 4313 2380 1359 7252 1447 6638 7959 5941 9418 2211 411 2767 6323 6558 8369 8871 2935 4377 3 6851 6565 3117 4522 4263 4352 9740 8751 2902 6575 7637 3989 4507 122 9444 5005 3750 5108 5947 5530 5338 4492 7722 1016 9649 6434 4259 9865 3939 2825 791 4306 7321 6854 4230 2138 521 4804 6356 8086 9216 1467 9210 8092 2911 1072 6920 8287 8273 3730 4586 3588 2336 4908 4166 6800 778 814 6098 5326 7719 6203 253 3132 1222 4915 5082 2892 8854 3598 5342 5629 6244 5650 8432 401 3054 9144 8847 4393 1116 6807 931 3371 1577 7594 7973 2638 789 5757 3432 8267 3689 8626 107 4969 3880 1818 9152 8565 4667 5043 321 4523 8073 2018 5979 828 256 2969 1635 5772 9414 1175 6831 43 8670 2912 1182 378 4704 6023 7574 5496 8323 2446 3134 9999 6973 6777 5067 3311 6287 4167 6020 6991 9419 9522 1929 5449 5611 5755 786 1074 4030 2728 4084 9504 6449 4370 6674 2360 6211 1121 3480 5913 4661 3766 6850 5141 1738 4865 2418 7114 5794 3621 3937 2226 7792 4498 1805 9732 8438 3289 5453 8506 2777 8613 2305 2459 3039 8235 8140 7346 1087 3529 1127 4158 233 8801 7154 8705 57 189 8574 1711 3081 6145 313 7965 4482 4861 5479 8467 9117 1319 2924 9391 2384 7589 3288 774 6271 8475 6744 1165 5702 8281 7257 5842 8351 3850 4532 8761 3243 637 7049 6603 6757 8518 726 8817 3592 5980 947 3075 5480 1225 291 2411 8209 734 5855 4215 2777 5404 1891 6050 3886 8749 144 9284 2336 6579 6999 8691 3153 9870 6420 7566 6732 6314 2964 915 5582 6668 2721 6153 9803 1774 6011 9974 316 2215 1655 8317 9328 1151 1859 1396 6429 6014 298 9225 9220 2746 1850 7610 956 6062 5590 3933 1153 2758 3504 1930 4245 5430 6890 2283 1901 3569 5967 8264 7918 9116 3615 4008 2200 2483 9184 8289 5647 9341 2603 7728 8845 8738 6391 4852 4613 9186 9319 215 5478 4597 6235 1434 1629 6099 2950 5552 8543 8410 7603 7321 6085 4342 7854 8297 8730 711 7299 2591 5220 147 2857 1596 7036 9375 8911 4538 6026 693 4350 6209 9618 1400 4731 3136 1303 9464 1517 157 7973 6110 2035 1322 8368 2031 9266 1983 5795 2181 904 7763 9426 3162 4725 933 7356 9172 1740 5875 7701 4258 9285 7349 9156 8786 3417 8570 8364 2815 1240 8502 3508 7908 4287 5925 1444 1132 3688 5167 1759 8296 4620 4428 2967 6846 6105 4141 4086 7516 5626 7392 8411 1859 8031 4981 6292 5488 3151 2001 6746 5451 1995 7959 5095 8595 7376 2649 8579 4287 6533 6039 9672 8558 2390 8124 5781 1050 7767 4325 7278 8268 4947 9133 8180 2605 8835 9486 4274 1217 4104 4502 7578 8919 3209 3590 5333 917 3217 8579 2875 679 3436 8924 2441 865 9664 8974 3057 7307 8442 4801 8465 3366 3831 7017 6167 667 2054 6792 3912 6725 6242 9434 7172 7201 4751 1125 8931 6499 304 9521 471 3084 1281 9072 1135 5780 8152 8878 2517 8291 5873 3077 5564 342 2124 3093 1209 6471 7058 2537 5221 7990 9759 5766 7886 6777 1126 1276 7438 7673 7458 3084 9949 2660 3323 7805 1109 4430 8227 6800 5012 8387 6017 1834 7863 8564 5887 5957 4840 7284 149 776 4893 4090 9022 1493 8803 5233 1527 3793 1184 9720 9334 785 5505 1862 9324 5207 1191 2591 9807 6611 5581 8166 9223 4681 8565 2876 9812 4748 5764 8808 6858 7796 5294 4756 9561 5856 3717 3628 4218 2363 7310 2309 972 6326 1483 3648 7689 4671 2342 3228 611 6699 979 4516 2454 5835 8237 4287 5802 1089 1428 1960 644 5352 3131 3204 6491 1761 2868 6348 2417 9632 9121 9539 1008 3638 2056 8603 2745 2409 9808 9820 7967 4826 5479 7546 4885 7205 244 4907 4316 9454 4435 2963 2879 7446 2232 8024 1827 7311 9414 2454 414 7394 4616 2553 2426 9887 9770 2278 1766 6920 3385 7174 3442 6463 9260 8502 3343 5571 7274 7230 8870 1387 2891 4275 2020 4052 1805 1872 8480 9853 1112 2157 3509 340 99 4144 4879 8589 7120 8377 7298 8490 8329 3684 7852 2996 7988 2150 5402 9747 2622 8305 838 5721 7584 5130 1745 2059 9589 1746 7639 4933 8675 5544 2662 4258 6240 874 293 6604 2915 5707 4083 7193 8795 6722 5504 1148 8107 120 1757 1011 3536 3195 8043 2990 8700 3668 4834 3856 8298 3187 8090 1289 6877 4341 9270 5657 4994 9048 4069 950 7109 5457 8047 5801 5267 9438 1956 8565 5657 5983 7391 1662 6733 7859 9669 9373 2288 6988 3460 8409 5131 7042 1350 6287 6437 2604 4084 4942 5495 8259 5144 2779 1308 8570 6049 8904 5468 1823 5261 648 1714 7012 4594 3061 1797 7148 8299 1445 3444 8377 5496 5794 5489 782 6804 4491 47 9029 2501 8848 3735 1375 8250 2845 1449 115 6499 7680 6613 3924 3089 3027 9864 1014 2318 7001 1218 9304 3820 9029 3912 7965 9963 6687 1767 8727 4084 9953 271 2406 4377 5980 8175 7211 4758 2915 2633 3026 7329 294 3247 5708 6447 7726 1863 5910 9011 7925 9857 4903 5143 5829 4033 8391 9291 5651 3472 5104 8854 7216 3536 5557 9043 2957 3147 7282 6075 2946 7163 3831 6962 428 4325 1018 7930 6899 8773 4738 3028 9595 6378 8708 8959 6582 2175 6369 7736 3358 3736 427 7261 8653 5749 2934 7370 3367 9632 2301 2784 4798 4069 1024 493 4643 3585 9001 6952 7379 2310 3687 7470 2168 5906 9343 2726 2130 4635 559 8565 9009 9980 3797 6260 2159 1770 1848 5266 8501 9984 2490 8001 283 1700 4447 7182 2861 1257 8548 8722 4771 2825 5053 8529 1520 802 7820 4471 6474 4599 2616 340 6913 1699 5344 3681 2756 7109 6270 1485 6181 9132 513 3577 1370 8052 1312 4980 6483 3180 9988 2060 8110 9774 377 1241 6158 1472 2297 2248 9885 6228 7259 4206 5388 9182 9021 6196 1977 7911 7172 1139 62 6204 696 2661 3649 3779 4945 3460 8585 3112 9751 8686 4164 4268 6832 2918 3796 7192 6881 2973 769 4763 7317 7544 6473 7756 5325 2363 9807 7221 6718 8759 872 1065 3934 3043 2155 6033 6715 1246 232 7652 8638 9272 3509 6414 4642 2542 6700 9592 9467 7615 3443 7674 157 3057 6895 7784 1612 9329 7183 3923 3602 1349 9808 5319 9076 1806 9179 2926 4241 2098 2709 5817 3492 8441 8356 8110 8008 1861 3164 919 6143 5515 7585 6742 3290 595 4681 8465 7313 9842 2871 389 2574 7942 4332 4614 6353 6409 4064 3068 6603 5271 4620 9769 9618 4990 6461 8630 9967 2731 9531 2709 5881 8042 2686 3024 6203 1422 4668 7824 9494 8595 8344 1825 2428 2449 438 208 5076 8165 3686 6366 2465 2275 9036 1959 9087 6119 6788 3469 3805 4981 9008 2536 6944 7260 257 6810 6905 1380 258 1902 5740 6347 3697 3939 4087 9989 2160 6561 7292 6540 7878 3949 8763 4697 8668 1163 4584 573 3310 8184 8464 9472 9821 1809 9763 1494 929 9329 5907 9158 3839 9192 5020 6891 2102 3947 9998 7851 2785 4608 3709 3230 3110 8608 303 3567 2667 8972 4732 4396 8186 1988 3149 1970 6928 1266 2970 3825 9808 9800 2960 4082 6505 1054 2576 779 6020 5676 7544 3137 3468 9707 2802 7139 7437 9637 6128 3500 7456 6901 1965 2070 6210 7332 5395 9242 7986 7433 7128 4448 865 8381 6339 8663 5329 651 6632 5832 9521 5009 137 2668 2832 4241 479 305 7362 7307 7263 1905 8389 3820 8830 7692 9521 8577 2895 5733 5375 5843 222 9525 9056 1819 6434 3574 4558 6644 1352 5477 6957 2488 615 34 7072 2123 7529 912 5428 1775 2804 5749 7425 8160 4850 9011 5534 2680 6744 4151 8030 9188 4037 6868 9512 7804 2464 9846 90 5162 7160 7369 7409 3222 634 8855 1274 7275 5645 760 9975 7611 1645 1822 9043 9156 1295 4851 3996 8882 9156 7290 9338 8441 2386 7365 6478 8525 3709 2687 6177 9678 391 2513 2918 8897 4649 5772 4087 8718 5696 5539 3121 3440 5911 8868 6497 7007 4825 9273 7812 6645 6712 6615 3266 3991 2268 3024 1885 5947 229 4862 5859 1437 7083 3314 9835 1028 8144 7643 1872 9000 2667 7347 7306 9693 6778 4313 3413 8824 4514 9093 9478 772 818 7916 2541 647 46 6054 5928 7650 8912 451 5114 9362 2454 5771 1193 2200 5193 8897 425 3855 7992 1479 9870 1801 9360 401 2030 818 2123 1484 1251 3671 3736 1701 1495 6174 4977 6287 6782 7945 1401 3764 33 3364 8071 9464 2938 8800 7216 4592 6615 2591 4119 416 3810 9833 2222 1570 3471 3148 2575 9648 2005 5200 607 612 9335 5941 8538 9411 3765 7979 9766 9360 7113 5027 6209 5198 1687 4282 8416 2839 1982 3862 5122 9460 3494 5056 3393 4118 5863 708 1516 1412 9939 1255 7923 8041 3254 8987 3302 164 3633 6936 4423 8116 7350 8557 8945 7790 9569 8333 7181 4504 4184 6347 360 3472 6147 2694 199 6295 7478 7244 9086 8697 8351 8870 4945 4569 6754 8595 5507 7074 8218 2466 246 8319 1550 4043 2087 1769 1690 2474 7588 9242 5247 9632 1189 4164 9371 4559 9005 7641 716 9188 9384 5831 8026 6394 7484 5019 9027 8870 9930 4782 2421 9660 7754 9678 9868 216 6407 9758 208 5974 1389 1044 964 9282 3794 9708 652 7025 268 6801 925 9243 9776 6264 8263 5922 3613 5650 8000 9620 4097 4262 2525 9818 5639 2045 1054 9297 842 8550 3360 2270 949 7377 7623 3653 3255 6399 8987 8832 1588 8209 1802 1193 2987 3929 598 7333 221 7712 8976 4914 2657 819 6366 3805 3620 155 5994 8560 2014 9418 221 2332 1162 987 8945 7843 5864 7189 7673 3305 1079 3952 2152 3719 4508 3990 4996 4174 2372 1176 6057 4035 2962 4354 4348 5907 3374 1768 3891 1817 7311 9280 3196 8112 3084 1270 9466 913 6861 3101 9271 7045 2885 1842 4156 86 9871 7523 2851 5922 8122 8527 9242 1964 8376 9454 5685 4108 850 2899 6299 3459 8935 9934 8930 8046 1230 3760 9398 1329 1597 8359 8036 5326 3830 9237 7435 3682 2069 8241 7452 9275 278 407 5769 6013 396 9178 4277 7990 3604 1908 3857 805 1462 249 1633 1110 2642 9038 2818 8727 391 8788 6625 9054 356 3004 2894 7873 2920 8217 7689 502 3653 5174 900 8119 5065 5038 824 966 7948 9871 8471 423 8922 5069 3438 1746 2532 7505 3254 2638 4026 9230 8557 4618 8488 8484 7055 8705 9386 6755 17 4828 5984 5630 4399 5791 2084 5091 3969 604 2504 6539 6843 9440 5175 4596 7226 8355 324 9964 126 1990 5167 6004 1851 7239 8061 6913 4303 1924 4350 188 2164 2500 8082 943 5939 4046 5979 8249 4902 9839 3916 8212 3304 9213 3374 3032 4758 3986 3749 5192 5550 1318 7515 7173 3488 3573 7205 9604 3314 1441 5650 3117 4754 888 7202 5669 1674 6460 9865 6214 1828 1364 8373 3309 7590 4496 9289 1163 4972 1731 2712 1588 3370 3351 9348 8386 7974 2977 5884 5284 3653 6088 4351 1460 4034 6954 5979 4575 5135 8117 3717 1933 4904 350 5047 8153 6573 2190 7080 393 4455 3521 8156 1105 2452 3167 6936 579 2241 8994 1333 6610 4450 4777 6260 7459 9822 8176 1427 3830 9820 8870 6081 4784 8228 8836 4694 2841 3954 4854 2894 5802 8850 1335 4850 7044 2220 2309 5703 1765 908 1850
1850 908 1765 5703 2309 2220 7044 4850 1335 8850 5802 2894 4854 3954 2841 4694 8836 8228 4784 6081 8870 9820 3830 1427 8176 9822 7459 6260 4777 4450 6610 1333 8994 2241 579 6936 3167 2452 1105 8156 3521 4455 393 7080 2190 6573 8153 5047 350 4904 1933 3717 8117 5135 4575 5979 6954 4034 1460 4351 6088 3653 5284 5884 2977 7974 8386 9348 3351 3370 1588 2712 1731 4972 1163 9289 4496 7590 3309 8373 1364 1828 6214 9865 6460 1674 5669 7202 888 4754 3117 5650 1441 3314 9604 7205 3573 3488 7173 7515 1318 5550 5192 3749 3986 4758 3032 3374 9213 3304 8212 3916 9839 4902 8249 5979 4046 5939 943 8082 2500 2164 188 4350 1924 4303 6913 8061 7239 1851 6004 5167 1990 126 9964 324 8355 7226 4596 5175 9440 6843 6539 2504 604 3969 5091 2084 5791 4399 5630 5984 4828 17 6755 9386 8705 7055 8484 8488 4618 8557 9230 4026 2638 3254 7505 2532 1746 3438 5069 8922 423 8471 9871 7948 966 824 5038 5065 8119 900 5174 3653 502 7689 8217 2920 7873 2894 3004 356 9054 6625 8788 391 8727 2818 9038 2642 1110 1633 249 1462 805 3857 1908 3604 7990 4277 9178 396 6013 5769 407 278 9275 7452 8241 2069 3682 7435 9237 3830 5326 8036 8359 1597 1329 9398 3760 1230 8046 8930 9934 8935 3459 6299 2899 850 4108 5685 9454 8376 1964 9242 8527 8122 5922 2851 7523 9871 86 4156 1842 2885 7045 9271 3101 6861 913 9466 1270 3084 8112 3196 9280 7311 1817 3891 1768 3374 5907 4348 4354 2962 4035 6057 1176 2372 4174 4996 3990 4508 3719 2152 3952 1079 3305 7673 7189 5864 7843 8945 987 1162 2332 221 9418 2014 8560 5994 155 3620 3805 6366 819 2657 4914 8976 7712 221 7333 598 3929 2987 1193 1802 8209 1588 8832 8987 6399 3255 3653 7623 7377 949 2270 3360 8550 842 9297 1054 2045 5639 9818 2525 4262 4097 9620 8000 5650 3613 5922 8263 6264 9776 9243 925 6801 268 7025 652 9708 3794 9282 964 1044 1389 5974 208 9758 6407 216 9868 9678 7754 9660 2421 4782 9930 8870 9027 5019 7484 6394 8026 5831 9384 9188 716 7641 9005 4559 9371 4164 1189 9632 5247 9242 7588 2474 1690 1769 2087 4043 1550 8319 246 2466 8218 7074 5507 8595 6754 4569 4945 8870 8351 8697 9086 7244 7478 6295 199 2694 6147 3472 360 6347 4184 4504 7181 8333 9569 7790 8945 8557 7350 8116 4423 6936 3633 164 3302 8987 3254 8041 7923 1255 9939 1412 1516 708 5863 4118 3393 5056 3494 9460 5122 3862 1982 2839 8416 4282 1687 5198 6209 5027 7113 9360 9766 7979 3765 9411 8538 5941 9335 612 607 5200 2005 9648 2575 3148 3471 1570 2222 9833 3810 416 4119 2591 6615 4592 7216 8800 2938 9464 8071 3364 33 3764 1401 7945 6782 6287 4977 6174 1495 1701 3736 3671 1251 1484 2123 818 2030 401 9360 1801 9870 1479 7992 3855 425 8897 5193 2200 1193 5771 2454 9362 5114 451 8912 7650 5928 6054 46 647 2541 7916 818 772 9478 9093 4514 8824 3413 4313 6778 9693 7306 7347 2667 9000 1872 7643 8144 1028 9835 3314 7083 1437 5859 4862 229 5947 1885 3024 2268 3991 3266 6615 6712 6645 7812 9273 4825 7007 6497 8868 5911 3440 3121 5539 5696 8718 4087 5772 4649 8897 2918 2513 391 9678 6177 2687 3709 8525 6478 7365 2386 8441 9338 7290 9156 8882 3996 4851 1295 9156 9043 1822 1645 7611 9975 760 5645 7275 1274 8855 634 3222 7409 7369 7160 5162 90 9846 2464 7804 9512 6868 4037 9188 8030 4151 6744 2680 5534 9011 4850 8160 7425 5749 2804 1775 5428 912 7529 2123 7072 34 615 2488 6957 5477 1352 6644 4558 3574 6434 1819 9056 9525 222 5843 5375 5733 2895 8577 9521 7692 8830 3820 8389 1905 7263 7307 7362 305 479 4241 2832 2668 137 5009 9521 5832 6632 651 5329 8663 6339 8381 865 4448 7128 7433 7986 9242 5395 7332 6210 2070 1965 6901 7456 3500 6128 9637 7437 7139 2802 9707 3468 3137 7544 5676 6020 779 2576 1054 6505 4082 2960 9800 9808 3825 2970 1266 6928 1970 3149 1988 8186 4396 4732 8972 2667 3567 303 8608 3110 3230 3709 4608 2785 7851 9998 3947 2102 6891 5020 9192 3839 9158 5907 9329 929 1494 9763 1809 9821 9472 8464 8184 3310 573 4584 1163 8668 4697 8763 3949 7878 6540 7292 6561 2160 9989 4087 3939 3697 6347 5740 1902 258 1380 6905 6810 257 7260 6944 2536 9008 4981 3805 3469 6788 6119 9087 1959 9036 2275 2465 6366 3686 8165 5076 208 438 2449 2428 1825 8344 8595 9494 7824 4668 1422 6203 3024 2686 8042 5881 2709 9531 2731 9967 8630 6461 4990 9618 9769 4620 5271 6603 3068 4064 6409 6353 4614 4332 7942 2574 389 2871 9842 7313 8465 4681 595 3290 6742 7585 5515 6143 919 3164 1861 8008 8110 8356 8441 3492 5817 2709 2098 4241 2926 9179 1806 9076 5319 9808 1349 3602 3923 7183 9329 1612 7784 6895 3057 157 7674 3443 7615 9467 9592 6700 2542 4642 6414 3509 9272 8638 7652 232 1246 6715 6033 2155 3043 3934 1065 872 8759 6718 7221 9807 2363 5325 7756 6473 7544 7317 4763 769 2973 6881 7192 3796 2918 6832 4268 4164 8686 9751 3112 8585 3460 4945 3779 3649 2661 696 6204 62 1139 7172 7911 1977 6196 9021 9182 5388 4206 7259 6228 9885 2248 2297 1472 6158 1241 377 9774 8110 2060 9988 3180 6483 4980 1312 8052 1370 3577 513 9132 6181 1485 6270 7109 2756 3681 5344 1699 6913 340 2616 4599 6474 4471 7820 802 1520 8529 5053 2825 4771 8722 8548 1257 2861 7182 4447 1700 283 8001 2490 9984 8501 5266 1848 1770 2159 6260 3797 9980 9009 8565 559 4635 2130 2726 9343 5906 2168 7470 3687 2310 7379 6952 9001 3585 4643 493 1024 4069 4798 2784 2301 9632 3367 7370 2934 5749 8653 7261 427 3736 3358 7736 6369 2175 6582 8959 8708 6378 9595 3028 4738 8773 6899 7930 1018 4325 428 6962 3831 7163 2946 6075 7282 3147 2957 9043 5557 3536 7216 8854 5104 3472 5651 9291 8391 4033 5829 5143 4903 9857 7925 9011 5910 1863 7726 6447 5708 3247 294 7329 3026 2633 2915 4758 7211 8175 5980 4377 2406 271 9953 4084 8727 1767 6687 9963 7965 3912 9029 3820 9304 1218 7001 2318 1014 9864 3027 3089 3924 6613 7680 6499 115 1449 2845 8250 1375 3735 8848 2501 9029 47 4491 6804 782 5489 5794 5496 8377 3444 1445 8299 7148 1797 3061 4594 7012 1714 648 5261 1823 5468 8904 6049 8570 1308 2779 5144 8259 5495 4942 4084 2604 6437 6287 1350 7042 5131 8409 3460 6988 2288 9373 9669 7859 6733 1662 7391 5983 5657 8565 1956 9438 5267 5801 8047 5457 7109 950 4069 9048 4994 5657 9270 4341 6877 1289 8090 3187 8298 3856 4834 3668 8700 2990 8043 3195 3536 1011 1757 120 8107 1148 5504 6722 8795 7193 4083 5707 2915 6604 293 874 6240 4258 2662 5544 8675 4933 7639 1746 9589 2059 1745 5130 7584 5721 838 8305 2622 9747 5402 2150 7988 2996 7852 3684 8329 8490 7298 8377 7120 8589 4879 4144 99 340 3509 2157 1112 9853 8480 1872 1805 4052 2020 4275 2891 1387 8870 7230 7274 5571 3343 8502 9260 6463 3442 7174 3385 6920 1766 2278 9770 9887 2426 2553 4616 7394 414 2454 9414 7311 1827 8024 2232 7446 2879 2963 4435 9454 4316 4907 244 7205 4885 7546 5479 4826 7967 9820 9808 2409 2745 8603 2056 3638 1008 9539 9121 9632 2417 6348 2868 1761 6491 3204 3131 5352 644 1960 1428 1089 5802 4287 8237 5835 2454 4516 979 6699 611 3228 2342 4671 7689 3648 1483 6326 972 2309 7310 2363 4218 3628 3717 5856 9561 4756 5294 7796 6858 8808 5764 4748 9812 2876 8565 4681 9223 8166 5581 6611 9807 2591 1191 5207 9324 1862 5505 785 9334 9720 1184 3793 1527 5233 8803 1493 9022 4090 4893 776 149 7284 4840 5957 5887 8564 7863 1834 6017 8387 5012 6800 8227 4430 1109 7805 3323 2660 9949 3084 7458 7673 7438 1276 1126 6777 7886 5766 9759 7990 5221 2537 7058 6471 1209 3093 2124 342 5564 3077 5873 8291 2517 8878 8152 5780 1135 9072 1281 3084 471 9521 304 6499 8931 1125 4751 7201 7172 9434 6242 6725 3912 6792 2054 667 6167 7017 3831 3366 8465 4801 8442 7307 3057 8974 9664 865 2441 8924 3436 679 2875 8579 3217 917 5333 3590 3209 8919 7578 4502 4104 1217 4274 9486 8835 2605 8180 9133 4947 8268 7278 4325 7767 1050 5781 8124 2390 8558 9672 6039 6533 4287 8579 2649 7376 8595 5095 7959 1995 5451 6746 2001 3151 5488 6292 4981 8031 1859 8411 7392 5626 7516 4086 4141 6105 6846 2967 4428 4620 8296 1759 5167 3688 1132 1444 5925 4287 7908 3508 8502 1240 2815 8364 8570 3417 8786 9156 7349 9285 4258 7701 5875 1740 9172 7356 933 4725 3162 9426 7763 904 2181 5795 1983 9266 2031 8368 1322 2035 6110 7973 157 1517 9464 1303 3136 4731 1400 9618 6209 4350 693 6026 4538 8911 9375 7036 1596 2857 147 5220 2591 7299 711 8730 8297 7854 4342 6085 7321 7603 8410 8543 5552 2950 6099 1629 1434 6235 4597 5478 215 9319 9186 4613 4852 6391 8738 8845 7728 2603 9341 5647 8289 9184 2483 2200 4008 3615 9116 7918 8264 5967 3569 1901 2283 6890 5430 4245 1930 3504 2758 1153 3933 5590 6062 956 7610 1850 2746 9220 9225 298 6014 6429 1396 1859 1151 9328 8317 1655 2215 316 9974 6011 1774 9803 6153 2721 6668 5582 915 2964 6314 6732 7566 6420 9870 3153 8691 6999 6579 2336 9284 144 8749 3886 6050 1891 5404 2777 4215 5855 734 8209 2411 291 1225 5480 3075 947 5980 3592 8817 726 8518 6757 6603 7049 637 3243 8761 4532 3850 8351 5842 7257 8281 5702 1165 6744 8475 6271 774 3288 7589 2384 9391 2924 1319 9117 8467 5479 4861 4482 7965 313 6145 3081 1711 8574 189 57 8705 7154 8801 233 4158 1127 3529 1087 7346 8140 8235 3039 2459 2305 8613 2777 8506 5453 3289 8438 9732 1805 4498 7792 2226 3937 3621 5794 7114 2418 4865 1738 5141 6850 3766 4661 5913 3480 1121 6211 2360 6674 4370 6449 9504 4084 2728 4030 1074 786 5755 5611 5449 1929 9522 9419 6991 6020 4167 6287 3311 5067 6777 6973 9999 3134 2446 8323 5496 7574 6023 4704 378 1182 2912 8670 43 6831 1175 9414 5772 1635 2969 256 828 5979 2018 8073 4523 321 5043 4667 8565 9152 1818 3880 4969 107 8626 3689 8267 3432 5757 789 2638 7973 7594 1577 3371 931 6807 1116 4393 8847 9144 3054 401 8432 5650 6244 5629 5342 3598 8854 2892 5082 4915 1222 3132 253 6203 7719 5326 6098 814 778 6800 4166 4908 2336 3588 4586 3730 8273 8287 6920 1072 2911 8092 9210 1467 9216 8086 6356 4804 521 2138 4230 6854 7321 4306 791 2825 3939 9865 4259 6434 9649 1016 7722 4492 5338 5530 5947 5108 3750 5005 9444 122 4507 3989 7637 6575 2902 8751 9740 4352 4263 4522 3117 6565 6851 3 4377 2935 8871 8369 6558 6323 2767 411 2211 9418 5941 7959 6638 1447 7252 1359 2380 4313 3770 9858 114 2150 795 4895 9095 969 1616 1402 5156 9650 7569 974 2527 9698 3151 6128 9856 6141 3820 3627 3907 6025 4733 1407 5488 4028 8859 9999 9914 6598 2276 9249 9702 443 7528 987 693 7555 1351 8144 2729 6617 9876 4050 6497 4746 6500 8704 791 2279 2816 4433 6175 3749 1226 1172 5570 7378 9841 6284 164 856 6730 184 758 3737 2533 9481 8379 5333 2098 5839 2905 1974 8295 3715 689 1119 8205 2511 5536 2344 275 4309 6223 9985 7809 4137 5146 459 4407 9499 5286 3126 5036 1457 73 3641 8398 45 1251 8397 3742 9596 5663 4055 8685 7973 9951 8488 4255 1299 9505 6919 5965 7095 7240 4807 3409 8566 6327 5854 3701 6183 6536 4337 9129 1164 7740 7864 3166 833 6448 7210 4221 9088 2455 4783 5935 5150 7466 582 1804 1726 669 6395 4080 99 8059 2313 5392 9169 998 2375 5380 3053 1309 3491 5350 8153 3930 7308 8486 2521 3932 798 5204 2402 5179 8943 2204 1781 7663 1972 8914 2008 1121 7284 5828 2923 9908 1705 2812 9776 4624 227 9687 9067 8998 7859 600 4375 3755 8702 1209 3652 2518 4702 8325 1724 7214 9015 8711 8183 2927 9837 1884 8440 4661 7052 6108 5586 2915 4793 1671 829 1740 9093 115 3710 3755 5453 7183 5454 4835 2273 1096 7899 6291 431 2947 4926 9095 9688 8560 378 7564 9820 7830 5571 6296 3302 101 3226 345 9983 5148 9250 3366 4182 5258 6492 8951 6939 6403 3423 8118 4748 6281 7122 6762 2239 1960 3953 453 195 8637 4917 1177 6921 885 8917 9845 5466 1434 6870 1189 2141 9371 3844 4807 7130 9335 3036 112 6991 9038 684 1413 7989 3423 4645 5275 6276 8058 2832 7611 991 8986 5941 356 9810 7110 3789 4539 3793 3430 6594 9126 9070 6931 9805 5520 4080 3103 3438 120 8630 620 6936 9321 859 4005 479 3772 705 4509 8608 1760 8026 5605 9327 6448 2068 128 3841 4011 3064 2995 8974 8098 1387 7703 369 7222 4259 7814 7666 4532 6879 6099 9263 602 2447 7475 9803 2381 286 2862 9890 8793 2510 9168 4031 5697 1587 7929 8673 4460 2204 2482 1601 4912 2768 2753 707 4381 1786 7313 4584 8005 5077 2328 2724 576 4504 5899 6517 980 4848 544 835 517 2465 4675 8712 7742 564 5263 2917 4724 1019 7251 6987 9009 923 2303 7494 1280 3372 1161 7165 3219 5916 5670 1364 1406 5045 6711 370 9738 3797 1275 6052 3840 4227 8922 2156 3431 4027 7557 9337 9583 9298 2615 1970 3392 2996 3619 1957 4198 1970 6062 5621 6891 6343 9258 7136 2203 3707 5702 9313 8417 6850 8036 2949 1579 8507 5405 9074 4544 7427 9509 1436 5456 2697 4090 1725 9576 8153 5403 5968 5208 7231 8322 8349 1904 3156 8668 8621 5133 7283 1916 6960 4553 329 8198 3404 3896 8165 1037 1432 3378 7358 2473 1350 5827 2203 6106 8893 2131 5577 6690 7356 1795 5127 9191 4618 1599 3042 9621 409 3914 2491 6241 8677 690 5200 6373 527 7318 8497 6759 3333 7231 4248 1571 4806 5242 6252 3305 1731 8789 3356 5859 8082 4888 1495 3000
