NOT_FOUND
5515
5434
NOT_FOUND
9533
1941
2678
6907
6514
7888
4959
NOT_FOUND
NOT_FOUND
7036
8719
1940
9673
1940
1858
8750
962
9823
3932
4970
9256
1939
NOT_FOUND
68
1938
4160
NOT_FOUND
6320
1938
54
4097
507
1937
726
8758
NOT_FOUND
1299
1938
3786
2382
NOT_FOUND
1938
1940
NOT_FOUND
1942
1779
1942
1559
5769
1943
NOT_FOUND
1944
1945
7723
1945
661
8132
1943
9412
8025
NOT_FOUND
1949
1949
8055
NOT_FOUND
485
6077
767
1882
1950
9415
1950
2094
1950
1157
7111
1950
3086
1950
NOT_FOUND
8522
8845
762
5084
1949
947
1377
1328
NOT_FOUND
6437
5732
1950
1950
1950
1952
1952
9950
1581
6722
1612
1950
9636
7960
157
9144
517
NOT_FOUND
1949
1952
933
1954
5779
46
1953
1953
8611
NOT_FOUND
6772
4159
7818
75
9835
478
NOT_FOUND
1950
4850
598
6484
1949
2156
9474
NOT_FOUND
3952
1948
192
1947
NOT_FOUND
7315
1682
1945
6392
4327
NOT_FOUND
NOT_FOUND
773
4690
5570
1617
3961
8468
NOT_FOUND
NOT_FOUND
5208
8582
7187
3360
1938
NOT_FOUND
NOT_FOUND
NOT_FOUND
7475
1939
80
3524
NOT_FOUND
6861
NOT_FOUND
NOT_FOUND
NOT_FOUND
1943
NOT_FOUND
1943
2248
NOT_FOUND
6639
140
5448
2088
4858
NOT_FOUND
NOT_FOUND
3091
NOT_FOUND
1940
9870
1943
7216
8752
NOT_FOUND
9518
1941
NOT_FOUND
1946
5716
NOT_FOUND
1950
9733
NOT_FOUND
2752
2261
2978
NOT_FOUND
1951
1952
NOT_FOUND
9012
3838
NOT_FOUND
3370
1953
NOT_FOUND
1953
NOT_FOUND
NOT_FOUND
NOT_FOUND
5020
NOT_FOUND
NOT_FOUND
1953
1954
1954
1954
2865
4692
1700
1957
7566
NOT_FOUND
NOT_FOUND
5465
6635
157
NOT_FOUND
NOT_FOUND
1954
1954
7271
1954
8392
3027
1953
7206
333
3508
NOT_FOUND
1047
3277
NOT_FOUND
5556
4412
5561
1955
1426
NOT_FOUND
NOT_FOUND
9837
9235
NOT_FOUND
NOT_FOUND
9861
NOT_FOUND
650
1376
1956
NOT_FOUND
4739
1957
3225
NOT_FOUND
9135
NOT_FOUND
1958
1959
6924
6470
266
3357
4425
1383
NOT_FOUND
NOT_FOUND
3331
9112
NOT_FOUND
2259
24
6539
1359
4439
NOT_FOUND
1952
NOT_FOUND
6155
1955
9263
6708
1953
1953
4967
4137
838
7318
1057
NOT_FOUND
1952
9516
1951
2759
7419
5810
NOT_FOUND
4781
1949
759
1799
4899
7225
NOT_FOUND
3872
1948
5356
7584
7206
724
4032
2841
2551
NOT_FOUND
1942
1943
1943
6694
NOT_FOUND
NOT_FOUND
1813
2780
865
8790
5352
1940
7831
263
NOT_FOUND
1944
8293
1943
121
445
NOT_FOUND
7783
NOT_FOUND
NOT_FOUND
4018
4544
6364
NOT_FOUND
531
4947
5134
4940
4005
NOT_FOUND
NOT_FOUND
1940
7751
1940
4723
NOT_FOUND
3604
NOT_FOUND
NOT_FOUND
1940
1193
5214
2787
346
NOT_FOUND
NOT_FOUND
1939
NOT_FOUND
NOT_FOUND
NOT_FOUND
98
NOT_FOUND
7587
1942
5174
NOT_FOUND
9844
7432
1939
NOT_FOUND
8706
4444
6234
1939
1942
7874
NOT_FOUND
584
3612
7050
NOT_FOUND
NOT_FOUND
1939
6204
2520
5674
1936
1938
1938
4684
5743
NOT_FOUND
2599
1937
1839
1937
1938
304
8681
NOT_FOUND
NOT_FOUND
983
4437
2930
1934
NOT_FOUND
5878
5786
NOT_FOUND
NOT_FOUND
6469
1940
NOT_FOUND
7025
NOT_FOUND
1731
NOT_FOUND
NOT_FOUND
7870
5589
68
NOT_FOUND
1947
NOT_FOUND
8836
8351
8077
8843
NOT_FOUND
NOT_FOUND
1945
1195
6556
NOT_FOUND
NOT_FOUND
1945
NOT_FOUND
8854
9074
1945
2082
NOT_FOUND
1944
973
NOT_FOUND
8155
NOT_FOUND
8490
8673
5205
3123
1942
NOT_FOUND
9227
506
1942
NOT_FOUND
NOT_FOUND
2746
4661
1449
1941
2901
4384
1943
944
9275
9940
NOT_FOUND
1942
3643
NOT_FOUND
2683
NOT_FOUND
7730
NOT_FOUND
1948
6386
3306
NOT_FOUND
4045
5577
1946
1488
NOT_FOUND
1119
5093
709
8798
6321
NOT_FOUND
4517
1947
NOT_FOUND
9858
8718
8577
1948
745
8012
3667
NOT_FOUND
1949
7940
1952
2759
1952
116
1951
NOT_FOUND
1952
NOT_FOUND
1953
8259
4114
1951
9066
1953
1954
NOT_FOUND
3467
1957
6231
NOT_FOUND
3196
7295
215
NOT_FOUND
7133
2674
1879
9456
4172
1961
9354
NOT_FOUND
3041
9804
1961
1073
3295
1959
2356
3561
2850
NOT_FOUND
2609
374
1619
9747
742
1955
3694
7719
NOT_FOUND
1955
9661
NOT_FOUND
858
2366
NOT_FOUND
1369
4088
8326
1955
9595
7609
3636
NOT_FOUND
6672
4638
1462
1679
NOT_FOUND
2963
92
8164
1953
1953
5939
75
NOT_FOUND
8352
9454
1957
9946
5069
4577
NOT_FOUND
1950
6135
1950
NOT_FOUND
4595
7949
1948
9914
1947
1947
1644
NOT_FOUND
9855
NOT_FOUND
1948
NOT_FOUND
NOT_FOUND
1951
1951
NOT_FOUND
1952
6938
1750
3487
1949
NOT_FOUND
5389
6511
7208
NOT_FOUND
NOT_FOUND
1949
1949
1949
1950
NOT_FOUND
NOT_FOUND
770
7195
1951
1951
4472
NOT_FOUND
7792
1950
5807
6783
4899
6177
NOT_FOUND
1950
4984
NOT_FOUND
3931
1956
9958
1955
1955
4803
2637
1955
623
8695
7549
1955
2286
1954
3711
NOT_FOUND
NOT_FOUND
4936
1327
1954
8292
1407
NOT_FOUND
7182
NOT_FOUND
2729
8156
1951
5868
9399
1950
2147
1430
6366
6983
7839
42
1704
4256
NOT_FOUND
5298
1962
3913
1942
3417
1942
NOT_FOUND
1912
1113
1930
NOT_FOUND
1941
792
1935
6571
8229
6831
NOT_FOUND
310
1943
1943
2965
1029
4416
5449
1942
1826
2080
NOT_FOUND
7070
1939
8196
1938
NOT_FOUND
1939
2793
1939
2645
8352
NOT_FOUND
5174
5036
7589
NOT_FOUND
1936
4044
NOT_FOUND
1813
8516
3497
2275
6018
1933
1934
369
NOT_FOUND
2917
NOT_FOUND
3696
9270
9244
4825
1932
6387
6512
4331
4641
1928
NOT_FOUND
1928
9360
92
NOT_FOUND
NOT_FOUND
1926
7710
2029
8407
5232
1925
1927
317
1926
1927
NOT_FOUND
NOT_FOUND
9007
1926
2330
NOT_FOUND
155
NOT_FOUND
978
1413
1928
5221
NOT_FOUND
NOT_FOUND
7701
6183
NOT_FOUND
6738
NOT_FOUND
75
NOT_FOUND
1103
2606
5115
NOT_FOUND
NOT_FOUND
9738
1925
1925
1925
1926
1926
1927
NOT_FOUND
8738
1930
1930
2168
3403
393
NOT_FOUND
4519
NOT_FOUND
6707
1928
1768
1563
1926
1926
6012
NOT_FOUND
5262
NOT_FOUND
2332
524
NOT_FOUND
1925
NOT_FOUND
1925
NOT_FOUND
6254
NOT_FOUND
7455
NOT_FOUND
5708
1928
1928
2133
NOT_FOUND
NOT_FOUND
1927
3027
NOT_FOUND
7394
6967
4866
164
NOT_FOUND
1857
NOT_FOUND
8229
711
1922
NOT_FOUND
1923
NOT_FOUND
1925
4494
340
1924
9460
7538
1923
303
2885
1924
9000
3663
1050
4106
4644
1922
2546
7490
4285
NOT_FOUND
1920
1922
498
6589
1924
2628
3188
7921
1468
60
NOT_FOUND
NOT_FOUND
1923
8737
NOT_FOUND
1923
2076
1922
NOT_FOUND
NOT_FOUND
1923
NOT_FOUND
1924
NOT_FOUND
5534
5238
9571
1921
9351
NOT_FOUND
1920
905
NOT_FOUND
1920
NOT_FOUND
6319
NOT_FOUND
476
6518
1921
9184
1922
9989
2801
9422
4582
8996
3249
3932
NOT_FOUND
NOT_FOUND
5073
5716
NOT_FOUND
1925
2920
NOT_FOUND
1924
1924
1924
7122
1924
3506
8327
6294
4027
1685
1923
1923
4998
NOT_FOUND
8303
2764
4005
3504
468
1336
7578
NOT_FOUND
379
9391
1926
NOT_FOUND
NOT_FOUND
1782
2561
1070
1824
8151
7914
2594
1920
2850
6134
1997
4593
7656
3202
1917
NOT_FOUND
1917
NOT_FOUND
7014
1896
5906
1916
8369
974
NOT_FOUND
1916
7111
4332
8459
NOT_FOUND
1918
NOT_FOUND
4975
8794
NOT_FOUND
NOT_FOUND
5356
809
4938
223
NOT_FOUND
1919
1534
1918
9906
1917
3548
1916
1916
9837
9235
5444
7905
1913
1913
NOT_FOUND
918
NOT_FOUND
4829
1917
3600
7390
NOT_FOUND
NOT_FOUND
1919
1919
8975
7787
1918
NOT_FOUND
6966
1920
1920
NOT_FOUND
4625
1919
9008
2395
3652
1916
NOT_FOUND
1917
7951
7688
1917
NOT_FOUND
9731
4671
NOT_FOUND
1917
8333
5131
2452
1914
7891
NOT_FOUND
8576
NOT_FOUND
NOT_FOUND
9988
760
5401
NOT_FOUND
NOT_FOUND
1915
325
1916
1916
1760
860
619
120
NOT_FOUND
NOT_FOUND
NOT_FOUND
1919
840
NOT_FOUND
1919
1919
1919
1915
1289
5334
1919
1919
NOT_FOUND
1921
5785
5715
3623
2324
NOT_FOUND
NOT_FOUND
1920
NOT_FOUND
2061
1920
1921
5799
7946
NOT_FOUND
6484
2404
7107
8001
1917
NOT_FOUND
2162
765
5800
197
1623
4247
9891
1917
NOT_FOUND
8509
1082
NOT_FOUND
NOT_FOUND
9530
2781
1918
1918
NOT_FOUND
1918
4980
322
461
NOT_FOUND
7562
8719
1260
2196
5171
952
4868
509
NOT_FOUND
1915
NOT_FOUND
2348
NOT_FOUND
1918
NOT_FOUND
1918
2322
NOT_FOUND
6550
NOT_FOUND
4090
1919
1786
1918
NOT_FOUND
NOT_FOUND
NOT_FOUND
1918
NOT_FOUND
1920
8707
NOT_FOUND
5917
NOT_FOUND
1792
1920
6059
NOT_FOUND
755
1920
6584
NOT_FOUND
NOT_FOUND
9550
1396
1204
1921
4472
1920
NOT_FOUND
7832
7113
4213
1921
7213
1920
NOT_FOUND
2872
1919
1420
1919
NOT_FOUND
8791
2679
NOT_FOUND
NOT_FOUND
2116
1921
1527
NOT_FOUND
1412
NOT_FOUND
4526
5772
NOT_FOUND
1921
361
564
7584
1924
NOT_FOUND
1853
NOT_FOUND
4904
NOT_FOUND
1925
333
9152
NOT_FOUND
594
1924
1924
8236
7046
573
6921
4385
184
1922
1923
1923
1924
1924
1928
1928
NOT_FOUND
1929
NOT_FOUND
165
3917
419
6770
1929
3859
1545
818
2595
1927
6265
9796
1927
7883
NOT_FOUND
NOT_FOUND
1808
1929
8382
NOT_FOUND
555
8469
1936
9170
1936
1323
1940
281
NOT_FOUND
6949
2417
1938
1939
8238
6380
9739
4097
1938
1938
1938
6009 9350 2577 8131 3155 5858 234 2815 5580 521 9062 4182 8462 8545 3873 2329 5814 4672 6436 6762 5524 5097 269 3720 5812 572 481 6064 4767 3926 9132 7502 5777 6651 5764 8290 3662 8364 9167 2686 8799 6984 2535 8098 7046 5361 3435 8053 8145 2319 2410 9199 2882 8019 5488 9259 422 4085 5029 2751 6174 1255 2330 4747 9496 4842 4054 7256 5270 8910 5321 4559 3147 4347 3704 39 8577 8145 1666 2170 8319 5798 1012 6836 4748 7997 9216 1462 7340 957 8983 7329 7551 9148 5892 8519 3268 2797 7685 8556 9080 4264 8283 1089 7894 1010 6005 8816 1944 5663 6151 9797 3703 620 6223 7201 7915 6575 9097 9879 6756 5612 6363 2236 3993 1768 6887 9950 4411 4992 1350 4569 8514 6611 8621 7854 2248 4167 3455 2436 1010 461 1005 5255 4731 8815 6990 1701 8712 8592 9337 7907 9031 544 2160 3852 8755 113 9636 3523 7392 2201 5630 8078 9318 366 9089 8472 3266 9501 9541 7659 9462 7645 6571 1421 4163 1826 2002 9457 5699 4334 9890 6485 6621 9662 1343 5776 4148 8574 2981 7701 358 3607 6256 6892 5622 5779 6789 5832 3481 7743 4742 197 7985 2650 7636 7294 152 2101 1904 394 926 656 7232 874 6588 4176 8632 1158 8930 1453 8851 2936 2661 1801 4558 86 6155 3887 229 3162 5677 4241 310 6119 1125 7504 9961 1403 401 6641 8656 6667 4910 4128 1232 3528 4463 5074 4319 9933 1696 5969 918 4257 640 2316 5723 2247 6863 9792 2931 8134 6492 4050 7322 6754 3471 4114 9674 3092 4415 476 8328 5661 8229 5367 9033 9506 851 1776 5993 7845 261 8066 9067 7738 6974 2746 5417 174 1316 7477 4622 6722 954 3890 2755 4102 7671 5061 5431 8153 7834 6168 4598 6019 6110 1919 5802 774 6008 7552 6534 6928 9093 1107 882 8073 8435 8350 918 7761 811 488 4410 6151 2145 831 3152 3186 5551 815 5552 9215 1996 9893 7205 3602 998 3631 2738 7345 8191 9240 2458 1205 5923 3250 5481 1009 813 6691 2530 3479 1725 1127 1745 1067 8692 3740 8452 9905 8667 9390 8149 6244 858 7182 8817 9302 7683 8416 7892 9715 3218 2208 9751 5334 1642 3457 370 4505 5813 6244 9333 8178 2040 9726 7234 3351 7262 5937 8088 1081 22 8348 1777 2845 2826 1129 949 1290 5474 5942 2318 1511 1195 6987 3130 4194 5099 7735 6632 7805 4647 9663 2041 4358 813 4983 2482 7107 7047 2830 7452 9019 2620 5394 1137 2796 4410 90 2098 6173 955 8643 5775 4874 4599 6181 516 5986 896 3477 3836 8231 4520 6152 4963 6713 3077 4947 4522 9724 998 7 5214 5677 7521 9511 3336 7356 4804 2532 867 8655 1198 2779 6858 1083 5794 8551 1538 8781 5323 3448 264 4476 3193 4625 515 145 5170 2191 8799 9671 2335 3272 3319 3190 240 4490 2086 2685 111 6501 3330 4921 374 2678 1658 8731 9835 2728 6397 4426 8849 6442 6815 4521 3664 8483 8340 7039 8312 2681 2968 1877 9041 6403 6286 7501 6390 9481 6393 8668 6167 4673 4907 8790 4447 6274 9386 1792 8551 8026 2767 6790 4560 6109 2541 9538 456 8721 2262 9831 4425 200 7362 2491 4372 7900 9565 8823 5886 9791 7420 493 4502 5534 215 2835 6935 5996 7471 5071 6752 4379 6408 2312 6282 8936 6667 8045 892 2953 3672 2295 3487 8460 6629 9763 4843 7417 9109 2904 2117 523 4112 8781 2944 6959 7462 6373 9497 1462 6781 8424 7133 4223 650 545 9158 4909 4546 7686 7461 4307 196 864 6668 116 4818 4142 874 319 7950 6019 1084 7249 1355 9807 3226 7764 6456 8761 3200 4921 4728 9313 9862 3429 5149 2436 7717 830 5215 7795 6502 7639 4703 2964 3612 3234 4411 4851 6283 3681 5352 167 6625 4325 2582 2957 2611 2709 268 4260 4193 6630 9173 6753 2163 243 8571 1719 6758 2525 9243 7729 7215 9389 8963 6227 1742 7317 5063 15 8320 7774 2100 3206 8351 6250 1784 8274 408 9900 8446 785 9012 357 697 9806 2956 9710 7863 7686 1826 3629 5968 8849 1521 559 3542 6941 3117 4916 6279 6129 5531 1706 5760 3865 6956 3987 1343 5277 1011 2647 7185 8065 2524 225 4775 9151 8916 805 7353 5910 4203 6236 9971 3915 3564 5927 9454 5041 1814 1881 9378 1123 7118 9995 7201 2863 7815 2704 5220 5969 1289 5126 6326 2731 2048 3636 6597 291 4670 6159 5019 8172 936 6071 5421 9407 5227 3271 3047 5212 6227 6879 5537 2880 570 9347 8709 7426 5898 2704 5616 8397 3838 3154 3749 1598 8988 7258 9631 1359 9291 2397 7704 2985 577 4980 1427 3304 8907 5908 4054 2657 2151 8882 7331 7529 7521 6983 1907 1002 3915 3527 4352 8445 2682 9877 1508 9662 6311 3554 5162 6011 9797 7837 5139 3293 9077 137 9070 3447 2794 3308 2107 4312 513 7655 342 7667 9509 4820 2378 3426 2484 4738 7493 1176 2404 6335 2770 9625 710 7548 4416 1607 679 8223 8151 1811 8672 1204 9375 9190 464 4706 2206 5938 6196 7058 6041 2928 587 1406 4554 7967 1195 8047 9738 2621 6774 8192 7416 8428 7195 8588 4529 8202 313 75 2111 6504 2367 490 4229 8200 1714 5492 3970 7923 3088 7894 4391 9964 5905 6702 6260 9782 9661 8399 5121 5024 312 8372 3615 5680 2109 6313 8834 5170 6281 3207 4547 2440 3400 9512 4489 8292 41 5787 2048 3018 2241 6259 8141 2420 9621 6874 8897 3026 892 1407 9503 7365 1363 3318 9025 8827 7210 3660 7958 4860 8830 8963 4548 1201 8093 4425 6765 5742 8946 4443 975 1516 1031 117 1754 9367 2040 6936 221 6679 3317 3185 5464 5082 2508 7429 1976 6464 6565 4039 5928 9987 9170 4797 5373 6509 7902 3282 2434 6568 4004 2244 2829 8565 5925 5585 867 5432 4600 5576 1940 2490 1144 1065 7655 6059 9586 7933 8841 1790 2193 9414 3646 3987 6168 138 3514 85 8475 5435 570 3683 8645 6207 1676 5865 7809 3302 5565 673 6112 5374 7465 3017 7851 4518 8995 5720 9722 2022 4821 564 4160 7023 3851 6146 2382 7500 2311 586 4599 784 6131 4807 1960 9967 4561 1990 6159 6285 6324 9707 7040 6558 7620 7012 7945 7135 3500 5366 6700 5988 8014 1139 9956 3890 774 2664 8230 2261 1676 4467 6499 5543 9963 3748 252 9896 8929 5833 8293 17 3359 9925 4471 977 5476 1813 1000 2696 2491 6095 5472 2276 1983 8200 4369 4205 7059 2497 5479 2117 7801 417 1889 8697 2002 5255 1613 3434 2634 8110 4003 3211 4076 2271 2685 2122 678 9517 3335 9415 8575 4382 2952 131 8006 8197 9068 1143 1049 8847 1482 3470 2929 4406 4193 2567 394 6114 1499 5724 9208 323 4598 8549 8254 2603 4376 9056 2176 9498 5068 5837 6763 6444 7517 6183 8424 6501 2882 3893 8617 9609 5220 7929 7971 4750 4950 8745 3582 119 2177 5316 1869 7364 7447 3230 7199 2661 6733 883 1272 7772 5624 4129 9712 7971 5922 4958 8349 2532 5139 9772 2978 2844 3641 3478 6997 5416 7233 8326 4352 1082 3915 9635 1685 8133 6699 430 8458 2901 7390 7352 9991 8892 3526 121 6432 3856 6864 225 1276 4882 4177 4714 2409 4746 9189 5887 8988 4572 9071 5826 3008 7757 8508 8555 5714 2738 4961 1431 2163 900 6019 6119 2888 9932 1380 2718 5108 4386 8234 122 8613 4016 6423 5688 631 7896 3363 5180 7628 791 8261 406 2839 5141 1939 4684 6524 390 4356 6498 4315 3505 2133 973 1303 2749 1333 6432 2292 8430 6271 8375 4484 9526 2507 423 3728 6113 3001 4485 3592 8130 2765 4580 5163 9921 2125 5940 5537 830 5808 9570 4690 3655 6013 979 774 408 8307 8393 9416 7206 3867 4548 5463 9623 6232 7019 6106 4414 2279 4032 4292 2264 5494 9505 2060 1431 6518 2539 8530 795 4231 3503 922 1856 7556 6551 6023 6537 3434 6679 4784 8014 7560 7867 7178 6045 9853 4792 6844 8317 7497 9157 1428 3587 5698 1683 8223 6242 7969 5952 751 7743 2850 8600 1337 1778 3925 943 9496 4356 8877 1620 3013 7138 783 1009 1159 4752 9442 7916 7058 5494 9288 3978 3157 6513 1938 6138 2355 4290 6245 5243 8571 9539 1681 7291 7306 284 9027 895 4751 6629 8649 2775 427 4897 3113 764 359 5322 4011 6147 1269 582 6512 7367 9671 2781 9816 9662 1245 8006 4487 1737 6527 5985 2727 783 497 7612 3602 4535 9789 2183 5298 3578 2619 6119 3121 4319 222 5955 8979 3657 2956 9536 6081 4092 9112 5600 126 4516 34 9234 3403 2543 1722 3959 1242 3309 3340 1516 8321 5552 8442 4151 5915 9905 8520 1447 4078 3075 4847 8388 7648 7364 6169 6883 3950 1434 8267 9215 5792 4229 2519 123 4373 5780 7752 1372 6169 2047 9180 1557 4127 4115 5389 5377 3861 1737 5365 7055 4453 8335 8645 9355 9135 6310 8780 2206 2435 4239 1475 9132 684 7724 8158 3603 8480 6025 2792 5913 5972 3090 9712 1347 5490 728 8675 9947 9559 959 6477 3647 5141 5623 1530 5535 4196 1772 9973 8511 1111 7405 7467 8125 4979 9741 3386 1943 5035 9845 5071 5925 4387 7701 7517 1691 7882 5346 6484 2947 4736 2954 9142 4043 5730 3624 7699 4911 6771 2221 7870 4981 2333 955 9599 9047 297 2964 6967 8954 1861 7242 2934 7713 3168 3392 828 8752 4502 7307 3424 1791 7262 7151 7806 6688 9132 8078 917 6471 1989 2782 6748 3879 1465 622 5791 4035 703 5738 510 2408 4490 6448 1560 8710 473 3038 9881 9831 7533 5254 6486 5500 3979 6593 8357 4429 6589 1736 5754 4668 49 3929 6382 9175 6538 4326 3348 9617 8430 3733 5564 4438 760 6703 3741 9842 8694 9799 3271 1698 4580 4416 6506 1613 9692 5609 8064 5622 2447 5627 5370 6962 9130 73 14 3398 6000 1304 5845 5863 8691 7712 4902 2245 3700 1164 4938 763 8887 9984 5659 7800 4152 67 3855 502 2160 3400 662 9702 2556 8866 5309 2882 4371 9663 1418 9540 4570 5176 180 1702 6942 3485 4592 890 3243 5741 9780 4559 8843 1037 7423 6152 2415 9513 6960 3018 2726 5233 4370 9158 4860 8744 2416 6821 374 1080 772 6664 2558 2397 6795 5251 4186 1450 6964 6968 806 9349 4127 7693 1877 8183 8702 2243 7747 6094 7007 211 9772 6663 5851 1258 6432 9208 8443 8086 2466 9797 6986 7407 2303 2744 6951 2180 1134 5511 1589 2245 8082 7625 9814 4565 6483 3981 6488 460 7663 4156 415 9738 5149 7866 8570 1211 1118 7914 10 5522 9404 1666 6510 3089 1519 774 3106 8872 5742 5222 512 6680 3417 3019 3293 5912 5962 8317 6646 2573 3016 4737 7347 449 5254 9814 3880 9172 8634 4206 4391 1641 209 8656 8949 9720 7801 4802 5636 6206 860 7851 9190 9520 5061 2748 9369 3039 9743 8344 3434 7918 7983 5613 4042 7322 7856 4833 422 153 8720 9422 9261 928 399 5502 6974 5162 534 8532 5398 1691 8266 7919 4894 4221 7722 1534 3157 9965 600 1523 5265 3000 7177 5448 7583 2024 6043 9368 8404 2190 9045 975 4896 8448 2152 8907 8469 1912 5095 840 4139 9729 9509 1009 3848 3201 7345 6706 1882 4371 4508 6602 468 760 4374 3614 1596 86 5523 2584 6036 5300 4610 1820
6009 9350 2577 8131 3155 5858 234 2815 5580 521 9062 4182 8462 8545 3873 2329 5814 4672 6436 6762 5524 5097 269 3720 5812 572 481 6064 4767 3926 9132 7502 5777 6651 5764 8290 3662 8364 9167 2686 8799 6984 2535 8098 7046 5361 3435 8053 8145 2319 2410 9199 2882 8019 5488 9259 422 4085 5029 2751 6174 1255 2330 4747 9496 4842 4054 7256 5270 8910 5321 4559 3147 4347 3704 39 8577 8145 1666 2170 8319 5798 1012 6836 4748 7997 9216 1462 7340 957 8983 7329 7551 9148 5892 8519 3268 2797 7685 8556 9080 4264 8283 1089 7894 1010 6005 8816 1944 5663 6151 9797 3703 620 6223 7201 7915 6575 9097 9879 6756 5612 6363 2236 3993 1768 6887 9950 4411 4992 1350 4569 8514 6611 8621 7854 2248 4167 3455 2436 1010 461 1005 5255 4731 8815 6990 1701 8712 8592 9337 7907 9031 544 2160 3852 8755 113 9636 3523 7392 2201 5630 8078 9318 366 9089 8472 3266 9501 9541 7659 9462 7645 6571 1421 4163 1826 2002 9457 5699 4334 9890 6485 6621 9662 1343 5776 4148 8574 2981 7701 358 3607 6256 6892 5622 5779 6789 5832 3481 7743 4742 197 7985 2650 7636 7294 152 2101 1904 394 926 656 7232 874 6588 4176 8632 1158 8930 1453 8851 2936 2661 1801 4558 86 6155 3887 229 3162 5677 4241 310 6119 1125 7504 9961 1403 401 6641 8656 6667 4910 4128 1232 3528 4463 5074 4319 9933 1696 5969 918 4257 640 2316 5723 2247 6863 9792 2931 8134 6492 4050 7322 6754 3471 4114 9674 3092 4415 476 8328 5661 8229 5367 9033 9506 851 1776 5993 7845 261 8066 9067 7738 6974 2746 5417 174 1316 7477 4622 6722 954 3890 2755 4102 7671 5061 5431 8153 7834 6168 4598 6019 6110 1919 5802 774 6008 7552 6534 6928 9093 1107 882 8073 8435 8350 918 7761 811 488 4410 6151 2145 831 3152 3186 5551 815 5552 9215 1996 9893 7205 3602 998 3631 2738 7345 8191 9240 2458 1205 5923 3250 5481 1009 813 6691 2530 3479 1725 1127 1745 1067 8692 3740 8452 9905 8667 9390 8149 6244 858 7182 8817 9302 7683 8416 7892 9715 3218 2208 9751 5334 1642 3457 370 4505 5813 6244 9333 8178 2040 9726 7234 3351 7262 5937 8088 1081 22 8348 1777 2845 2826 1129 949 1290 5474 5942 2318 1511 1195 6987 3130 4194 5099 7735 6632 7805 4647 9663 2041 4358 813 4983 2482 7107 7047 2830 7452 9019 2620 5394 1137 2796 4410 90 2098 6173 955 8643 5775 4874 4599 6181 516 5986 896 3477 3836 8231 4520 6152 4963 6713 3077 4947 4522 9724 998 7 5214 5677 7521 9511 3336 7356 4804 2532 867 8655 1198 2779 6858 1083 5794 8551 1538 8781 5323 3448 264 4476 3193 4625 515 145 5170 2191 8799 9671 2335 3272 3319 3190 240 4490 2086 2685 111 6501 3330 4921 374 2678 1658 8731 9835 2728 6397 4426 8849 6442 6815 4521 3664 8483 8340 7039 8312 2681 2968 1877 9041 6403 6286 7501 6390 9481 6393 8668 6167 4673 4907 8790 4447 6274 9386 1792 8551 8026 2767 6790 4560 6109 2541 9538 456 8721 2262 9831 4425 200 7362 2491 4372 7900 9565 8823 5886 9791 7420 493 4502 5534 215 2835 6935 5996 7471 5071 6752 4379 6408 2312 6282 8936 6667 8045 892 2953 3672 2295 3487 8460 6629 9763 4843 7417 9109 2904 2117 523 4112 8781 2944 6959 7462 6373 9497 1462 6781 8424 7133 4223 650 545 9158 4909 4546 7686 7461 4307 196 864 6668 116 4818 4142 874 319 7950 6019 1084 7249 1355 9807 3226 7764 6456 8761 3200 4921 4728 9313 9862 3429 5149 2436 7717 830 5215 7795 6502 7639 4703 2964 3612 3234 4411 4851 6283 3681 5352 167 6625 4325 2582 2957 2611 2709 268 4260 4193 6630 9173 6753 2163 243 8571 1719 6758 2525 9243 7729 7215 9389 8963 6227 1742 7317 5063 15 8320 7774 2100 3206 8351 6250 1784 8274 408 9900 8446 785 9012 357 697 9806 2956 9710 7863 7686 1826 3629 5968 8849 1521 559 3542 6941 3117 4916 6279 6129 5531 1706 5760 3865 6956 3987 1343 5277 1011 2647 7185 8065 2524 225 4775 9151 8916 805 7353 5910 4203 6236 9971 3915 3564 5927 9454 5041 1814 1881 9378 1123 7118 9995 7201 2863 7815 2704 5220 5969 1289 5126 6326 2731 2048 3636 6597 291 4670 6159 5019 8172 936 6071 5421 9407 5227 3271 3047 5212 6227 6879 5537 2880 570 9347 8709 7426 5898 2704 5616 8397 3838 3154 3749 1598 8988 7258 9631 1359 9291 2397 7704 2985 577 4980 1427 3304 8907 5908 4054 2657 2151 8882 7331 7529 7521 6983 1907 1002 3915 3527 4352 8445 2682 9877 1508 9662 6311 3554 5162 6011 9797 7837 5139 3293 9077 137 9070 3447 2794 3308 2107 4312 513 7655 342 7667 9509 4820 2378 3426 2484 4738 7493 1176 2404 6335 2770 9625 710 7548 4416 1607 679 8223 8151 1811 8672 1204 9375 9190 464 4706 2206 5938 6196 7058 6041 2928 587 1406 4554 7967 1195 8047 9738 2621 6774 8192 7416 8428 7195 8588 4529 8202 313 75 2111 6504 2367 490 4229 8200 1714 5492 3970 7923 3088 7894 4391 9964 5905 6702 6260 9782 9661 8399 5121 5024 312 8372 3615 5680 2109 6313 8834 5170 6281 3207 4547 2440 3400 9512 4489 8292 41 5787 2048 3018 2241 6259 8141 2420 9621 6874 8897 3026 892 1407 9503 7365 1363 3318 9025 8827 7210 3660 7958 4860 8830 8963 4548 1201 8093 4425 6765 5742 8946 4443 975 1516 1031 117 1754 9367 2040 6936 221 6679 3317 3185 5464 5082 2508 7429 1976 6464 6565 4039 5928 9987 9170 4797 5373 6509 7902 3282 2434 6568 4004 2244 2829 8565 5925 5585 867 5432 4600 5576 1940 2490 1144 1065 7655 6059 9586 7933 8841 1790 2193 9414 3646 3987 6168 138 3514 85 8475 5435 570 3683 8645 6207 1676 5865 7809 3302 5565 673 6112 5374 7465 3017 7851 4518 8995 5720 9722 2022 4821 564 4160 7023 3851 6146 2382 7500 2311 586 4599 784 6131 4807 1960 9967 4561 1990 6159 6285 6324 9707 7040 6558 7620 7012 7945 7135 3500 5366 6700 5988 8014 1139 9956 3890 774 2664 8230 2261 1676 4467 6499 5543 9963 3748 252 9896 8929 5833 8293 17 3359 9925 4471 977 5476 1813 1000 2696 2491 6095 5472 2276 1983 8200 4369 4205 7059 2497 5479 2117 7801 417 1889 8697 2002 5255 1613 3434 2634 8110 4003 3211 4076 2271 2685 2122 678 9517 3335 9415 8575 4382 2952 131 8006 8197 9068 1143 1049 8847 1482 3470 2929 4406 4193 2567 394 6114 1499 5724 9208 323 4598 8549 8254 2603 4376 9056 2176 9498 5068 5837 6763 6444 7517 6183 8424 6501 2882 3893 8617 9609 5220 7929 7971 4750 4950 8745 3582 119 2177 5316 1869 7364 7447 3230 7199 2661 6733 883 1272 7772 5624 4129 9712 7971 5922 4958 8349 2532 5139 9772 2978 2844 3641 3478 6997 5416 7233 8326 4352 1082 3915 9635 1685 8133 6699 430 8458 2901 7390 7352 9991 8892 3526 121 6432 3856 6864 225 1276 4882 4177 4714 2409 4746 9189 5887 8988 4572 9071 5826 3008 7757 8508 8555 5714 2738 4961 1431 2163 900 6019 6119 2888 9932 1380 2718 5108 4386 8234 122 8613 4016 6423 5688 631 7896 3363 5180 7628 791 8261 406 2839 5141 1939 4684 6524 390 4356 6498 4315 3505 2133 973 1303 2749 1333 6432 2292 8430 6271 8375 4484 9526 2507 423 3728 6113 3001 4485 3592 8130 2765 4580 5163 9921 2125 5940 5537 830 5808 9570 4690 3655 6013 979 774 408 8307 8393 9416 7206 3867 4548 5463 9623 6232 7019 6106 4414 2279 4032 4292 2264 5494 9505 2060 1431 6518 2539 8530 795 4231 3503 922 1856 7556 6551 6023 6537 3434 6679 4784 8014 7560 7867 7178 6045 9853 4792 6844 8317 7497 9157 1428 3587 5698 1683 8223 6242 7969 5952 751 7743 2850 8600 1337 1778 3925 943 9496 4356 8877 1620 3013 7138 783 1009 1159 4752 9442 7916 7058 5494 9288 3978 3157 6513 1938 6138 2355 4290 6245 5243 8571 9539 1681 7291 7306 284 9027 895 4751 6629 8649 2775 427 4897 3113 764 359 5322 4011 6147 1269 582 6512 7367 9671 2781 9816 9662 1245 8006 4487 1737 6527 5985 2727 783 497 7612 3602 4535 9789 2183 5298 3578 2619 6119 3121 4319 222 5955 8979 3657 2956 9536 6081 4092 9112 5600 126 4516 34 9234 3403 2543 1722 3959 1242 3309 3340 1516 8321 5552 8442 4151 5915 9905 8520 1447 4078 3075 4847 8388 7648 7364 6169 6883 3950 1434 8267 9215 5792 4229 2519 123 4373 5780 7752 1372 6169 2047 9180 1557 4127 4115 5389 5377 3861 1737 5365 7055 4453 8335 8645 9355 9135 6310 8780 2206 2435 4239 1475 9132 684 7724 8158 3603 8480 6025 2792 5913 5972 3090 9712 1347 5490 728 8675 9947 9559 959 6477 3647 5141 5623 1530 5535 4196 1772 9973 8511 1111 7405 7467 8125 4979 9741 3386 1943 5035 9845 5071 5925 4387 7701 7517 1691 7882 5346 6484 2947 4736 2954 9142 4043 5730 3624 7699 4911 6771 2221 7870 4981 2333 955 9599 9047 297 2964 6967 8954 1861 7242 2934 7713 3168 3392 828 8752 4502 7307 3424 1791 7262 7151 7806 6688 9132 8078 917 6471 1989 2782 6748 3879 1465 622 5791 4035 703 5738 510 2408 4490 6448 1560 8710 473 3038 9881 9831 7533 5254 6486 5500 3979 6593 8357 4429 6589 1736 5754 4668 49 3929 6382 9175 6538 4326 3348 9617 8430 3733 5564 4438 760 6703 3741 9842 8694 9799 3271 1698 4580 4416 6506 1613 9692 5609 8064 5622 2447 5627 5370 6962 9130 73 14 3398 6000 1304 5845 5863 8691 7712 4902 2245 3700 1164 4938 763 8887 9984 5659 7800 4152 67 3855 502 2160 3400 662 9702 2556 8866 5309 2882 4371 9663 1418 9540 4570 5176 180 1702 6942 3485 4592 890 3243 5741 9780 4559 8843 1037 7423 6152 2415 9513 6960 3018 2726 5233 4370 9158 4860 8744 2416 6821 374 1080 772 6664 2558 2397 6795 5251 4186 1450 6964 6968 806 9349 4127 7693 1877 8183 8702 2243 7747 6094 7007 211 9772 6663 5851 1258 6432 9208 8443 8086 2466 9797 6986 7407 2303 2744 6951 2180 1134 5511 1589 2245 8082 7625 9814 4565 6483 3981 6488 460 7663 4156 415 9738 5149 7866 8570 1211 1118 7914 10 5522 9404 1666 6510 3089 1519 774 3106 8872 5742 5222 512 6680 3417 3019 3293 5912 5962 8317 6646 2573 3016 4737 7347 449 5254 9814 3880 9172 8634 4206 4391 1641 209 8656 8949 9720 7801 4802 5636 6206 860 7851 9190 9520 5061 2748 9369 3039 9743 8344 3434 7918 7983 5613 4042 7322 7856 4833 422 153 8720 9422 9261 928 399 5502 6974 5162 534 8532 5398 1691 8266 7919 4894 4221 7722 1534 3157 9965 600 1523 5265 3000 7177 5448 7583 2024 6043 9368 8404 2190 9045 975 4896 8448 2152 8907 8469 1912 5095 840 4139 9729 9509 1009 3848 3201 7345 6706 1882 4371 4508 6602 468 760 4374 3614 1596 86 5523 2584 6036 5300 4610 1820
1820 4610 5300 6036 2584 5523 86 1596 3614 4374 760 468 6602 4508 4371 1882 6706 7345 3201 3848 1009 9509 9729 4139 840 5095 1912 8469 8907 2152 8448 4896 975 9045 2190 8404 9368 6043 2024 7583 5448 7177 3000 5265 1523 600 9965 3157 1534 7722 4221 4894 7919 8266 1691 5398 8532 534 5162 6974 5502 399 928 9261 9422 8720 153 422 4833 7856 7322 4042 5613 7983 7918 3434 8344 9743 3039 9369 2748 5061 9520 9190 7851 860 6206 5636 4802 7801 9720 8949 8656 209 1641 4391 4206 8634 9172 3880 9814 5254 449 7347 4737 3016 2573 6646 8317 5962 5912 3293 3019 3417 6680 512 5222 5742 8872 3106 774 1519 3089 6510 1666 9404 5522 10 7914 1118 1211 8570 7866 5149 9738 415 4156 7663 460 6488 3981 6483 4565 9814 7625 8082 2245 1589 5511 1134 2180 6951 2744 2303 7407 6986 9797 2466 8086 8443 9208 6432 1258 5851 6663 9772 211 7007 6094 7747 2243 8702 8183 1877 7693 4127 9349 806 6968 6964 1450 4186 5251 6795 2397 2558 6664 772 1080 374 6821 2416 8744 4860 9158 4370 5233 2726 3018 6960 9513 2415 6152 7423 1037 8843 4559 9780 5741 3243 890 4592 3485 6942 1702 180 5176 4570 9540 1418 9663 4371 2882 5309 8866 2556 9702 662 3400 2160 502 3855 67 4152 7800 5659 9984 8887 763 4938 1164 3700 2245 4902 7712 8691 5863 5845 1304 6000 3398 14 73 9130 6962 5370 5627 2447 5622 8064 5609 9692 1613 6506 4416 4580 1698 3271 9799 8694 9842 3741 6703 760 4438 5564 3733 8430 9617 3348 4326 6538 9175 6382 3929 49 4668 5754 1736 6589 4429 8357 6593 3979 5500 6486 5254 7533 9831 9881 3038 473 8710 1560 6448 4490 2408 510 5738 703 4035 5791 622 1465 3879 6748 2782 1989 6471 917 8078 9132 6688 7806 7151 7262 1791 3424 7307 4502 8752 828 3392 3168 7713 2934 7242 1861 8954 6967 2964 297 9047 9599 955 2333 4981 7870 2221 6771 4911 7699 3624 5730 4043 9142 2954 4736 2947 6484 5346 7882 1691 7517 7701 4387 5925 5071 9845 5035 1943 3386 9741 4979 8125 7467 7405 1111 8511 9973 1772 4196 5535 1530 5623 5141 3647 6477 959 9559 9947 8675 728 5490 1347 9712 3090 5972 5913 2792 6025 8480 3603 8158 7724 684 9132 1475 4239 2435 2206 8780 6310 9135 9355 8645 8335 4453 7055 5365 1737 3861 5377 5389 4115 4127 1557 9180 2047 6169 1372 7752 5780 4373 123 2519 4229 5792 9215 8267 1434 3950 6883 6169 7364 7648 8388 4847 3075 4078 1447 8520 9905 5915 4151 8442 5552 8321 1516 3340 3309 1242 3959 1722 2543 3403 9234 34 4516 126 5600 9112 4092 6081 9536 2956 3657 8979 5955 222 4319 3121 6119 2619 3578 5298 2183 9789 4535 3602 7612 497 783 2727 5985 6527 1737 4487 8006 1245 9662 9816 2781 9671 7367 6512 582 1269 6147 4011 5322 359 764 3113 4897 427 2775 8649 6629 4751 895 9027 284 7306 7291 1681 9539 8571 5243 6245 4290 2355 6138 1938 6513 3157 3978 9288 5494 7058 7916 9442 4752 1159 1009 783 7138 3013 1620 8877 4356 9496 943 3925 1778 1337 8600 2850 7743 751 5952 7969 6242 8223 1683 5698 3587 1428 9157 7497 8317 6844 4792 9853 6045 7178 7867 7560 8014 4784 6679 3434 6537 6023 6551 7556 1856 922 3503 4231 795 8530 2539 6518 1431 2060 9505 5494 2264 4292 4032 2279 4414 6106 7019 6232 9623 5463 4548 3867 7206 9416 8393 8307 408 774 979 6013 3655 4690 9570 5808 830 5537 5940 2125 9921 5163 4580 2765 8130 3592 4485 3001 6113 3728 423 2507 9526 4484 8375 6271 8430 2292 6432 1333 2749 1303 973 2133 3505 4315 6498 4356 390 6524 4684 1939 5141 2839 406 8261 791 7628 5180 3363 7896 631 5688 6423 4016 8613 122 8234 4386 5108 2718 1380 9932 2888 6119 6019 900 2163 1431 4961 2738 5714 8555 8508 7757 3008 5826 9071 4572 8988 5887 9189 4746 2409 4714 4177 4882 1276 225 6864 3856 6432 121 3526 8892 9991 7352 7390 2901 8458 430 6699 8133 1685 9635 3915 1082 4352 8326 7233 5416 6997 3478 3641 2844 2978 9772 5139 2532 8349 4958 5922 7971 9712 4129 5624 7772 1272 883 6733 2661 7199 3230 7447 7364 1869 5316 2177 119 3582 8745 4950 4750 7971 7929 5220 9609 8617 3893 2882 6501 8424 6183 7517 6444 6763 5837 5068 9498 2176 9056 4376 2603 8254 8549 4598 323 9208 5724 1499 6114 394 2567 4193 4406 2929 3470 1482 8847 1049 1143 9068 8197 8006 131 2952 4382 8575 9415 3335 9517 678 2122 2685 2271 4076 3211 4003 8110 2634 3434 1613 5255 2002 8697 1889 417 7801 2117 5479 2497 7059 4205 4369 8200 1983 2276 5472 6095 2491 2696 1000 1813 5476 977 4471 9925 3359 17 8293 5833 8929 9896 252 3748 9963 5543 6499 4467 1676 2261 8230 2664 774 3890 9956 1139 8014 5988 6700 5366 3500 7135 7945 7012 7620 6558 7040 9707 6324 6285 6159 1990 4561 9967 1960 4807 6131 784 4599 586 2311 7500 2382 6146 3851 7023 4160 564 4821 2022 9722 5720 8995 4518 7851 3017 7465 5374 6112 673 5565 3302 7809 5865 1676 6207 8645 3683 570 5435 8475 85 3514 138 6168 3987 3646 9414 2193 1790 8841 7933 9586 6059 7655 1065 1144 2490 1940 5576 4600 5432 867 5585 5925 8565 2829 2244 4004 6568 2434 3282 7902 6509 5373 4797 9170 9987 5928 4039 6565 6464 1976 7429 2508 5082 5464 3185 3317 6679 221 6936 2040 9367 1754 117 1031 1516 975 4443 8946 5742 6765 4425 8093 1201 4548 8963 8830 4860 7958 3660 7210 8827 9025 3318 1363 7365 9503 1407 892 3026 8897 6874 9621 2420 8141 6259 2241 3018 2048 5787 41 8292 4489 9512 3400 2440 4547 3207 6281 5170 8834 6313 2109 5680 3615 8372 312 5024 5121 8399 9661 9782 6260 6702 5905 9964 4391 7894 3088 7923 3970 5492 1714 8200 4229 490 2367 6504 2111 75 313 8202 4529 8588 7195 8428 7416 8192 6774 2621 9738 8047 1195 7967 4554 1406 587 2928 6041 7058 6196 5938 2206 4706 464 9190 9375 1204 8672 1811 8151 8223 679 1607 4416 7548 710 9625 2770 6335 2404 1176 7493 4738 2484 3426 2378 4820 9509 7667 342 7655 513 4312 2107 3308 2794 3447 9070 137 9077 3293 5139 7837 9797 6011 5162 3554 6311 9662 1508 9877 2682 8445 4352 3527 3915 1002 1907 6983 7521 7529 7331 8882 2151 2657 4054 5908 8907 3304 1427 4980 577 2985 7704 2397 9291 1359 9631 7258 8988 1598 3749 3154 3838 8397 5616 2704 5898 7426 8709 9347 570 2880 5537 6879 6227 5212 3047 3271 5227 9407 5421 6071 936 8172 5019 6159 4670 291 6597 3636 2048 2731 6326 5126 1289 5969 5220 2704 7815 2863 7201 9995 7118 1123 9378 1881 1814 5041 9454 5927 3564 3915 9971 6236 4203 5910 7353 805 8916 9151 4775 225 2524 8065 7185 2647 1011 5277 1343 3987 6956 3865 5760 1706 5531 6129 6279 4916 3117 6941 3542 559 1521 8849 5968 3629 1826 7686 7863 9710 2956 9806 697 357 9012 785 8446 9900 408 8274 1784 6250 8351 3206 2100 7774 8320 15 5063 7317 1742 6227 8963 9389 7215 7729 9243 2525 6758 1719 8571 243 2163 6753 9173 6630 4193 4260 268 2709 2611 2957 2582 4325 6625 167 5352 3681 6283 4851 4411 3234 3612 2964 4703 7639 6502 7795 5215 830 7717 2436 5149 3429 9862 9313 4728 4921 3200 8761 6456 7764 3226 9807 1355 7249 1084 6019 7950 319 874 4142 4818 116 6668 864 196 4307 7461 7686 4546 4909 9158 545 650 4223 7133 8424 6781 1462 9497 6373 7462 6959 2944 8781 4112 523 2117 2904 9109 7417 4843 9763 6629 8460 3487 2295 3672 2953 892 8045 6667 8936 6282 2312 6408 4379 6752 5071 7471 5996 6935 2835 215 5534 4502 493 7420 9791 5886 8823 9565 7900 4372 2491 7362 200 4425 9831 2262 8721 456 9538 2541 6109 4560 6790 2767 8026 8551 1792 9386 6274 4447 8790 4907 4673 6167 8668 6393 9481 6390 7501 6286 6403 9041 1877 2968 2681 8312 7039 8340 8483 3664 4521 6815 6442 8849 4426 6397 2728 9835 8731 1658 2678 374 4921 3330 6501 111 2685 2086 4490 240 3190 3319 3272 2335 9671 8799 2191 5170 145 515 4625 3193 4476 264 3448 5323 8781 1538 8551 5794 1083 6858 2779 1198 8655 867 2532 4804 7356 3336 9511 7521 5677 5214 7 998 9724 4522 4947 3077 6713 4963 6152 4520 8231 3836 3477 896 5986 516 6181 4599 4874 5775 8643 955 6173 2098 90 4410 2796 1137 5394 2620 9019 7452 2830 7047 7107 2482 4983 813 4358 2041 9663 4647 7805 6632 7735 5099 4194 3130 6987 1195 1511 2318 5942 5474 1290 949 1129 2826 2845 1777 8348 22 1081 8088 5937 7262 3351 7234 9726 2040 8178 9333 6244 5813 4505 370 3457 1642 5334 9751 2208 3218 9715 7892 8416 7683 9302 8817 7182 858 6244 8149 9390 8667 9905 8452 3740 8692 1067 1745 1127 1725 3479 2530 6691 813 1009 5481 3250 5923 1205 2458 9240 8191 7345 2738 3631 998 3602 7205 9893 1996 9215 5552 815 5551 3186 3152 831 2145 6151 4410 488 811 7761 918 8350 8435 8073 882 1107 9093 6928 6534 7552 6008 774 5802 1919 6110 6019 4598 6168 7834 8153 5431 5061 7671 4102 2755 3890 954 6722 4622 7477 1316 174 5417 2746 6974 7738 9067 8066 261 7845 5993 1776 851 9506 9033 5367 8229 5661 8328 476 4415 3092 9674 4114 3471 6754 7322 4050 6492 8134 2931 9792 6863 2247 5723 2316 640 4257 918 5969 1696 9933 4319 5074 4463 3528 1232 4128 4910 6667 8656 6641 401 1403 9961 7504 1125 6119 310 4241 5677 3162 229 3887 6155 86 4558 1801 2661 2936 8851 1453 8930 1158 8632 4176 6588 874 7232 656 926 394 1904 2101 152 7294 7636 2650 7985 197 4742 7743 3481 5832 6789 5779 5622 6892 6256 3607 358 7701 2981 8574 4148 5776 1343 9662 6621 6485 9890 4334 5699 9457 2002 1826 4163 1421 6571 7645 9462 7659 9541 9501 3266 8472 9089 366 9318 8078 5630 2201 7392 3523 9636 113 8755 3852 2160 544 9031 7907 9337 8592 8712 1701 6990 8815 4731 5255 1005 461 1010 2436 3455 4167 2248 7854 8621 6611 8514 4569 1350 4992 4411 9950 6887 1768 3993 2236 6363 5612 6756 9879 9097 6575 7915 7201 6223 620 3703 9797 6151 5663 1944 8816 6005 1010 7894 1089 8283 4264 9080 8556 7685 2797 3268 8519 5892 9148 7551 7329 8983 957 7340 1462 9216 7997 4748 6836 1012 5798 8319 2170 1666 8145 8577 39 3704 4347 3147 4559 5321 8910 5270 7256 4054 4842 9496 4747 2330 1255 6174 2751 5029 4085 422 9259 5488 8019 2882 9199 2410 2319 8145 8053 3435 5361 7046 8098 2535 6984 8799 2686 9167 8364 3662 8290 5764 6651 5777 7502 9132 3926 4767 6064 481 572 5812 3720 269 5097 5524 6762 6436 4672 5814 2329 3873 8545 8462 4182 9062 521 5580 2815 234 5858 3155 8131 2577 9350 6009
6009 9350 2577 8131 3155 5858 234 2815 5580 521 9062 4182 8462 8545 3873 2329 5814 4672 6436 6762 5524 5097 269 3720 5812 572 481 6064 4767 3926 9132 7502 5777 6651 5764 8290 3662 8364 9167 2686 8799 6984 2535 8098 7046 5361 3435 8053 8145 2319 2410 9199 2882 8019 5488 9259 422 4085 5029 2751 6174 1255 2330 4747 9496 4842 4054 7256 5270 8910 5321 4559 3147 4347 3704 39 8577 8145 1666 2170 8319 5798 1012 6836 4748 7997 9216 1462 7340 957 8983 7329 7551 9148 5892 8519 3268 2797 7685 8556 9080 4264 8283 1089 7894 1010 6005 8816 1944 5663 6151 9797 3703 620 6223 7201 7915 6575 9097 9879 6756 5612 6363 2236 3993 1768 6887 9950 4411 4992 1350 4569 8514 6611 8621 7854 2248 4167 3455 2436 1010 461 1005 5255 4731 8815 6990 1701 8712 8592 9337 7907 9031 544 2160 3852 8755 113 9636 3523 7392 2201 5630 8078 9318 366 9089 8472 3266 9501 9541 7659 9462 7645 6571 1421 4163 1826 2002 9457 5699 4334 9890 6485 6621 9662 1343 5776 4148 8574 2981 7701 358 3607 6256 6892 5622 5779 6789 5832 3481 7743 4742 197 7985 2650 7636 7294 152 2101 1904 394 926 656 7232 874 6588 4176 8632 1158 8930 1453 8851 2936 2661 1801 4558 86 6155 3887 229 3162 5677 4241 310 6119 1125 7504 9961 1403 401 6641 8656 6667 4910 4128 1232 3528 4463 5074 4319 9933 1696 5969 918 4257 640 2316 5723 2247 6863 9792 2931 8134 6492 4050 7322 6754 3471 4114 9674 3092 4415 476 8328 5661 8229 5367 9033 9506 851 1776 5993 7845 261 8066 9067 7738 6974 2746 5417 174 1316 7477 4622 6722 954 3890 2755 4102 7671 5061 5431 8153 7834 6168 4598 6019 6110 1919 5802 774 6008 7552 6534 6928 9093 1107 882 8073 8435 8350 918 7761 811 488 4410 6151 2145 831 3152 3186 5551 815 5552 9215 1996 9893 7205 3602 998 3631 2738 7345 8191 9240 2458 1205 5923 3250 5481 1009 813 6691 2530 3479 1725 1127 1745 1067 8692 3740 8452 9905 8667 9390 8149 6244 858 7182 8817 9302 7683 8416 7892 9715 3218 2208 9751 5334 1642 3457 370 4505 5813 6244 9333 8178 2040 9726 7234 3351 7262 5937 8088 1081 22 8348 1777 2845 2826 1129 949 1290 5474 5942 2318 1511 1195 6987 3130 4194 5099 7735 6632 7805 4647 9663 2041 4358 813 4983 2482 7107 7047 2830 7452 9019 2620 5394 1137 2796 4410 90 2098 6173 955 8643 5775 4874 4599 6181 516 5986 896 3477 3836 8231 4520 6152 4963 6713 3077 4947 4522 9724 998 7 5214 5677 7521 9511 3336 7356 4804 2532 867 8655 1198 2779 6858 1083 5794 8551 1538 8781 5323 3448 264 4476 3193 4625 515 145 5170 2191 8799 9671 2335 3272 3319 3190 240 4490 2086 2685 111 6501 3330 4921 374 2678 1658 8731 9835 2728 6397 4426 8849 6442 6815 4521 3664 8483 8340 7039 8312 2681 2968 1877 9041 6403 6286 7501 6390 9481 6393 8668 6167 4673 4907 8790 4447 6274 9386 1792 8551 8026 2767 6790 4560 6109 2541 9538 456 8721 2262 9831 4425 200 7362 2491 4372 7900 9565 8823 5886 9791 7420 493 4502 5534 215 2835 6935 5996 7471 5071 6752 4379 6408 2312 6282 8936 6667 8045 892 2953 3672 2295 3487 8460 6629 9763 4843 7417 9109 2904 2117 523 4112 8781 2944 6959 7462 6373 9497 1462 6781 8424 7133 4223 650 545 9158 4909 4546 7686 7461 4307 196 864 6668 116 4818 4142 874 319 7950 6019 1084 7249 1355 9807 3226 7764 6456 8761 3200 4921 4728 9313 9862 3429 5149 2436 7717 830 5215 7795 6502 7639 4703 2964 3612 3234 4411 4851 6283 3681 5352 167 6625 4325 2582 2957 2611 2709 268 4260 4193 6630 9173 6753 2163 243 8571 1719 6758 2525 9243 7729 7215 9389 8963 6227 1742 7317 5063 15 8320 7774 2100 3206 8351 6250 1784 8274 408 9900 8446 785 9012 357 697 9806 2956 9710 7863 7686 1826 3629 5968 8849 1521 559 3542 6941 3117 4916 6279 6129 5531 1706 5760 3865 6956 3987 1343 5277 1011 2647 7185 8065 2524 225 4775 9151 8916 805 7353 5910 4203 6236 9971 3915 3564 5927 9454 5041 1814 1881 9378 1123 7118 9995 7201 2863 7815 2704 5220 5969 1289 5126 6326 2731 2048 3636 6597 291 4670 6159 5019 8172 936 6071 5421 9407 5227 3271 3047 5212 6227 6879 5537 2880 570 9347 8709 7426 5898 2704 5616 8397 3838 3154 3749 1598 8988 7258 9631 1359 9291 2397 7704 2985 577 4980 1427 3304 8907 5908 4054 2657 2151 8882 7331 7529 7521 6983 1907 1002 3915 3527 4352 8445 2682 9877 1508 9662 6311 3554 5162 6011 9797 7837 5139 3293 9077 137 9070 3447 2794 3308 2107 4312 513 7655 342 7667 9509 4820 2378 3426 2484 4738 7493 1176 2404 6335 2770 9625 710 7548 4416 1607 679 8223 8151 1811 8672 1204 9375 9190 464 4706 2206 5938 6196 7058 6041 2928 587 1406 4554 7967 1195 8047 9738 2621 6774 8192 7416 8428 7195 8588 4529 8202 313 75 2111 6504 2367 490 4229 8200 1714 5492 3970 7923 3088 7894 4391 9964 5905 6702 6260 9782 9661 8399 5121 5024 312 8372 3615 5680 2109 6313 8834 5170 6281 3207 4547 2440 3400 9512 4489 8292 41 5787 2048 3018 2241 6259 8141 2420 9621 6874 8897 3026 892 1407 9503 7365 1363 3318 9025 8827 7210 3660 7958 4860 8830 8963 4548 1201 8093 4425 6765 5742 8946 4443 975 1516 1031 117 1754 9367 2040 6936 221 6679 3317 3185 5464 5082 2508 7429 1976 6464 6565 4039 5928 9987 9170 4797 5373 6509 7902 3282 2434 6568 4004 2244 2829 8565 5925 5585 867 5432 4600 5576 1940 2490 1144 1065 7655 6059 9586 7933 8841 1790 2193 9414 3646 3987 6168 138 3514 85 8475 5435 570 3683 8645 6207 1676 5865 7809 3302 5565 673 6112 5374 7465 3017 7851 4518 8995 5720 9722 2022 4821 564 4160 7023 3851 6146 2382 7500 2311 586 4599 784 6131 4807 1960 9967 4561 1990 6159 6285 6324 9707 7040 6558 7620 7012 7945 7135 3500 5366 6700 5988 8014 1139 9956 3890 774 2664 8230 2261 1676 4467 6499 5543 9963 3748 252 9896 8929 5833 8293 17 3359 9925 4471 977 5476 1813 1000 2696 2491 6095 5472 2276 1983 8200 4369 4205 7059 2497 5479 2117 7801 417 1889 8697 2002 5255 1613 3434 2634 8110 4003 3211 4076 2271 2685 2122 678 9517 3335 9415 8575 4382 2952 131 8006 8197 9068 1143 1049 8847 1482 3470 2929 4406 4193 2567 394 6114 1499 5724 9208 323 4598 8549 8254 2603 4376 9056 2176 9498 5068 5837 6763 6444 7517 6183 8424 6501 2882 3893 8617 9609 5220 7929 7971 4750 4950 8745 3582 119 2177 5316 1869 7364 7447 3230 7199 2661 6733 883 1272 7772 5624 4129 9712 7971 5922 4958 8349 2532 5139 9772 2978 2844 3641 3478 6997 5416 7233 8326 4352 1082 3915 9635 1685 8133 6699 430 8458 2901 7390 7352 9991 8892 3526 121 6432 3856 6864 225 1276 4882 4177 4714 2409 4746 9189 5887 8988 4572 9071 5826 3008 7757 8508 8555 5714 2738 4961 1431 2163 900 6019 6119 2888 9932 1380 2718 5108 4386 8234 122 8613 4016 6423 5688 631 7896 3363 5180 7628 791 8261 406 2839 5141 1939 4684 6524 390 4356 6498 4315 3505 2133 973 1303 2749 1333 6432 2292 8430 6271 8375 4484 9526 2507 423 3728 6113 3001 4485 3592 8130 2765 4580 5163 9921 2125 5940 5537 830 5808 9570 4690 3655 6013 979 774 408 8307 8393 9416 7206 3867 4548 5463 9623 6232 7019 6106 4414 2279 4032 4292 2264 5494 9505 2060 1431 6518 2539 8530 795 4231 3503 922 1856 7556 6551 6023 6537 3434 6679 4784 8014 7560 7867 7178 6045 9853 4792 6844 8317 7497 9157 1428 3587 5698 1683 8223 6242 7969 5952 751 7743 2850 8600 1337 1778 3925 943 9496 4356 8877 1620 3013 7138 783 1009 1159 4752 9442 7916 7058 5494 9288 3978 3157 6513 1938 6138 2355 4290 6245 5243 8571 9539 1681 7291 7306 284 9027 895 4751 6629 8649 2775 427 4897 3113 764 359 5322 4011 6147 1269 582 6512 7367 9671 2781 9816 9662 1245 8006 4487 1737 6527 5985 2727 783 497 7612 3602 4535 9789 2183 5298 3578 2619 6119 3121 4319 222 5955 8979 3657 2956 9536 6081 4092 9112 5600 126 4516 34 9234 3403 2543 1722 3959 1242 3309 3340 1516 8321 5552 8442 4151 5915 9905 8520 1447 4078 3075 4847 8388 7648 7364 6169 6883 3950 1434 8267 9215 5792 4229 2519 123 4373 5780 7752 1372 6169 2047 9180 1557 4127 4115 5389 5377 3861 1737 5365 7055 4453 8335 8645 9355 9135 6310 8780 2206 2435 4239 1475 9132 684 7724 8158 3603 8480 6025 2792 5913 5972 3090 9712 1347 5490 728 8675 9947 9559 959 6477 3647 5141 5623 1530 5535 4196 1772 9973 8511 1111 7405 7467 8125 4979 9741 3386 1943 5035 9845 5071 5925 4387 7701 7517 1691 7882 5346 6484 2947 4736 2954 9142 4043 5730 3624 7699 4911 6771 2221 7870 4981 2333 955 9599 9047 297 2964 6967 8954 1861 7242 2934 7713 3168 3392 828 8752 4502 7307 3424 1791 7262 7151 7806 6688 9132 8078 917 6471 1989 2782 6748 3879 1465 622 5791 4035 703 5738 510 2408 4490 6448 1560 8710 473 3038 9881 9831 7533 5254 6486 5500 3979 6593 8357 4429 6589 1736 5754 4668 49 3929 6382 9175 6538 4326 3348 9617 8430 3733 5564 4438 760 6703 3741 9842 8694 9799 3271 1698 4580 4416 6506 1613 9692 5609 8064 5622 2447 5627 5370 6962 9130 73 14 3398 6000 1304 5845 5863 8691 7712 4902 2245 3700 1164 4938 763 8887 9984 5659 7800 4152 67 3855 502 2160 3400 662 9702 2556 8866 5309 2882 4371 9663 1418 9540 4570 5176 180 1702 6942 3485 4592 890 3243 5741 9780 4559 8843 1037 7423 6152 2415 9513 6960 3018 2726 5233 4370 9158 4860 8744 2416 6821 374 1080 772 6664 2558 2397 6795 5251 4186 1450 6964 6968 806 9349 4127 7693 1877 8183 8702 2243 7747 6094 7007 211 9772 6663 5851 1258 6432 9208 8443 8086 2466 9797 6986 7407 2303 2744 6951 2180 1134 5511 1589 2245 8082 7625 9814 4565 6483 3981 6488 460 7663 4156 415 9738 5149 7866 8570 1211 1118 7914 10 5522 9404 1666 6510 3089 1519 774 3106 8872 5742 5222 512 6680 3417 3019 3293 5912 5962 8317 6646 2573 3016 4737 7347 449 5254 9814 3880 9172 8634 4206 4391 1641 209 8656 8949 9720 7801 4802 5636 6206 860 7851 9190 9520 5061 2748 9369 3039 9743 8344 3434 7918 7983 5613 4042 7322 7856 4833 422 153 8720 9422 9261 928 399 5502 6974 5162 534 8532 5398 1691 8266 7919 4894 4221 7722 1534 3157 9965 600 1523 5265 3000 7177 5448 7583 2024 6043 9368 8404 2190 9045 975 4896 8448 2152 8907 8469 1912 5095 840 4139 9729 9509 1009 3848 3201 7345 6706 1882 4371 4508 6602 468 760 4374 3614 1596 86 5523 2584 6036 5300 4610 1820
6009 9350 2577 8131 3155 5858 234 2815 5580 521 9062 4182 8462 8545 3873 2329 5814 4672 6436 6762 5524 5097 269 3720 5812 572 481 6064 4767 3926 9132 7502 5777 6651 5764 8290 3662 8364 9167 2686 8799 6984 2535 8098 7046 5361 3435 8053 8145 2319 2410 9199 2882 8019 5488 9259 422 4085 5029 2751 6174 1255 2330 4747 9496 4842 4054 7256 5270 8910 5321 4559 3147 4347 3704 39 8577 8145 1666 2170 8319 5798 1012 6836 4748 7997 9216 1462 7340 957 8983 7329 7551 9148 5892 8519 3268 2797 7685 8556 9080 4264 8283 1089 7894 1010 6005 8816 1944 5663 6151 9797 3703 620 6223 7201 7915 6575 9097 9879 6756 5612 6363 2236 3993 1768 6887 9950 4411 4992 1350 4569 8514 6611 8621 7854 2248 4167 3455 2436 1010 461 1005 5255 4731 8815 6990 1701 8712 8592 9337 7907 9031 544 2160 3852 8755 113 9636 3523 7392 2201 5630 8078 9318 366 9089 8472 3266 9501 9541 7659 9462 7645 6571 1421 4163 1826 2002 9457 5699 4334 9890 6485 6621 9662 1343 5776 4148 8574 2981 7701 358 3607 6256 6892 5622 5779 6789 5832 3481 7743 4742 197 7985 2650 7636 7294 152 2101 1904 394 926 656 7232 874 6588 4176 8632 1158 8930 1453 8851 2936 2661 1801 4558 86 6155 3887 229 3162 5677 4241 310 6119 1125 7504 9961 1403 401 6641 8656 6667 4910 4128 1232 3528 4463 5074 4319 9933 1696 5969 918 4257 640 2316 5723 2247 6863 9792 2931 8134 6492 4050 7322 6754 3471 4114 9674 3092 4415 476 8328 5661 8229 5367 9033 9506 851 1776 5993 7845 261 8066 9067 7738 6974 2746 5417 174 1316 7477 4622 6722 954 3890 2755 4102 7671 5061 5431 8153 7834 6168 4598 6019 6110 1919 5802 774 6008 7552 6534 6928 9093 1107 882 8073 8435 8350 918 7761 811 488 4410 6151 2145 831 3152 3186 5551 815 5552 9215 1996 9893 7205 3602 998 3631 2738 7345 8191 9240 2458 1205 5923 3250 5481 1009 813 6691 2530 3479 1725 1127 1745 1067 8692 3740 8452 9905 8667 9390 8149 6244 858 7182 8817 9302 7683 8416 7892 9715 3218 2208 9751 5334 1642 3457 370 4505 5813 6244 9333 8178 2040 9726 7234 3351 7262 5937 8088 1081 22 8348 1777 2845 2826 1129 949 1290 5474 5942 2318 1511 1195 6987 3130 4194 5099 7735 6632 7805 4647 9663 2041 4358 813 4983 2482 7107 7047 2830 7452 9019 2620 5394 1137 2796 4410 90 2098 6173 955 8643 5775 4874 4599 6181 516 5986 896 3477 3836 8231 4520 6152 4963 6713 3077 4947 4522 9724 998 7 5214 5677 7521 9511 3336 7356 4804 2532 867 8655 1198 2779 6858 1083 5794 8551 1538 8781 5323 3448 264 4476 3193 4625 515 145 5170 2191 8799 9671 2335 3272 3319 3190 240 4490 2086 2685 111 6501 3330 4921 374 2678 1658 8731 9835 2728 6397 4426 8849 6442 6815 4521 3664 8483 8340 7039 8312 2681 2968 1877 9041 6403 6286 7501 6390 9481 6393 8668 6167 4673 4907 8790 4447 6274 9386 1792 8551 8026 2767 6790 4560 6109 2541 9538 456 8721 2262 9831 4425 200 7362 2491 4372 7900 9565 8823 5886 9791 7420 493 4502 5534 215 2835 6935 5996 7471 5071 6752 4379 6408 2312 6282 8936 6667 8045 892 2953 3672 2295 3487 8460 6629 9763 4843 7417 9109 2904 2117 523 4112 8781 2944 6959 7462 6373 9497 1462 6781 8424 7133 4223 650 545 9158 4909 4546 7686 7461 4307 196 864 6668 116 4818 4142 874 319 7950 6019 1084 7249 1355 9807 3226 7764 6456 8761 3200 4921 4728 9313 9862 3429 5149 2436 7717 830 5215 7795 6502 7639 4703 2964 3612 3234 4411 4851 6283 3681 5352 167 6625 4325 2582 2957 2611 2709 268 4260 4193 6630 9173 6753 2163 243 8571 1719 6758 2525 9243 7729 7215 9389 8963 6227 1742 7317 5063 15 8320 7774 2100 3206 8351 6250 1784 8274 408 9900 8446 785 9012 357 697 9806 2956 9710 7863 7686 1826 3629 5968 8849 1521 559 3542 6941 3117 4916 6279 6129 5531 1706 5760 3865 6956 3987 1343 5277 1011 2647 7185 8065 2524 225 4775 9151 8916 805 7353 5910 4203 6236 9971 3915 3564 5927 9454 5041 1814 1881 9378 1123 7118 9995 7201 2863 7815 2704 5220 5969 1289 5126 6326 2731 2048 3636 6597 291 4670 6159 5019 8172 936 6071 5421 9407 5227 3271 3047 5212 6227 6879 5537 2880 570 9347 8709 7426 5898 2704 5616 8397 3838 3154 3749 1598 8988 7258 9631 1359 9291 2397 7704 2985 577 4980 1427 3304 8907 5908 4054 2657 2151 8882 7331 7529 7521 6983 1907 1002 3915 3527 4352 8445 2682 9877 1508 9662 6311 3554 5162 6011 9797 7837 5139 3293 9077 137 9070 3447 2794 3308 2107 4312 513 7655 342 7667 9509 4820 2378 3426 2484 4738 7493 1176 2404 6335 2770 9625 710 7548 4416 1607 679 8223 8151 1811 8672 1204 9375 9190 464 4706 2206 5938 6196 7058 6041 2928 587 1406 4554 7967 1195 8047 9738 2621 6774 8192 7416 8428 7195 8588 4529 8202 313 75 2111 6504 2367 490 4229 8200 1714 5492 3970 7923 3088 7894 4391 9964 5905 6702 6260 9782 9661 8399 5121 5024 312 8372 3615 5680 2109 6313 8834 5170 6281 3207 4547 2440 3400 9512 4489 8292 41 5787 2048 3018 2241 6259 8141 2420 9621 6874 8897 3026 892 1407 9503 7365 1363 3318 9025 8827 7210 3660 7958 4860 8830 8963 4548 1201 8093 4425 6765 5742 8946 4443 975 1516 1031 117 1754 9367 2040 6936 221 6679 3317 3185 5464 5082 2508 7429 1976 6464 6565 4039 5928 9987 9170 4797 5373 6509 7902 3282 2434 6568 4004 2244 2829 8565 5925 5585 867 5432 4600 5576 1940 2490 1144 1065 7655 6059 9586 7933 8841 1790 2193 9414 3646 3987 6168 138 3514 85 8475 5435 570 3683 8645 6207 1676 5865 7809 3302 5565 673 6112 5374 7465 3017 7851 4518 8995 5720 9722 2022 4821 564 4160 7023 3851 6146 2382 7500 2311 586 4599 784 6131 4807 1960 9967 4561 1990 6159 6285 6324 9707 7040 6558 7620 7012 7945 7135 3500 5366 6700 5988 8014 1139 9956 3890 774 2664 8230 2261 1676 4467 6499 5543 9963 3748 252 9896 8929 5833 8293 17 3359 9925 4471 977 5476 1813 1000 2696 2491 6095 5472 2276 1983 8200 4369 4205 7059 2497 5479 2117 7801 417 1889 8697 2002 5255 1613 3434 2634 8110 4003 3211 4076 2271 2685 2122 678 9517 3335 9415 8575 4382 2952 131 8006 8197 9068 1143 1049 8847 1482 3470 2929 4406 4193 2567 394 6114 1499 5724 9208 323 4598 8549 8254 2603 4376 9056 2176 9498 5068 5837 6763 6444 7517 6183 8424 6501 2882 3893 8617 9609 5220 7929 7971 4750 4950 8745 3582 119 2177 5316 1869 7364 7447 3230 7199 2661 6733 883 1272 7772 5624 4129 9712 7971 5922 4958 8349 2532 5139 9772 2978 2844 3641 3478 6997 5416 7233 8326 4352 1082 3915 9635 1685 8133 6699 430 8458 2901 7390 7352 9991 8892 3526 121 6432 3856 6864 225 1276 4882 4177 4714 2409 4746 9189 5887 8988 4572 9071 5826 3008 7757 8508 8555 5714 2738 4961 1431 2163 900 6019 6119 2888 9932 1380 2718 5108 4386 8234 122 8613 4016 6423 5688 631 7896 3363 5180 7628 791 8261 406 2839 5141 1939 4684 6524 390 4356 6498 4315 3505 2133 973 1303 2749 1333 6432 2292 8430 6271 8375 4484 9526 2507 423 3728 6113 3001 4485 3592 8130 2765 4580 5163 9921 2125 5940 5537 830 5808 9570 4690 3655 6013 979 774 408 8307 8393 9416 7206 3867 4548 5463 9623 6232 7019 6106 4414 2279 4032 4292 2264 5494 9505 2060 1431 6518 2539 8530 795 4231 3503 922 1856 7556 6551 6023 6537 3434 6679 4784 8014 7560 7867 7178 6045 9853 4792 6844 8317 7497 9157 1428 3587 5698 1683 8223 6242 7969 5952 751 7743 2850 8600 1337 1778 3925 943 9496 4356 8877 1620 3013 7138 783 1009 1159 4752 9442 7916 7058 5494 9288 3978 3157 6513 1938 6138 2355 4290 6245 5243 8571 9539 1681 7291 7306 284 9027 895 4751 6629 8649 2775 427 4897 3113 764 359 5322 4011 6147 1269 582 6512 7367 9671 2781 9816 9662 1245 8006 4487 1737 6527 5985 2727 783 497 7612 3602 4535 9789 2183 5298 3578 2619 6119 3121 4319 222 5955 8979 3657 2956 9536 6081 4092 9112 5600 126 4516 34 9234 3403 2543 1722 3959 1242 3309 3340 1516 8321 5552 8442 4151 5915 9905 8520 1447 4078 3075 4847 8388 7648 7364 6169 6883 3950 1434 8267 9215 5792 4229 2519 123 4373 5780 7752 1372 6169 2047 9180 1557 4127 4115 5389 5377 3861 1737 5365 7055 4453 8335 8645 9355 9135 6310 8780 2206 2435 4239 1475 9132 684 7724 8158 3603 8480 6025 2792 5913 5972 3090 9712 1347 5490 728 8675 9947 9559 959 6477 3647 5141 5623 1530 5535 4196 1772 9973 8511 1111 7405 7467 8125 4979 9741 3386 1943 5035 9845 5071 5925 4387 7701 7517 1691 7882 5346 6484 2947 4736 2954 9142 4043 5730 3624 7699 4911 6771 2221 7870 4981 2333 955 9599 9047 297 2964 6967 8954 1861 7242 2934 7713 3168 3392 828 8752 4502 7307 3424 1791 7262 7151 7806 6688 9132 8078 917 6471 1989 2782 6748 3879 1465 622 5791 4035 703 5738 510 2408 4490 6448 1560 8710 473 3038 9881 9831 7533 5254 6486 5500 3979 6593 8357 4429 6589 1736 5754 4668 49 3929 6382 9175 6538 4326 3348 9617 8430 3733 5564 4438 760 6703 3741 9842 8694 9799 3271 1698 4580 4416 6506 1613 9692 5609 8064 5622 2447 5627 5370 6962 9130 73 14 3398 6000 1304 5845 5863 8691 7712 4902 2245 3700 1164 4938 763 8887 9984 5659 7800 4152 67 3855 502 2160 3400 662 9702 2556 8866 5309 2882 4371 9663 1418 9540 4570 5176 180 1702 6942 3485 4592 890 3243 5741 9780 4559 8843 1037 7423 6152 2415 9513 6960 3018 2726 5233 4370 9158 4860 8744 2416 6821 374 1080 772 6664 2558 2397 6795 5251 4186 1450 6964 6968 806 9349 4127 7693 1877 8183 8702 2243 7747 6094 7007 211 9772 6663 5851 1258 6432 9208 8443 8086 2466 9797 6986 7407 2303 2744 6951 2180 1134 5511 1589 2245 8082 7625 9814 4565 6483 3981 6488 460 7663 4156 415 9738 5149 7866 8570 1211 1118 7914 10 5522 9404 1666 6510 3089 1519 774 3106 8872 5742 5222 512 6680 3417 3019 3293 5912 5962 8317 6646 2573 3016 4737 7347 449 5254 9814 3880 9172 8634 4206 4391 1641 209 8656 8949 9720 7801 4802 5636 6206 860 7851 9190 9520 5061 2748 9369 3039 9743 8344 3434 7918 7983 5613 4042 7322 7856 4833 422 153 8720 9422 9261 928 399 5502 6974 5162 534 8532 5398 1691 8266 7919 4894 4221 7722 1534 3157 9965 600 1523 5265 3000 7177 5448 7583 2024 6043 9368 8404 2190 9045 975 4896 8448 2152 8907 8469 1912 5095 840 4139 9729 9509 1009 3848 3201 7345 6706 1882 4371 4508 6602 468 760 4374 3614 1596 86 5523 2584 6036 5300 4610 1820
