NOT_FOUND
3210
2394
2177
2394
542
2394
2394
NOT_FOUND
2395
NOT_FOUND
1576
2395
2395
2395
9287
403
4085
3215
2396
2396
NOT_FOUND
NOT_FOUND
2186
5043
2396
2268
6960
5194
NOT_FOUND
81
NOT_FOUND
2396
NOT_FOUND
4611
7152
2399
NOT_FOUND
7788
NOT_FOUND
2661
4168
NOT_FOUND
1991
7302
2401
7882
2403
333
145
2494
2405
NOT_FOUND
5918
3321
9813
323
3131
2488
2401
6754
768
2597
1061
2838
4472
2397
NOT_FOUND
2241
2397
7598
2899
4568
172
NOT_FOUND
NOT_FOUND
3498
NOT_FOUND
8738
NOT_FOUND
2399
5817
6302
3113
2399
2402
NOT_FOUND
NOT_FOUND
8587
4608
4513
NOT_FOUND
NOT_FOUND
574
2400
NOT_FOUND
NOT_FOUND
2403
374
700
7692
5764
NOT_FOUND
2400
NOT_FOUND
6133
5134
2253
6580
3416
2401
3627
7341
3445
1555
9128
2398
2398
NOT_FOUND
2398
9592
NOT_FOUND
4243
9956
2135
7285
2398
2398
NOT_FOUND
6789
2399
2399
2927
3656
3257
2398
3295
2400
2400
8215
2285
431
3384
2403
2404
2404
6132
2403
NOT_FOUND
NOT_FOUND
4786
4490
7240
9854
NOT_FOUND
9850
3049
2327
NOT_FOUND
6608
8161
NOT_FOUND
NOT_FOUND
NOT_FOUND
2405
2407
2407
816
9342
NOT_FOUND
7839
108
7086
6929
4112
1193
4761
1962
7272
8141
2402
7555
3556
7310
NOT_FOUND
5026
3013
2399
2400
NOT_FOUND
5269
6577
NOT_FOUND
7690
7814
2398
NOT_FOUND
2399
9121
2402
6022
2401
NOT_FOUND
4344
6258
2402
NOT_FOUND
NOT_FOUND
7998
3803
NOT_FOUND
1307
NOT_FOUND
2401
2302
2400
2400
NOT_FOUND
2401
NOT_FOUND
2401
2234
2400
835
7634
3664
7872
5327
2396
7195
5161
1380
NOT_FOUND
5683
2105
3979
2221
3494
2395
2395
NOT_FOUND
147
2395
2050
NOT_FOUND
2395
8290
NOT_FOUND
NOT_FOUND
2396
NOT_FOUND
2398
9016
2398
4507
6669
3384
2397
NOT_FOUND
1220
3020
9459
502
2395
2396
NOT_FOUND
8059
NOT_FOUND
804
2395
2396
NOT_FOUND
2396
50
2397
NOT_FOUND
2398
3135
9909
2397
NOT_FOUND
2398
2401
31
NOT_FOUND
2401
1243
NOT_FOUND
2402
5653
7156
1703
6830
NOT_FOUND
363
4581
NOT_FOUND
NOT_FOUND
NOT_FOUND
2402
6878
442
5443
9272
1330
NOT_FOUND
2400
2215
2401
2402
2402
NOT_FOUND
2174
6703
4072
9065
671
2404
NOT_FOUND
NOT_FOUND
NOT_FOUND
NOT_FOUND
NOT_FOUND
1459
2140
4939
NOT_FOUND
2407
5465
1300
4476
2407
NOT_FOUND
8151
NOT_FOUND
NOT_FOUND
3289
1309
1210
4460
2857
4532
4473
237
NOT_FOUND
1053
NOT_FOUND
NOT_FOUND
141
6880
2058
2412
2412
NOT_FOUND
6429
4838
NOT_FOUND
7180
2413
2184
1104
NOT_FOUND
2415
1154
7605
NOT_FOUND
2415
3287
2414
2416
2416
NOT_FOUND
NOT_FOUND
7984
272
2879
760
NOT_FOUND
1018
NOT_FOUND
2423
2424
NOT_FOUND
NOT_FOUND
2424
6660
NOT_FOUND
NOT_FOUND
6498
1416
1264
2049
735
2422
1198
2423
2654
3233
2421
3046
5820
3447
5102
2420
9541
2421
2421
4386
9008
2419
2417
4749
2418
7885
NOT_FOUND
2418
5516
NOT_FOUND
2419
2419
5129
2419
8359
2420
2420
2420
2420
7379
355
9760
NOT_FOUND
3784
2421
6157
2420
2377
NOT_FOUND
2419
2319
6374
NOT_FOUND
NOT_FOUND
8050
NOT_FOUND
4233
2418
2421
8133
2422
9968
371
2424
2424
NOT_FOUND
894
5781
2422
2424
2425
NOT_FOUND
8994
1941
5838
2422
3050
NOT_FOUND
NOT_FOUND
2092
1204
2423
5206
6372
NOT_FOUND
NOT_FOUND
1941
2422
9759
9728
NOT_FOUND
9132
2420
1853
6063
7313
1242
8873
2417
2418
5772
5061
2419
7591
NOT_FOUND
NOT_FOUND
3944
2423
2425
2425
NOT_FOUND
2426
192
4080
2426
6818
2427
5516
7764
NOT_FOUND
7573
958
4592
NOT_FOUND
1861
5755
NOT_FOUND
5132
NOT_FOUND
2427
2427
7834
2426
9525
NOT_FOUND
2374
5535
790
NOT_FOUND
NOT_FOUND
2426
1605
8967
1657
1744
NOT_FOUND
NOT_FOUND
4877
3529
7526
NOT_FOUND
2429
5807
8648
4447
6892
4290
9350
4922
2429
5149
156
65
453
3512
NOT_FOUND
2428
9171
7426
2434
2435
NOT_FOUND
NOT_FOUND
NOT_FOUND
4913
6391
2440
2442
7920
5
NOT_FOUND
NOT_FOUND
490
NOT_FOUND
7198
2441
NOT_FOUND
2442
2442
NOT_FOUND
2442
1917
5773
3169
NOT_FOUND
2447
7106
NOT_FOUND
10
2558
NOT_FOUND
NOT_FOUND
6978
NOT_FOUND
2452
3859
6112
4355
1089
NOT_FOUND
8507
2451
7207
2450
NOT_FOUND
2451
2837
NOT_FOUND
2863
6356
3366
500
2450
NOT_FOUND
NOT_FOUND
493
1858
2449
2453
2453
7670
2462
2457
2457
NOT_FOUND
5832
3007
NOT_FOUND
4509
7978
2454
NOT_FOUND
NOT_FOUND
8444
7215
2808
9181
2457
9715
512
8503
NOT_FOUND
3623
2457
9891
NOT_FOUND
7081
1271
8674
NOT_FOUND
6000
NOT_FOUND
912
NOT_FOUND
NOT_FOUND
NOT_FOUND
6606
5417
3729
3177
2455
9111
NOT_FOUND
NOT_FOUND
7231
5971
2455
NOT_FOUND
2455
NOT_FOUND
2455
NOT_FOUND
4080
5204
3608
7371
2451
2451
8433
2450
289
5735
6501
NOT_FOUND
NOT_FOUND
2455
2464
3335
2454
6807
3205
2454
NOT_FOUND
2455
7187
2456
5492
2455
8517
9278
9664
2081
3130
2061
NOT_FOUND
2452
1646
4964
7974
2453
2453
8494
2922
2453
8338
4464
8657
NOT_FOUND
6973
8676
2448
2448
6724
5661
2447
2447
2993
4338
NOT_FOUND
2873
4456
2445
2446
7745
2445
6614
8436
9361
NOT_FOUND
2443
6735
5604
4029
6115
NOT_FOUND
9880
2441
5191
4049
NOT_FOUND
2251
2440
NOT_FOUND
2442
5115
NOT_FOUND
5666
NOT_FOUND
258
3085
2256
4415
494
2323
6775
3049
1033
1115
9393
NOT_FOUND
NOT_FOUND
2452
7223
8188
4772
NOT_FOUND
2450
920
334
NOT_FOUND
7283
NOT_FOUND
NOT_FOUND
2461
2450
1585
2451
2452
NOT_FOUND
2452
NOT_FOUND
5417
4165
7493
NOT_FOUND
1785
NOT_FOUND
2453
2454
5803
6868
513
537
2452
4099
6425
8812
NOT_FOUND
1223
740
NOT_FOUND
9841
NOT_FOUND
1434
2448
9985
NOT_FOUND
6168
2452
2452
5001
2453
NOT_FOUND
NOT_FOUND
2455
9570
2454
NOT_FOUND
NOT_FOUND
9310
173
195
2454
NOT_FOUND
2455
2455
2455
9492
4789
1795
248
2057
NOT_FOUND
4254
2454
7133
2454
2454
1382
332
2454
4375
7602
2454
NOT_FOUND
3866
2453
2107
2453
1695
2453
2051
1989
9727
2257
4278
381
5314
4251
2448
NOT_FOUND
NOT_FOUND
4088
9400
5315
2446
5033
7170
2099
2450
7039
449
2449
2449
7379
3029
NOT_FOUND
805
2447
2447
6220
2663
9355
NOT_FOUND
2446
NOT_FOUND
7744
NOT_FOUND
1276
2449
2450
1490
NOT_FOUND
2449
8201
5650
7861
2447
2572
2446
NOT_FOUND
NOT_FOUND
NOT_FOUND
3026
1768
2447
2448
NOT_FOUND
5592
5611
8876
5375
9069
2447
2447
341
1973
1256
9586
9494
NOT_FOUND
2445
6831
2444
2445
NOT_FOUND
NOT_FOUND
4832
6095
2447
1478
2450
2450
5108
7507
NOT_FOUND
2449
2449
2449
8989
2448
3773
NOT_FOUND
8810
7951
2448
NOT_FOUND
NOT_FOUND
NOT_FOUND
5602
5471
NOT_FOUND
4847
4113
3865
3670
5630
NOT_FOUND
2434
2446
2653
2730
7344
2446
NOT_FOUND
2393
5905
6348
9912
2445
2445
6189
NOT_FOUND
1598
8935
NOT_FOUND
1436
2446
8009
NOT_FOUND
2445
8196
5355
1273
NOT_FOUND
NOT_FOUND
1877
NOT_FOUND
8221
NOT_FOUND
990
2444
194
2471
NOT_FOUND
NOT_FOUND
NOT_FOUND
9577
NOT_FOUND
2443
NOT_FOUND
2363
2444
8044
2254
2442
2612
2443
2443
2130
5594
7214
NOT_FOUND
NOT_FOUND
4756
7030
2442
3076
NOT_FOUND
7438
NOT_FOUND
9169
9769
6929
4458
2439
2440
NOT_FOUND
2387
NOT_FOUND
6908
5070
715
3757
902
3795
2288
1782
838
9229
NOT_FOUND
NOT_FOUND
2433
9627
4361
8156
2431
2431
2058
5199
NOT_FOUND
2800
NOT_FOUND
NOT_FOUND
2432
6891
2433
NOT_FOUND
2008
5165
2433
2433
3980
9626
7996
7944
2429
2429
753
NOT_FOUND
NOT_FOUND
2429
9743
1519
6752
5347
1026
2847
9258
2378
9895
1654
6771
2429
2662
4448
4328
6716
5457
259
2424
2424
2425
2426
2426
2426
NOT_FOUND
2428
2429
3443
NOT_FOUND
8620
NOT_FOUND
407
2431
2431
NOT_FOUND
2781
2201
999
NOT_FOUND
2430
2430
2606
4646
1589
3823
NOT_FOUND
4030
6704
2426
6428
NOT_FOUND
NOT_FOUND
3015
1787
960
3540
3250
2423
220
1481
2930
843
NOT_FOUND
2423
7497
5912
83
6494
7377
5926
8126
1316
3720
NOT_FOUND
2835
NOT_FOUND
2420
NOT_FOUND
3504
436
NOT_FOUND
4170
5500
7184
NOT_FOUND
1612
4153
275
2416
1367
9942
669
3250
148
2556
4486
2420
4414
2421
3923
4459
2419
2941
2418
2418
9591
433
NOT_FOUND
2418
2869
NOT_FOUND
2417
8562
4307
7496
342
407
8952
8994
2414
9594
1427
NOT_FOUND
NOT_FOUND
NOT_FOUND
2659
2412
8856
NOT_FOUND
2412
8684
1356
5306
2412
3261
8183
NOT_FOUND
NOT_FOUND
635
8003
2410
7452
NOT_FOUND
3932
4551
NOT_FOUND
530
NOT_FOUND
NOT_FOUND
4736
1281
2410
2410
622
4548
3285
7959
5710
7204
5565
2410
9616
2410
2976
NOT_FOUND
2412
3645
4766
2410
685
5395
2834
5270
6855
8967
6832
2409
NOT_FOUND
2436
2174
8277
358
2406
1589
2407
NOT_FOUND
2408
4706
36
654
1271
1650
2377
2404
NOT_FOUND
6684
4746
2404
2406
2950
2405
6557
2405
9068
5303
NOT_FOUND
2406
2409
NOT_FOUND
NOT_FOUND
8413
NOT_FOUND
NOT_FOUND
2612
2407
8003
NOT_FOUND
2406
2406
2407
4639
2407
9798
2408
7380
2407
NOT_FOUND
5366
268
NOT_FOUND
NOT_FOUND
2408
NOT_FOUND
345
9576
2856
NOT_FOUND
NOT_FOUND
375
NOT_FOUND
NOT_FOUND
922
NOT_FOUND
3820
9715
6831
8820
NOT_FOUND
898
NOT_FOUND
2418
2418
7355
3823
7316
1423
NOT_FOUND
9378
NOT_FOUND
3132
2416
882
NOT_FOUND
2931
6030
4526
NOT_FOUND
1536
3796
197
NOT_FOUND
NOT_FOUND
8634
2417
NOT_FOUND
969
7809
8817
2566
2415
4658
5092
5604
2414
NOT_FOUND
2135
1217
NOT_FOUND
NOT_FOUND
1100
138
NOT_FOUND
NOT_FOUND
6122
NOT_FOUND
6346
206
2418
1037
2418
5455
2421
2422
5314
388
NOT_FOUND
2421
5221
2420
2128
2419
2419
3638
NOT_FOUND
2422
7142
NOT_FOUND
2423
2423
1138
3377
1057
2067
318
2422
5113
6345
2423
NOT_FOUND
7953
8930
2424
2424
1919
4562
NOT_FOUND
7730
791
6824
6672
3303
1874
537
NOT_FOUND
7883
4302
NOT_FOUND
NOT_FOUND
2432
6655
436
539
NOT_FOUND
NOT_FOUND
2431
2142
2430
2430
2432
2432
206
2431
7579
4446
796
5928
2429
3145
NOT_FOUND
5331
NOT_FOUND
1407
9532
5739
NOT_FOUND
7764
7962
2322
8743
9261
6790
9674
NOT_FOUND
NOT_FOUND
9153
1009
3549
NOT_FOUND
7729
2422
2422
NOT_FOUND
9300
9362
2422
2422
NOT_FOUND
2422
2422
2422
153
2421
120
4696
2150
2420
317
188
285
2418
6797
2417
2417
1728
NOT_FOUND
4612
5419
7664
9214
3951
NOT_FOUND
NOT_FOUND
2419
2101
4159
2417
2419
3236
8644
2417
8372
252
489
4524
2417
1456
7164
NOT_FOUND
1022
6291
4173
NOT_FOUND
822
NOT_FOUND
2920
2416
4813
2415
9170
1093
2416
1167
4760
2415
2417
2417
4244
NOT_FOUND
2453
4291
NOT_FOUND
NOT_FOUND
464
4735
4716
NOT_FOUND
657
NOT_FOUND
2418
466
7923
1088
NOT_FOUND
2421
NOT_FOUND
1065
1772
7953
4774
2567
NOT_FOUND
2423
2933
NOT_FOUND
2423
NOT_FOUND
5905
2424
NOT_FOUND
2424
NOT_FOUND
1116
1820
2425
2425
2426
NOT_FOUND
8788
2427
NOT_FOUND
2146
3928
7529 9645 4507 2511 5175 7929 2268 8053 2293 8615 6108 8673 1708 6077 814 311 4118 5509 4574 6972 6638 8727 90 2815 5428 4155 3206 3438 9428 1695 1917 387 1105 8066 1157 82 9089 9924 3689 5966 4035 8374 4102 4916 2369 3012 9754 2381 2459 9000 5006 3804 8392 4671 7038 8100 425 2382 1282 8127 9632 4503 2377 8171 3807 1241 4180 1931 6064 9888 4169 4307 5631 5885 2722 8721 9125 2353 7681 8052 310 9815 125 4386 6679 7142 4595 9123 9826 4095 9660 71 9260 3366 1965 4253 1843 3657 20 843 4729 5268 1799 9977 5952 9651 8960 5489 2856 8847 8810 6580 1650 2624 6729 6118 481 6556 1260 3861 9112 9968 2477 6765 1020 8237 5910 4946 1149 1691 6279 6361 9402 3420 6381 8209 8256 6376 20 2195 8778 1069 8823 9156 7657 7472 4776 1831 6747 5096 4165 6998 4768 4156 6353 2146 9041 2466 5974 545 5228 9658 5479 4771 5547 5980 530 1267 3128 2107 9811 2479 3155 4782 2053 746 7619 1208 7704 3850 2037 1099 4307 5978 457 5590 8240 9531 3775 9576 1201 854 3130 7035 6770 4718 6900 8628 6920 9940 8361 3548 2159 4297 636 6729 2185 3173 8915 5228 8622 6581 3144 8966 1858 39 189 7058 9304 1437 648 1305 8072 1274 9193 5475 7657 5426 5888 2129 2324 691 3197 8518 8945 5209 8486 6633 9178 6627 768 6193 3444 5670 5198 7125 3328 4723 2091 7832 8886 7824 1466 5680 9502 8356 7666 1269 8171 7699 9773 4636 2977 9231 2110 5030 7308 1511 5035 503 7301 3469 8207 7440 2647 796 709 4947 8177 8948 9985 9066 3 190 9082 6962 8155 7386 8525 4018 7657 8455 9781 4552 9062 8663 8637 7335 7091 9094 2946 293 6425 8863 6754 2543 8086 9285 6780 5038 7386 5904 9173 5908 8749 7038 6221 2759 7515 2761 7622 2042 4026 9724 113 4766 5333 1620 3032 6122 8366 2354 963 3820 1033 6869 466 3137 5336 5518 1014 8057 57 9982 5741 9603 2663 1686 3423 152 397 6999 7761 4943 8131 8004 5475 4432 4774 3441 5248 7651 7114 3236 4922 7397 2175 2482 1531 7118 3762 454 9676 6195 4301 7368 238 5073 3126 9922 4304 3760 7060 883 1901 8958 9294 1552 9329 8938 6300 2241 8874 7682 8009 9389 6161 5108 6857 8998 8198 4161 5744 188 4135 8252 4197 7557 344 6098 52 737 3520 9421 6969 79 7257 7747 4420 5480 5812 3628 9840 4488 8184 4810 3892 3302 894 6286 2973 9048 9425 8128 5141 136 6116 3068 8274 9080 9397 7696 6913 9194 3104 9696 3266 7989 7353 1224 5513 4921 6761 9348 5844 3436 2361 52 1493 4886 4596 5435 2208 9187 5194 3720 3498 710 8196 8476 1590 2083 3217 6911 618 4931 5643 8322 2904 9581 8497 655 8628 4248 4523 8292 266 9956 7628 4087 6288 2966 920 9466 7946 9992 9445 7346 7115 5153 8343 596 2921 9053 7143 6602 5041 502 8614 8540 4687 9864 8064 6058 6309 4639 5199 1453 3201 480 8152 8118 5384 8598 3167 2502 6542 6908 1839 1338 5940 2096 7877 8467 5909 6356 1568 2167 2670 9601 1145 6922 9608 1474 7463 6947 4879 1596 8347 4289 4456 5707 404 3702 6822 8152 3577 3981 2810 9838 9704 2433 2643 7182 7468 4451 9347 8965 5105 4219 2341 6405 19 2786 7208 5882 4597 7027 8444 235 2756 3269 8632 3274 9801 3487 9561 6589 7519 8457 7807 6192 1821 9710 2366 1831 2624 1403 3674 6207 1837 9512 8374 7166 2625 7589 596 788 1029 6717 3819 7655 7999 9518 1743 7141 3071 3677 3348 5951 6681 4915 906 9173 4124 2941 646 4564 6755 675 8836 9788 2105 7937 5647 452 1597 450 9463 5527 9488 8688 7365 9226 2243 6203 6755 7432 9473 6029 8177 9914 3366 1917 3049 2641 9798 8832 9079 6987 1131 7353 8942 6603 7384 891 7512 8599 2305 2751 4791 5334 663 2677 3411 2063 999 3475 99 4585 6765 6264 1305 8334 8987 7540 5657 4327 4343 4101 6045 1623 1187 2228 6542 8266 7744 7209 9496 8547 2430 9997 8164 7842 4898 1489 353 8369 8092 4115 3914 805 6528 7307 1350 1076 4427 9955 6461 8065 6496 9016 1653 9231 8403 9002 1063 2076 6921 3237 6923 4847 3 7354 6419 8821 1951 7060 1872 2084 4395 1199 2298 4036 9180 5243 9276 2184 5035 9882 6267 9981 7847 477 5210 3579 7499 3899 6021 2654 7727 7374 7940 7927 5458 5420 1947 9591 7385 6727 5804 84 2713 4261 5321 6836 5142 7649 3986 6670 3795 1 7426 7557 8336 2341 4652 323 8248 860 733 70 2814 5267 8599 7069 6919 1222 241 2251 582 4238 3426 3752 7544 4452 9407 9778 2186 2230 1090 6925 1723 7151 3908 6499 2137 7602 9778 1320 3311 1903 4774 9799 484 7197 1700 9060 9545 7442 1029 7752 5285 975 4311 8786 8177 1495 5641 6097 4517 1737 9547 9819 2190 702 8908 7813 3656 6427 4149 9699 8944 4341 7726 7149 831 983 8026 4311 2815 4739 5509 7898 3538 477 7722 9429 9308 651 1242 3142 7844 386 994 2161 8615 6412 7817 4985 2642 7236 1875 4714 1819 9545 795 6467 3769 4295 8370 6363 8279 185 637 3897 987 4012 8321 1886 2588 606 6219 8993 2566 7457 6758 8258 6478 2024 9370 6644 8257 174 2447 541 634 5384 5191 9653 9306 688 2531 174 9991 4393 7587 4114 3558 1866 8699 7844 1938 3927 7716 2743 7319 4532 4369 2868 6477 8795 4164 4011 1199 4744 6213 5464 3662 1618 9794 8425 5207 5197 7029 4112 8521 5325 4742 6303 4809 4144 4668 9583 9164 5142 3522 6035 9512 6609 2658 1050 4781 6372 3828 4688 2108 663 7481 5561 9265 3787 4510 6675 8559 4709 3549 1535 2358 6071 4023 2927 8070 1750 4273 8992 9399 8249 4779 4225 9381 2929 8775 2212 209 8969 3396 4520 5840 9764 6653 7760 4222 7112 5070 2016 3244 3046 565 2212 1687 8874 4076 6613 7601 8548 776 3934 9449 6262 7428 7581 1626 4621 9305 2294 5895 4937 7283 7783 5949 9229 8725 3011 1876 3522 541 5635 5197 6557 9812 3667 6252 857 6544 5799 8935 2131 5532 4341 4043 7018 2168 9481 6667 4188 9953 7332 6553 686 1367 7084 5682 8620 5781 3935 8482 2905 3513 695 1081 1783 3230 1849 9 9506 2613 1282 6770 6789 1195 2137 6551 7728 3884 5615 9172 3229 1629 5193 2603 6820 883 243 2797 1418 7817 2257 1557 8364 6679 7537 3524 9194 5793 8189 9343 5677 7531 8289 3289 6818 4619 696 7847 1036 2161 7699 6442 522 9651 2986 7270 5721 3967 8187 4839 1576 5899 8950 7963 5116 8245 8909 4184 7126 3841 3200 510 6882 9981 7096 6294 4961 2784 1840 77 8950 2490 2539 9504 6118 6242 8368 2612 6830 5535 6948 5951 3775 7453 8880 2363 5368 5096 8107 5533 6178 1062 6570 4104 7142 5210 7932 8420 4403 358 5250 6711 7200 3239 4490 5826 2817 9778 2909 3490 3769 4178 5059 4245 5907 2284 9940 5671 3161 1810 68 3881 1954 1196 8203 4679 1473 1744 3280 1475 3880 953 801 6465 763 3322 4672 2823 5995 2284 3235 8903 4088 15 8306 1159 7591 1738 2819 4696 9403 9504 1745 8317 5052 4852 8226 918 1336 3542 9461 4604 485 6677 1302 7404 9765 717 7473 6665 969 3174 5100 604 8207 3650 1404 2891 8123 2683 6672 8576 9680 6989 4221 3878 4185 1729 5452 174 1377 310 5662 9385 8137 4104 647 3154 3425 34 169 965 511 2406 4826 3247 4948 8422 6446 7878 2563 9980 8332 8696 8973 3793 4569 5421 9006 3241 5852 3169 202 8333 3284 2668 845 3863 1823 5883 3604 8485 9839 9968 1707 7970 2396 4984 244 3554 3018 6882 8829 1883 5430 451 4916 678 4293 1578 9228 3918 7186 5965 6552 9966 6462 3946 1238 5448 9558 6927 3108 4928 7476 9584 5742 4310 262 1215 4199 2508 1280 1601 3532 4435 7411 8749 3111 4284 6601 7537 7372 330 5888 2012 3109 6800 4870 5300 1081 6292 1512 3596 7326 6815 1722 7007 4754 5642 9441 3067 7014 2737 1897 8200 8992 2153 6713 2197 7917 509 1704 1559 4077 5491 6478 5520 399 1815 4670 7960 9750 3495 7274 7405 7159 5324 4098 7420 7116 6051 9559 3088 3916 2393 7902 5826 7495 5992 176 7430 4835 9506 4304 4026 1153 9469 3181 9858 8251 585 1169 3346 7234 2147 6566 4425 1611 5146 4045 7328 1765 7850 7991 1383 1494 870 8568 5963 4330 7385 2792 1842 5710 3583 5197 1005 5324 6878 322 8415 8910 9560 4491 2653 5404 3450 7284 1212 8673 6411 9144 8085 9170 4772 8588 6104 4129 3562 2046 8819 2801 1206 2893 9701 726 3553 1372 7669 9121 8618 7535 3909 2781 3958 7544 5599 6751 6273 6636 7388 1444 2150 8421 8484 7439 6091 7140 1847 490 1201 1238 3089 9962 7006 8103 8957 6007 9048 5807 7321 9475 5761 8162 587 6183 5643 3123 3974 4986 4129 6709 2766 6951 6836 4827 7477 4638 3926 6605 4167 1284 4223 6781 9225 3218 342 3225 7352 5101 3327 9824 89 3992 1511 6804 7744 6518 1322 3132 9360 345 4346 243 938 166 3875 4528 6904 8197 9009 8700 6945 3932 1848 3814 9539 6008 400 8840 9396 6122 4938 8909 8653 5631 1966 7408 7687 2081 8887 3355 7626 950 1694 1867 8069 9325 6879 9839 8201 7008 6603 4839 214 3852 8361 6026 2823 7354 3157 8759 4807 7200 8535 4813 1407 3844 1912 5563 757 3762 7317 2076 2538 2718 783 3594 2688 5617 7404 181 82 8606 6405 7761 8117 2720 5173 4941 2838 9704 7729 937 7860 8554 4072 2470 8959 4172 4596 1861 2299 6825 3492 2425 7375 5380 5242 783 4552 4509 5501 6070 6770 5682 6113 5685 55 5955 6088 7344 5557 7661 1911 3634 6355 3366 9749 1844 9021 8470 2639 4272 5265 1346 6457 5947 2649 622 6412 3317 9101 3696 6322 2396 7927 2707 9212 1902 7269 3580 1010 2284 522 5919 6291 4310 3410 1070 9324 7097 5914 9022 9181 4522 6516 9556 3956 823 5127 9535 637 642 6404 8147 9703 8304 9011 768 4758 5309 8962 9318 4287 7370 392 4346 7279 2490 7123 2942 6928 4959 1855 3457 3796 4896 7930 2708 6594 7520 1027 6246 3555 8904 3074 8748 332 1684 6495 9459 8142 8614 6811 3163 8784 6906 3869 3865 6310 9274 1534 2937 8490 4438 3793 8209 16 4727 7275 3091 455 4953 9449 9601 8442 7706 8281 9195 8491 695 8587 808 4618 2559 6240 9698 7945 4370 2928 1395 732 7556 2514 7072 5297 9753 2933 2920 7974 7651 2922 9833 7711 9240 4703 7275 2085 1488 7638 501 5706 2020 5925 1855 4358 7799 5249 7131 4824 5262 2945 2146 8602 8180 5938 2096 7254 1118 3020 7785 4816 8773 4461 3172 3693 9632 1238 1269 7123 311 8387 7958 7578 2729 9298 8705 8022 7349 848 168 4804 9744 1310 7433 7924 5928 3405 5052 6542 5002 213 7622 5623 3668 3569 3277 5071 2147 6685 3150 1127 8555 8028 8326 9815 7048 1514 1012 4133 950 918 8303 8451 9875 1123 241 4366 4840 5444 7281 2967 6954 2587 6111 6534 4887 3712 4043 1236 6759 6467 1583 7991 3737 4338 2843 1149 405 30 1134 4886 795 7738 1095 3712 7442 2677 3648 2342 3464 8590 1625 3159 8640 7128 1935 159 831 2220 9145 4664 1427 1917 8718 9029 3746 6921 1766 6861 9336 6653 4228 7957 2687 9531 7359 4322 5622 8752 4262 8951 5364 4281 4672 3063 9534 1156 553 2257 4752 1229 6756 1807 4307 26 4287 8271 1599 6038 1278 1731 6172 6635 2651 8680 9757 9388 2615 3309 9381 5962 4594 354 18 610 5735 324 1694 1824 3931 686 4089 2286 2765 6482 8063 6751 7885 2806 1662 179 5505 286 5090 1367 7697 6474 5204 5731 9911 3863 1504 8012 278 8235 4245 2982 4561 7101 5020 6662 5865 8924 3452 4206 4842 3418 4522 5603 6297 3759 4158 3340 6091 5506 310 8756 179 7468 1708 6212 5221 5505 3996 3089 1381 3468 1241 6614 8161 8647 4576 6570 194 9030 7443 2538 4469 6337 1544 9694 1741 2414 3557 565 1061 7852 8641 3633 8499 7414 1475 3151 3268 7910 8101 4891 750 5189 9357 9182 4955 2378 9336 8070 2248 5774 2320 7490 4468 3329 6289 6506 1325 6084 1241 9388 9779 2918 9649 4632 9866 5343 5241 3915 3680 7518 2759 7779 6959 3810 4591 9888 136 5273 8418 1143 7106 7603 858 9735 4305 9476 8157 8805 3847 9338 8781 2029 6895 1096 6435 6570 8310 5961 5059 6580 6339 9962 1772 3421 9303 8181 4984 1597 2240 9494 2594 3389 3826 3339 6964 982 8464 646 4049 310 3167 3327 4909 7235 7783 8560 1093 597 1520 8371 2408 7438 1009 3117 7449 4223 671 149 6429 541 2290 8555 326 7776 4223 968 552 8821 3922 1108 7471 217 2487 8417 1030 4851 5037 5381 4328 5063 7513 2827 1158 3321 9995 9813 3655 7875 146 2309 1404 4222 9553 5512 6344 250 9359 9672 5743 4735 8350 38 108 4919 2771 743 4656 2303 117 3873 4785 2091 9105 1081 8388 819 3893 2381 8662 3483 6628 456 2762 4102 9860 7842 8349 5598 5161 1491 4285 3907 3798 8134 5561 3012 1508 3119 1460 3136 5430 8952 2274 655 6461 9578 4056 5201 3095 2387 2121 6148 5667 4521 7921 1570 1740 1361 3848 955 1611 853 349 4296 3218 5621 4167 346 3916 7209 325 3806 1823 2227 5612 7148 9507 1986 8478 5820 5457 7974 56 2668 4005 4713 144 1142 6072 7957 111 1366 7171 588 6284 5041 8035 6648 132 8786 5526 8467 9397 8427 376 8594 881 4832 90 1733 3603 3186 533 7052 4125 4605 8153 7555 9328 6159 2199 6505 3952 3490 6179 6438 5715 1404 1116 7933 259 9100 9445 9428 6193 8254 1671 4068 385 4313 8564 75 4632 8486 6175 2751 4675 9233 1284 783 9365 5504 6040 2089 575 8451 7230 48 8949 4852 2725 8604 3234 6076 7525 7330 5647 4176 8117 8307 4642 1196 952 8376 7358 5674 5320 2788 6940 8592 7497 1790 123 3722 5494 9539 5269 7456
7529 9645 4507 2511 5175 7929 2268 8053 2293 8615 6108 8673 1708 6077 814 311 4118 5509 4574 6972 6638 8727 90 2815 5428 4155 3206 3438 9428 1695 1917 387 1105 8066 1157 82 9089 9924 3689 5966 4035 8374 4102 4916 2369 3012 9754 2381 2459 9000 5006 3804 8392 4671 7038 8100 425 2382 1282 8127 9632 4503 2377 8171 3807 1241 4180 1931 6064 9888 4169 4307 5631 5885 2722 8721 9125 2353 7681 8052 310 9815 125 4386 6679 7142 4595 9123 9826 4095 9660 71 9260 3366 1965 4253 1843 3657 20 843 4729 5268 1799 9977 5952 9651 8960 5489 2856 8847 8810 6580 1650 2624 6729 6118 481 6556 1260 3861 9112 9968 2477 6765 1020 8237 5910 4946 1149 1691 6279 6361 9402 3420 6381 8209 8256 6376 20 2195 8778 1069 8823 9156 7657 7472 4776 1831 6747 5096 4165 6998 4768 4156 6353 2146 9041 2466 5974 545 5228 9658 5479 4771 5547 5980 530 1267 3128 2107 9811 2479 3155 4782 2053 746 7619 1208 7704 3850 2037 1099 4307 5978 457 5590 8240 9531 3775 9576 1201 854 3130 7035 6770 4718 6900 8628 6920 9940 8361 3548 2159 4297 636 6729 2185 3173 8915 5228 8622 6581 3144 8966 1858 39 189 7058 9304 1437 648 1305 8072 1274 9193 5475 7657 5426 5888 2129 2324 691 3197 8518 8945 5209 8486 6633 9178 6627 768 6193 3444 5670 5198 7125 3328 4723 2091 7832 8886 7824 1466 5680 9502 8356 7666 1269 8171 7699 9773 4636 2977 9231 2110 5030 7308 1511 5035 503 7301 3469 8207 7440 2647 796 709 4947 8177 8948 9985 9066 3 190 9082 6962 8155 7386 8525 4018 7657 8455 9781 4552 9062 8663 8637 7335 7091 9094 2946 293 6425 8863 6754 2543 8086 9285 6780 5038 7386 5904 9173 5908 8749 7038 6221 2759 7515 2761 7622 2042 4026 9724 113 4766 5333 1620 3032 6122 8366 2354 963 3820 1033 6869 466 3137 5336 5518 1014 8057 57 9982 5741 9603 2663 1686 3423 152 397 6999 7761 4943 8131 8004 5475 4432 4774 3441 5248 7651 7114 3236 4922 7397 2175 2482 1531 7118 3762 454 9676 6195 4301 7368 238 5073 3126 9922 4304 3760 7060 883 1901 8958 9294 1552 9329 8938 6300 2241 8874 7682 8009 9389 6161 5108 6857 8998 8198 4161 5744 188 4135 8252 4197 7557 344 6098 52 737 3520 9421 6969 79 7257 7747 4420 5480 5812 3628 9840 4488 8184 4810 3892 3302 894 6286 2973 9048 9425 8128 5141 136 6116 3068 8274 9080 9397 7696 6913 9194 3104 9696 3266 7989 7353 1224 5513 4921 6761 9348 5844 3436 2361 52 1493 4886 4596 5435 2208 9187 5194 3720 3498 710 8196 8476 1590 2083 3217 6911 618 4931 5643 8322 2904 9581 8497 655 8628 4248 4523 8292 266 9956 7628 4087 6288 2966 920 9466 7946 9992 9445 7346 7115 5153 8343 596 2921 9053 7143 6602 5041 502 8614 8540 4687 9864 8064 6058 6309 4639 5199 1453 3201 480 8152 8118 5384 8598 3167 2502 6542 6908 1839 1338 5940 2096 7877 8467 5909 6356 1568 2167 2670 9601 1145 6922 9608 1474 7463 6947 4879 1596 8347 4289 4456 5707 404 3702 6822 8152 3577 3981 2810 9838 9704 2433 2643 7182 7468 4451 9347 8965 5105 4219 2341 6405 19 2786 7208 5882 4597 7027 8444 235 2756 3269 8632 3274 9801 3487 9561 6589 7519 8457 7807 6192 1821 9710 2366 1831 2624 1403 3674 6207 1837 9512 8374 7166 2625 7589 596 788 1029 6717 3819 7655 7999 9518 1743 7141 3071 3677 3348 5951 6681 4915 906 9173 4124 2941 646 4564 6755 675 8836 9788 2105 7937 5647 452 1597 450 9463 5527 9488 8688 7365 9226 2243 6203 6755 7432 9473 6029 8177 9914 3366 1917 3049 2641 9798 8832 9079 6987 1131 7353 8942 6603 7384 891 7512 8599 2305 2751 4791 5334 663 2677 3411 2063 999 3475 99 4585 6765 6264 1305 8334 8987 7540 5657 4327 4343 4101 6045 1623 1187 2228 6542 8266 7744 7209 9496 8547 2430 9997 8164 7842 4898 1489 353 8369 8092 4115 3914 805 6528 7307 1350 1076 4427 9955 6461 8065 6496 9016 1653 9231 8403 9002 1063 2076 6921 3237 6923 4847 3 7354 6419 8821 1951 7060 1872 2084 4395 1199 2298 4036 9180 5243 9276 2184 5035 9882 6267 9981 7847 477 5210 3579 7499 3899 6021 2654 7727 7374 7940 7927 5458 5420 1947 9591 7385 6727 5804 84 2713 4261 5321 6836 5142 7649 3986 6670 3795 1 7426 7557 8336 2341 4652 323 8248 860 733 70 2814 5267 8599 7069 6919 1222 241 2251 582 4238 3426 3752 7544 4452 9407 9778 2186 2230 1090 6925 1723 7151 3908 6499 2137 7602 9778 1320 3311 1903 4774 9799 484 7197 1700 9060 9545 7442 1029 7752 5285 975 4311 8786 8177 1495 5641 6097 4517 1737 9547 9819 2190 702 8908 7813 3656 6427 4149 9699 8944 4341 7726 7149 831 983 8026 4311 2815 4739 5509 7898 3538 477 7722 9429 9308 651 1242 3142 7844 386 994 2161 8615 6412 7817 4985 2642 7236 1875 4714 1819 9545 795 6467 3769 4295 8370 6363 8279 185 637 3897 987 4012 8321 1886 2588 606 6219 8993 2566 7457 6758 8258 6478 2024 9370 6644 8257 174 2447 541 634 5384 5191 9653 9306 688 2531 174 9991 4393 7587 4114 3558 1866 8699 7844 1938 3927 7716 2743 7319 4532 4369 2868 6477 8795 4164 4011 1199 4744 6213 5464 3662 1618 9794 8425 5207 5197 7029 4112 8521 5325 4742 6303 4809 4144 4668 9583 9164 5142 3522 6035 9512 6609 2658 1050 4781 6372 3828 4688 2108 663 7481 5561 9265 3787 4510 6675 8559 4709 3549 1535 2358 6071 4023 2927 8070 1750 4273 8992 9399 8249 4779 4225 9381 2929 8775 2212 209 8969 3396 4520 5840 9764 6653 7760 4222 7112 5070 2016 3244 3046 565 2212 1687 8874 4076 6613 7601 8548 776 3934 9449 6262 7428 7581 1626 4621 9305 2294 5895 4937 7283 7783 5949 9229 8725 3011 1876 3522 541 5635 5197 6557 9812 3667 6252 857 6544 5799 8935 2131 5532 4341 4043 7018 2168 9481 6667 4188 9953 7332 6553 686 1367 7084 5682 8620 5781 3935 8482 2905 3513 695 1081 1783 3230 1849 9 9506 2613 1282 6770 6789 1195 2137 6551 7728 3884 5615 9172 3229 1629 5193 2603 6820 883 243 2797 1418 7817 2257 1557 8364 6679 7537 3524 9194 5793 8189 9343 5677 7531 8289 3289 6818 4619 696 7847 1036 2161 7699 6442 522 9651 2986 7270 5721 3967 8187 4839 1576 5899 8950 7963 5116 8245 8909 4184 7126 3841 3200 510 6882 9981 7096 6294 4961 2784 1840 77 8950 2490 2539 9504 6118 6242 8368 2612 6830 5535 6948 5951 3775 7453 8880 2363 5368 5096 8107 5533 6178 1062 6570 4104 7142 5210 7932 8420 4403 358 5250 6711 7200 3239 4490 5826 2817 9778 2909 3490 3769 4178 5059 4245 5907 2284 9940 5671 3161 1810 68 3881 1954 1196 8203 4679 1473 1744 3280 1475 3880 953 801 6465 763 3322 4672 2823 5995 2284 3235 8903 4088 15 8306 1159 7591 1738 2819 4696 9403 9504 1745 8317 5052 4852 8226 918 1336 3542 9461 4604 485 6677 1302 7404 9765 717 7473 6665 969 3174 5100 604 8207 3650 1404 2891 8123 2683 6672 8576 9680 6989 4221 3878 4185 1729 5452 174 1377 310 5662 9385 8137 4104 647 3154 3425 34 169 965 511 2406 4826 3247 4948 8422 6446 7878 2563 9980 8332 8696 8973 3793 4569 5421 9006 3241 5852 3169 202 8333 3284 2668 845 3863 1823 5883 3604 8485 9839 9968 1707 7970 2396 4984 244 3554 3018 6882 8829 1883 5430 451 4916 678 4293 1578 9228 3918 7186 5965 6552 9966 6462 3946 1238 5448 9558 6927 3108 4928 7476 9584 5742 4310 262 1215 4199 2508 1280 1601 3532 4435 7411 8749 3111 4284 6601 7537 7372 330 5888 2012 3109 6800 4870 5300 1081 6292 1512 3596 7326 6815 1722 7007 4754 5642 9441 3067 7014 2737 1897 8200 8992 2153 6713 2197 7917 509 1704 1559 4077 5491 6478 5520 399 1815 4670 7960 9750 3495 7274 7405 7159 5324 4098 7420 7116 6051 9559 3088 3916 2393 7902 5826 7495 5992 176 7430 4835 9506 4304 4026 1153 9469 3181 9858 8251 585 1169 3346 7234 2147 6566 4425 1611 5146 4045 7328 1765 7850 7991 1383 1494 870 8568 5963 4330 7385 2792 1842 5710 3583 5197 1005 5324 6878 322 8415 8910 9560 4491 2653 5404 3450 7284 1212 8673 6411 9144 8085 9170 4772 8588 6104 4129 3562 2046 8819 2801 1206 2893 9701 726 3553 1372 7669 9121 8618 7535 3909 2781 3958 7544 5599 6751 6273 6636 7388 1444 2150 8421 8484 7439 6091 7140 1847 490 1201 1238 3089 9962 7006 8103 8957 6007 9048 5807 7321 9475 5761 8162 587 6183 5643 3123 3974 4986 4129 6709 2766 6951 6836 4827 7477 4638 3926 6605 4167 1284 4223 6781 9225 3218 342 3225 7352 5101 3327 9824 89 3992 1511 6804 7744 6518 1322 3132 9360 345 4346 243 938 166 3875 4528 6904 8197 9009 8700 6945 3932 1848 3814 9539 6008 400 8840 9396 6122 4938 8909 8653 5631 1966 7408 7687 2081 8887 3355 7626 950 1694 1867 8069 9325 6879 9839 8201 7008 6603 4839 214 3852 8361 6026 2823 7354 3157 8759 4807 7200 8535 4813 1407 3844 1912 5563 757 3762 7317 2076 2538 2718 783 3594 2688 5617 7404 181 82 8606 6405 7761 8117 2720 5173 4941 2838 9704 7729 937 7860 8554 4072 2470 8959 4172 4596 1861 2299 6825 3492 2425 7375 5380 5242 783 4552 4509 5501 6070 6770 5682 6113 5685 55 5955 6088 7344 5557 7661 1911 3634 6355 3366 9749 1844 9021 8470 2639 4272 5265 1346 6457 5947 2649 622 6412 3317 9101 3696 6322 2396 7927 2707 9212 1902 7269 3580 1010 2284 522 5919 6291 4310 3410 1070 9324 7097 5914 9022 9181 4522 6516 9556 3956 823 5127 9535 637 642 6404 8147 9703 8304 9011 768 4758 5309 8962 9318 4287 7370 392 4346 7279 2490 7123 2942 6928 4959 1855 3457 3796 4896 7930 2708 6594 7520 1027 6246 3555 8904 3074 8748 332 1684 6495 9459 8142 8614 6811 3163 8784 6906 3869 3865 6310 9274 1534 2937 8490 4438 3793 8209 16 4727 7275 3091 455 4953 9449 9601 8442 7706 8281 9195 8491 695 8587 808 4618 2559 6240 9698 7945 4370 2928 1395 732 7556 2514 7072 5297 9753 2933 2920 7974 7651 2922 9833 7711 9240 4703 7275 2085 1488 7638 501 5706 2020 5925 1855 4358 7799 5249 7131 4824 5262 2945 2146 8602 8180 5938 2096 7254 1118 3020 7785 4816 8773 4461 3172 3693 9632 1238 1269 7123 311 8387 7958 7578 2729 9298 8705 8022 7349 848 168 4804 9744 1310 7433 7924 5928 3405 5052 6542 5002 213 7622 5623 3668 3569 3277 5071 2147 6685 3150 1127 8555 8028 8326 9815 7048 1514 1012 4133 950 918 8303 8451 9875 1123 241 4366 4840 5444 7281 2967 6954 2587 6111 6534 4887 3712 4043 1236 6759 6467 1583 7991 3737 4338 2843 1149 405 30 1134 4886 795 7738 1095 3712 7442 2677 3648 2342 3464 8590 1625 3159 8640 7128 1935 159 831 2220 9145 4664 1427 1917 8718 9029 3746 6921 1766 6861 9336 6653 4228 7957 2687 9531 7359 4322 5622 8752 4262 8951 5364 4281 4672 3063 9534 1156 553 2257 4752 1229 6756 1807 4307 26 4287 8271 1599 6038 1278 1731 6172 6635 2651 8680 9757 9388 2615 3309 9381 5962 4594 354 18 610 5735 324 1694 1824 3931 686 4089 2286 2765 6482 8063 6751 7885 2806 1662 179 5505 286 5090 1367 7697 6474 5204 5731 9911 3863 1504 8012 278 8235 4245 2982 4561 7101 5020 6662 5865 8924 3452 4206 4842 3418 4522 5603 6297 3759 4158 3340 6091 5506 310 8756 179 7468 1708 6212 5221 5505 3996 3089 1381 3468 1241 6614 8161 8647 4576 6570 194 9030 7443 2538 4469 6337 1544 9694 1741 2414 3557 565 1061 7852 8641 3633 8499 7414 1475 3151 3268 7910 8101 4891 750 5189 9357 9182 4955 2378 9336 8070 2248 5774 2320 7490 4468 3329 6289 6506 1325 6084 1241 9388 9779 2918 9649 4632 9866 5343 5241 3915 3680 7518 2759 7779 6959 3810 4591 9888 136 5273 8418 1143 7106 7603 858 9735 4305 9476 8157 8805 3847 9338 8781 2029 6895 1096 6435 6570 8310 5961 5059 6580 6339 9962 1772 3421 9303 8181 4984 1597 2240 9494 2594 3389 3826 3339 6964 982 8464 646 4049 310 3167 3327 4909 7235 7783 8560 1093 597 1520 8371 2408 7438 1009 3117 7449 4223 671 149 6429 541 2290 8555 326 7776 4223 968 552 8821 3922 1108 7471 217 2487 8417 1030 4851 5037 5381 4328 5063 7513 2827 1158 3321 9995 9813 3655 7875 146 2309 1404 4222 9553 5512 6344 250 9359 9672 5743 4735 8350 38 108 4919 2771 743 4656 2303 117 3873 4785 2091 9105 1081 8388 819 3893 2381 8662 3483 6628 456 2762 4102 9860 7842 8349 5598 5161 1491 4285 3907 3798 8134 5561 3012 1508 3119 1460 3136 5430 8952 2274 655 6461 9578 4056 5201 3095 2387 2121 6148 5667 4521 7921 1570 1740 1361 3848 955 1611 853 349 4296 3218 5621 4167 346 3916 7209 325 3806 1823 2227 5612 7148 9507 1986 8478 5820 5457 7974 56 2668 4005 4713 144 1142 6072 7957 111 1366 7171 588 6284 5041 8035 6648 132 8786 5526 8467 9397 8427 376 8594 881 4832 90 1733 3603 3186 533 7052 4125 4605 8153 7555 9328 6159 2199 6505 3952 3490 6179 6438 5715 1404 1116 7933 259 9100 9445 9428 6193 8254 1671 4068 385 4313 8564 75 4632 8486 6175 2751 4675 9233 1284 783 9365 5504 6040 2089 575 8451 7230 48 8949 4852 2725 8604 3234 6076 7525 7330 5647 4176 8117 8307 4642 1196 952 8376 7358 5674 5320 2788 6940 8592 7497 1790 123 3722 5494 9539 5269 7456
7529 9645 4507 2511 5175 7929 2268 8053 2293 8615 6108 8673 1708 6077 814 311 4118 5509 4574 6972 6638 8727 90 2815 5428 4155 3206 3438 9428 1695 1917 387 1105 8066 1157 82 9089 9924 3689 5966 4035 8374 4102 4916 2369 3012 9754 2381 2459 9000 5006 3804 8392 4671 7038 8100 425 2382 1282 8127 9632 4503 2377 8171 3807 1241 4180 1931 6064 9888 4169 4307 5631 5885 2722 8721 9125 2353 7681 8052 310 9815 125 4386 6679 7142 4595 9123 9826 4095 9660 71 9260 3366 1965 4253 1843 3657 20 843 4729 5268 1799 9977 5952 9651 8960 5489 2856 8847 8810 6580 1650 2624 6729 6118 481 6556 1260 3861 9112 9968 2477 6765 1020 8237 5910 4946 1149 1691 6279 6361 9402 3420 6381 8209 8256 6376 20 2195 8778 1069 8823 9156 7657 7472 4776 1831 6747 5096 4165 6998 4768 4156 6353 2146 9041 2466 5974 545 5228 9658 5479 4771 5547 5980 530 1267 3128 2107 9811 2479 3155 4782 2053 746 7619 1208 7704 3850 2037 1099 4307 5978 457 5590 8240 9531 3775 9576 1201 854 3130 7035 6770 4718 6900 8628 6920 9940 8361 3548 2159 4297 636 6729 2185 3173 8915 5228 8622 6581 3144 8966 1858 39 189 7058 9304 1437 648 1305 8072 1274 9193 5475 7657 5426 5888 2129 2324 691 3197 8518 8945 5209 8486 6633 9178 6627 768 6193 3444 5670 5198 7125 3328 4723 2091 7832 8886 7824 1466 5680 9502 8356 7666 1269 8171 7699 9773 4636 2977 9231 2110 5030 7308 1511 5035 503 7301 3469 8207 7440 2647 796 709 4947 8177 8948 9985 9066 3 190 9082 6962 8155 7386 8525 4018 7657 8455 9781 4552 9062 8663 8637 7335 7091 9094 2946 293 6425 8863 6754 2543 8086 9285 6780 5038 7386 5904 9173 5908 8749 7038 6221 2759 7515 2761 7622 2042 4026 9724 113 4766 5333 1620 3032 6122 8366 2354 963 3820 1033 6869 466 3137 5336 5518 1014 8057 57 9982 5741 9603 2663 1686 3423 152 397 6999 7761 4943 8131 8004 5475 4432 4774 3441 5248 7651 7114 3236 4922 7397 2175 2482 1531 7118 3762 454 9676 6195 4301 7368 238 5073 3126 9922 4304 3760 7060 883 1901 8958 9294 1552 9329 8938 6300 2241 8874 7682 8009 9389 6161 5108 6857 8998 8198 4161 5744 188 4135 8252 4197 7557 344 6098 52 737 3520 9421 6969 79 7257 7747 4420 5480 5812 3628 9840 4488 8184 4810 3892 3302 894 6286 2973 9048 9425 8128 5141 136 6116 3068 8274 9080 9397 7696 6913 9194 3104 9696 3266 7989 7353 1224 5513 4921 6761 9348 5844 3436 2361 52 1493 4886 4596 5435 2208 9187 5194 3720 3498 710 8196 8476 1590 2083 3217 6911 618 4931 5643 8322 2904 9581 8497 655 8628 4248 4523 8292 266 9956 7628 4087 6288 2966 920 9466 7946 9992 9445 7346 7115 5153 8343 596 2921 9053 7143 6602 5041 502 8614 8540 4687 9864 8064 6058 6309 4639 5199 1453 3201 480 8152 8118 5384 8598 3167 2502 6542 6908 1839 1338 5940 2096 7877 8467 5909 6356 1568 2167 2670 9601 1145 6922 9608 1474 7463 6947 4879 1596 8347 4289 4456 5707 404 3702 6822 8152 3577 3981 2810 9838 9704 2433 2643 7182 7468 4451 9347 8965 5105 4219 2341 6405 19 2786 7208 5882 4597 7027 8444 235 2756 3269 8632 3274 9801 3487 9561 6589 7519 8457 7807 6192 1821 9710 2366 1831 2624 1403 3674 6207 1837 9512 8374 7166 2625 7589 596 788 1029 6717 3819 7655 7999 9518 1743 7141 3071 3677 3348 5951 6681 4915 906 9173 4124 2941 646 4564 6755 675 8836 9788 2105 7937 5647 452 1597 450 9463 5527 9488 8688 7365 9226 2243 6203 6755 7432 9473 6029 8177 9914 3366 1917 3049 2641 9798 8832 9079 6987 1131 7353 8942 6603 7384 891 7512 8599 2305 2751 4791 5334 663 2677 3411 2063 999 3475 99 4585 6765 6264 1305 8334 8987 7540 5657 4327 4343 4101 6045 1623 1187 2228 6542 8266 7744 7209 9496 8547 2430 9997 8164 7842 4898 1489 353 8369 8092 4115 3914 805 6528 7307 1350 1076 4427 9955 6461 8065 6496 9016 1653 9231 8403 9002 1063 2076 6921 3237 6923 4847 3 7354 6419 8821 1951 7060 1872 2084 4395 1199 2298 4036 9180 5243 9276 2184 5035 9882 6267 9981 7847 477 5210 3579 7499 3899 6021 2654 7727 7374 7940 7927 5458 5420 1947 9591 7385 6727 5804 84 2713 4261 5321 6836 5142 7649 3986 6670 3795 1 7426 7557 8336 2341 4652 323 8248 860 733 70 2814 5267 8599 7069 6919 1222 241 2251 582 4238 3426 3752 7544 4452 9407 9778 2186 2230 1090 6925 1723 7151 3908 6499 2137 7602 9778 1320 3311 1903 4774 9799 484 7197 1700 9060 9545 7442 1029 7752 5285 975 4311 8786 8177 1495 5641 6097 4517 1737 9547 9819 2190 702 8908 7813 3656 6427 4149 9699 8944 4341 7726 7149 831 983 8026 4311 2815 4739 5509 7898 3538 477 7722 9429 9308 651 1242 3142 7844 386 994 2161 8615 6412 7817 4985 2642 7236 1875 4714 1819 9545 795 6467 3769 4295 8370 6363 8279 185 637 3897 987 4012 8321 1886 2588 606 6219 8993 2566 7457 6758 8258 6478 2024 9370 6644 8257 174 2447 541 634 5384 5191 9653 9306 688 2531 174 9991 4393 7587 4114 3558 1866 8699 7844 1938 3927 7716 2743 7319 4532 4369 2868 6477 8795 4164 4011 1199 4744 6213 5464 3662 1618 9794 8425 5207 5197 7029 4112 8521 5325 4742 6303 4809 4144 4668 9583 9164 5142 3522 6035 9512 6609 2658 1050 4781 6372 3828 4688 2108 663 7481 5561 9265 3787 4510 6675 8559 4709 3549 1535 2358 6071 4023 2927 8070 1750 4273 8992 9399 8249 4779 4225 9381 2929 8775 2212 209 8969 3396 4520 5840 9764 6653 7760 4222 7112 5070 2016 3244 3046 565 2212 1687 8874 4076 6613 7601 8548 776 3934 9449 6262 7428 7581 1626 4621 9305 2294 5895 4937 7283 7783 5949 9229 8725 3011 1876 3522 541 5635 5197 6557 9812 3667 6252 857 6544 5799 8935 2131 5532 4341 4043 7018 2168 9481 6667 4188 9953 7332 6553 686 1367 7084 5682 8620 5781 3935 8482 2905 3513 695 1081 1783 3230 1849 9 9506 2613 1282 6770 6789 1195 2137 6551 7728 3884 5615 9172 3229 1629 5193 2603 6820 883 243 2797 1418 7817 2257 1557 8364 6679 7537 3524 9194 5793 8189 9343 5677 7531 8289 3289 6818 4619 696 7847 1036 2161 7699 6442 522 9651 2986 7270 5721 3967 8187 4839 1576 5899 8950 7963 5116 8245 8909 4184 7126 3841 3200 510 6882 9981 7096 6294 4961 2784 1840 77 8950 2490 2539 9504 6118 6242 8368 2612 6830 5535 6948 5951 3775 7453 8880 2363 5368 5096 8107 5533 6178 1062 6570 4104 7142 5210 7932 8420 4403 358 5250 6711 7200 3239 4490 5826 2817 9778 2909 3490 3769 4178 5059 4245 5907 2284 9940 5671 3161 1810 68 3881 1954 1196 8203 4679 1473 1744 3280 1475 3880 953 801 6465 763 3322 4672 2823 5995 2284 3235 8903 4088 15 8306 1159 7591 1738 2819 4696 9403 9504 1745 8317 5052 4852 8226 918 1336 3542 9461 4604 485 6677 1302 7404 9765 717 7473 6665 969 3174 5100 604 8207 3650 1404 2891 8123 2683 6672 8576 9680 6989 4221 3878 4185 1729 5452 174 1377 310 5662 9385 8137 4104 647 3154 3425 34 169 965 511 2406 4826 3247 4948 8422 6446 7878 2563 9980 8332 8696 8973 3793 4569 5421 9006 3241 5852 3169 202 8333 3284 2668 845 3863 1823 5883 3604 8485 9839 9968 1707 7970 2396 4984 244 3554 3018 6882 8829 1883 5430 451 4916 678 4293 1578 9228 3918 7186 5965 6552 9966 6462 3946 1238 5448 9558 6927 3108 4928 7476 9584 5742 4310 262 1215 4199 2508 1280 1601 3532 4435 7411 8749 3111 4284 6601 7537 7372 330 5888 2012 3109 6800 4870 5300 1081 6292 1512 3596 7326 6815 1722 7007 4754 5642 9441 3067 7014 2737 1897 8200 8992 2153 6713 2197 7917 509 1704 1559 4077 5491 6478 5520 399 1815 4670 7960 9750 3495 7274 7405 7159 5324 4098 7420 7116 6051 9559 3088 3916 2393 7902 5826 7495 5992 176 7430 4835 9506 4304 4026 1153 9469 3181 9858 8251 585 1169 3346 7234 2147 6566 4425 1611 5146 4045 7328 1765 7850 7991 1383 1494 870 8568 5963 4330 7385 2792 1842 5710 3583 5197 1005 5324 6878 322 8415 8910 9560 4491 2653 5404 3450 7284 1212 8673 6411 9144 8085 9170 4772 8588 6104 4129 3562 2046 8819 2801 1206 2893 9701 726 3553 1372 7669 9121 8618 7535 3909 2781 3958 7544 5599 6751 6273 6636 7388 1444 2150 8421 8484 7439 6091 7140 1847 490 1201 1238 3089 9962 7006 8103 8957 6007 9048 5807 7321 9475 5761 8162 587 6183 5643 3123 3974 4986 4129 6709 2766 6951 6836 4827 7477 4638 3926 6605 4167 1284 4223 6781 9225 3218 342 3225 7352 5101 3327 9824 89 3992 1511 6804 7744 6518 1322 3132 9360 345 4346 243 938 166 3875 4528 6904 8197 9009 8700 6945 3932 1848 3814 9539 6008 400 8840 9396 6122 4938 8909 8653 5631 1966 7408 7687 2081 8887 3355 7626 950 1694 1867 8069 9325 6879 9839 8201 7008 6603 4839 214 3852 8361 6026 2823 7354 3157 8759 4807 7200 8535 4813 1407 3844 1912 5563 757 3762 7317 2076 2538 2718 783 3594 2688 5617 7404 181 82 8606 6405 7761 8117 2720 5173 4941 2838 9704 7729 937 7860 8554 4072 2470 8959 4172 4596 1861 2299 6825 3492 2425 7375 5380 5242 783 4552 4509 5501 6070 6770 5682 6113 5685 55 5955 6088 7344 5557 7661 1911 3634 6355 3366 9749 1844 9021 8470 2639 4272 5265 1346 6457 5947 2649 622 6412 3317 9101 3696 6322 2396 7927 2707 9212 1902 7269 3580 1010 2284 522 5919 6291 4310 3410 1070 9324 7097 5914 9022 9181 4522 6516 9556 3956 823 5127 9535 637 642 6404 8147 9703 8304 9011 768 4758 5309 8962 9318 4287 7370 392 4346 7279 2490 7123 2942 6928 4959 1855 3457 3796 4896 7930 2708 6594 7520 1027 6246 3555 8904 3074 8748 332 1684 6495 9459 8142 8614 6811 3163 8784 6906 3869 3865 6310 9274 1534 2937 8490 4438 3793 8209 16 4727 7275 3091 455 4953 9449 9601 8442 7706 8281 9195 8491 695 8587 808 4618 2559 6240 9698 7945 4370 2928 1395 732 7556 2514 7072 5297 9753 2933 2920 7974 7651 2922 9833 7711 9240 4703 7275 2085 1488 7638 501 5706 2020 5925 1855 4358 7799 5249 7131 4824 5262 2945 2146 8602 8180 5938 2096 7254 1118 3020 7785 4816 8773 4461 3172 3693 9632 1238 1269 7123 311 8387 7958 7578 2729 9298 8705 8022 7349 848 168 4804 9744 1310 7433 7924 5928 3405 5052 6542 5002 213 7622 5623 3668 3569 3277 5071 2147 6685 3150 1127 8555 8028 8326 9815 7048 1514 1012 4133 950 918 8303 8451 9875 1123 241 4366 4840 5444 7281 2967 6954 2587 6111 6534 4887 3712 4043 1236 6759 6467 1583 7991 3737 4338 2843 1149 405 30 1134 4886 795 7738 1095 3712 7442 2677 3648 2342 3464 8590 1625 3159 8640 7128 1935 159 831 2220 9145 4664 1427 1917 8718 9029 3746 6921 1766 6861 9336 6653 4228 7957 2687 9531 7359 4322 5622 8752 4262 8951 5364 4281 4672 3063 9534 1156 553 2257 4752 1229 6756 1807 4307 26 4287 8271 1599 6038 1278 1731 6172 6635 2651 8680 9757 9388 2615 3309 9381 5962 4594 354 18 610 5735 324 1694 1824 3931 686 4089 2286 2765 6482 8063 6751 7885 2806 1662 179 5505 286 5090 1367 7697 6474 5204 5731 9911 3863 1504 8012 278 8235 4245 2982 4561 7101 5020 6662 5865 8924 3452 4206 4842 3418 4522 5603 6297 3759 4158 3340 6091 5506 310 8756 179 7468 1708 6212 5221 5505 3996 3089 1381 3468 1241 6614 8161 8647 4576 6570 194 9030 7443 2538 4469 6337 1544 9694 1741 2414 3557 565 1061 7852 8641 3633 8499 7414 1475 3151 3268 7910 8101 4891 750 5189 9357 9182 4955 2378 9336 8070 2248 5774 2320 7490 4468 3329 6289 6506 1325 6084 1241 9388 9779 2918 9649 4632 9866 5343 5241 3915 3680 7518 2759 7779 6959 3810 4591 9888 136 5273 8418 1143 7106 7603 858 9735 4305 9476 8157 8805 3847 9338 8781 2029 6895 1096 6435 6570 8310 5961 5059 6580 6339 9962 1772 3421 9303 8181 4984 1597 2240 9494 2594 3389 3826 3339 6964 982 8464 646 4049 310 3167 3327 4909 7235 7783 8560 1093 597 1520 8371 2408 7438 1009 3117 7449 4223 671 149 6429 541 2290 8555 326 7776 4223 968 552 8821 3922 1108 7471 217 2487 8417 1030 4851 5037 5381 4328 5063 7513 2827 1158 3321 9995 9813 3655 7875 146 2309 1404 4222 9553 5512 6344 250 9359 9672 5743 4735 8350 38 108 4919 2771 743 4656 2303 117 3873 4785 2091 9105 1081 8388 819 3893 2381 8662 3483 6628 456 2762 4102 9860 7842 8349 5598 5161 1491 4285 3907 3798 8134 5561 3012 1508 3119 1460 3136 5430 8952 2274 655 6461 9578 4056 5201 3095 2387 2121 6148 5667 4521 7921 1570 1740 1361 3848 955 1611 853 349 4296 3218 5621 4167 346 3916 7209 325 3806 1823 2227 5612 7148 9507 1986 8478 5820 5457 7974 56 2668 4005 4713 144 1142 6072 7957 111 1366 7171 588 6284 5041 8035 6648 132 8786 5526 8467 9397 8427 376 8594 881 4832 90 1733 3603 3186 533 7052 4125 4605 8153 7555 9328 6159 2199 6505 3952 3490 6179 6438 5715 1404 1116 7933 259 9100 9445 9428 6193 8254 1671 4068 385 4313 8564 75 4632 8486 6175 2751 4675 9233 1284 783 9365 5504 6040 2089 575 8451 7230 48 8949 4852 2725 8604 3234 6076 7525 7330 5647 4176 8117 8307 4642 1196 952 8376 7358 5674 5320 2788 6940 8592 7497 1790 123 3722 5494 9539 5269 7456
7456 5269 9539 5494 3722 123 1790 7497 8592 6940 2788 5320 5674 7358 8376 952 1196 4642 8307 8117 4176 5647 7330 7525 6076 3234 8604 2725 4852 8949 48 7230 8451 575 2089 6040 5504 9365 783 1284 9233 4675 2751 6175 8486 4632 75 8564 4313 385 4068 1671 8254 6193 9428 9445 9100 259 7933 1116 1404 5715 6438 6179 3490 3952 6505 2199 6159 9328 7555 8153 4605 4125 7052 533 3186 3603 1733 90 4832 881 8594 376 8427 9397 8467 5526 8786 132 6648 8035 5041 6284 588 7171 1366 111 7957 6072 1142 144 4713 4005 2668 56 7974 5457 5820 8478 1986 9507 7148 5612 2227 1823 3806 325 7209 3916 346 4167 5621 3218 4296 349 853 1611 955 3848 1361 1740 1570 7921 4521 5667 6148 2121 2387 3095 5201 4056 9578 6461 655 2274 8952 5430 3136 1460 3119 1508 3012 5561 8134 3798 3907 4285 1491 5161 5598 8349 7842 9860 4102 2762 456 6628 3483 8662 2381 3893 819 8388 1081 9105 2091 4785 3873 117 2303 4656 743 2771 4919 108 38 8350 4735 5743 9672 9359 250 6344 5512 9553 4222 1404 2309 146 7875 3655 9813 9995 3321 1158 2827 7513 5063 4328 5381 5037 4851 1030 8417 2487 217 7471 1108 3922 8821 552 968 4223 7776 326 8555 2290 541 6429 149 671 4223 7449 3117 1009 7438 2408 8371 1520 597 1093 8560 7783 7235 4909 3327 3167 310 4049 646 8464 982 6964 3339 3826 3389 2594 9494 2240 1597 4984 8181 9303 3421 1772 9962 6339 6580 5059 5961 8310 6570 6435 1096 6895 2029 8781 9338 3847 8805 8157 9476 4305 9735 858 7603 7106 1143 8418 5273 136 9888 4591 3810 6959 7779 2759 7518 3680 3915 5241 5343 9866 4632 9649 2918 9779 9388 1241 6084 1325 6506 6289 3329 4468 7490 2320 5774 2248 8070 9336 2378 4955 9182 9357 5189 750 4891 8101 7910 3268 3151 1475 7414 8499 3633 8641 7852 1061 565 3557 2414 1741 9694 1544 6337 4469 2538 7443 9030 194 6570 4576 8647 8161 6614 1241 3468 1381 3089 3996 5505 5221 6212 1708 7468 179 8756 310 5506 6091 3340 4158 3759 6297 5603 4522 3418 4842 4206 3452 8924 5865 6662 5020 7101 4561 2982 4245 8235 278 8012 1504 3863 9911 5731 5204 6474 7697 1367 5090 286 5505 179 1662 2806 7885 6751 8063 6482 2765 2286 4089 686 3931 1824 1694 324 5735 610 18 354 4594 5962 9381 3309 2615 9388 9757 8680 2651 6635 6172 1731 1278 6038 1599 8271 4287 26 4307 1807 6756 1229 4752 2257 553 1156 9534 3063 4672 4281 5364 8951 4262 8752 5622 4322 7359 9531 2687 7957 4228 6653 9336 6861 1766 6921 3746 9029 8718 1917 1427 4664 9145 2220 831 159 1935 7128 8640 3159 1625 8590 3464 2342 3648 2677 7442 3712 1095 7738 795 4886 1134 30 405 1149 2843 4338 3737 7991 1583 6467 6759 1236 4043 3712 4887 6534 6111 2587 6954 2967 7281 5444 4840 4366 241 1123 9875 8451 8303 918 950 4133 1012 1514 7048 9815 8326 8028 8555 1127 3150 6685 2147 5071 3277 3569 3668 5623 7622 213 5002 6542 5052 3405 5928 7924 7433 1310 9744 4804 168 848 7349 8022 8705 9298 2729 7578 7958 8387 311 7123 1269 1238 9632 3693 3172 4461 8773 4816 7785 3020 1118 7254 2096 5938 8180 8602 2146 2945 5262 4824 7131 5249 7799 4358 1855 5925 2020 5706 501 7638 1488 2085 7275 4703 9240 7711 9833 2922 7651 7974 2920 2933 9753 5297 7072 2514 7556 732 1395 2928 4370 7945 9698 6240 2559 4618 808 8587 695 8491 9195 8281 7706 8442 9601 9449 4953 455 3091 7275 4727 16 8209 3793 4438 8490 2937 1534 9274 6310 3865 3869 6906 8784 3163 6811 8614 8142 9459 6495 1684 332 8748 3074 8904 3555 6246 1027 7520 6594 2708 7930 4896 3796 3457 1855 4959 6928 2942 7123 2490 7279 4346 392 7370 4287 9318 8962 5309 4758 768 9011 8304 9703 8147 6404 642 637 9535 5127 823 3956 9556 6516 4522 9181 9022 5914 7097 9324 1070 3410 4310 6291 5919 522 2284 1010 3580 7269 1902 9212 2707 7927 2396 6322 3696 9101 3317 6412 622 2649 5947 6457 1346 5265 4272 2639 8470 9021 1844 9749 3366 6355 3634 1911 7661 5557 7344 6088 5955 55 5685 6113 5682 6770 6070 5501 4509 4552 783 5242 5380 7375 2425 3492 6825 2299 1861 4596 4172 8959 2470 4072 8554 7860 937 7729 9704 2838 4941 5173 2720 8117 7761 6405 8606 82 181 7404 5617 2688 3594 783 2718 2538 2076 7317 3762 757 5563 1912 3844 1407 4813 8535 7200 4807 8759 3157 7354 2823 6026 8361 3852 214 4839 6603 7008 8201 9839 6879 9325 8069 1867 1694 950 7626 3355 8887 2081 7687 7408 1966 5631 8653 8909 4938 6122 9396 8840 400 6008 9539 3814 1848 3932 6945 8700 9009 8197 6904 4528 3875 166 938 243 4346 345 9360 3132 1322 6518 7744 6804 1511 3992 89 9824 3327 5101 7352 3225 342 3218 9225 6781 4223 1284 4167 6605 3926 4638 7477 4827 6836 6951 2766 6709 4129 4986 3974 3123 5643 6183 587 8162 5761 9475 7321 5807 9048 6007 8957 8103 7006 9962 3089 1238 1201 490 1847 7140 6091 7439 8484 8421 2150 1444 7388 6636 6273 6751 5599 7544 3958 2781 3909 7535 8618 9121 7669 1372 3553 726 9701 2893 1206 2801 8819 2046 3562 4129 6104 8588 4772 9170 8085 9144 6411 8673 1212 7284 3450 5404 2653 4491 9560 8910 8415 322 6878 5324 1005 5197 3583 5710 1842 2792 7385 4330 5963 8568 870 1494 1383 7991 7850 1765 7328 4045 5146 1611 4425 6566 2147 7234 3346 1169 585 8251 9858 3181 9469 1153 4026 4304 9506 4835 7430 176 5992 7495 5826 7902 2393 3916 3088 9559 6051 7116 7420 4098 5324 7159 7405 7274 3495 9750 7960 4670 1815 399 5520 6478 5491 4077 1559 1704 509 7917 2197 6713 2153 8992 8200 1897 2737 7014 3067 9441 5642 4754 7007 1722 6815 7326 3596 1512 6292 1081 5300 4870 6800 3109 2012 5888 330 7372 7537 6601 4284 3111 8749 7411 4435 3532 1601 1280 2508 4199 1215 262 4310 5742 9584 7476 4928 3108 6927 9558 5448 1238 3946 6462 9966 6552 5965 7186 3918 9228 1578 4293 678 4916 451 5430 1883 8829 6882 3018 3554 244 4984 2396 7970 1707 9968 9839 8485 3604 5883 1823 3863 845 2668 3284 8333 202 3169 5852 3241 9006 5421 4569 3793 8973 8696 8332 9980 2563 7878 6446 8422 4948 3247 4826 2406 511 965 169 34 3425 3154 647 4104 8137 9385 5662 310 1377 174 5452 1729 4185 3878 4221 6989 9680 8576 6672 2683 8123 2891 1404 3650 8207 604 5100 3174 969 6665 7473 717 9765 7404 1302 6677 485 4604 9461 3542 1336 918 8226 4852 5052 8317 1745 9504 9403 4696 2819 1738 7591 1159 8306 15 4088 8903 3235 2284 5995 2823 4672 3322 763 6465 801 953 3880 1475 3280 1744 1473 4679 8203 1196 1954 3881 68 1810 3161 5671 9940 2284 5907 4245 5059 4178 3769 3490 2909 9778 2817 5826 4490 3239 7200 6711 5250 358 4403 8420 7932 5210 7142 4104 6570 1062 6178 5533 8107 5096 5368 2363 8880 7453 3775 5951 6948 5535 6830 2612 8368 6242 6118 9504 2539 2490 8950 77 1840 2784 4961 6294 7096 9981 6882 510 3200 3841 7126 4184 8909 8245 5116 7963 8950 5899 1576 4839 8187 3967 5721 7270 2986 9651 522 6442 7699 2161 1036 7847 696 4619 6818 3289 8289 7531 5677 9343 8189 5793 9194 3524 7537 6679 8364 1557 2257 7817 1418 2797 243 883 6820 2603 5193 1629 3229 9172 5615 3884 7728 6551 2137 1195 6789 6770 1282 2613 9506 9 1849 3230 1783 1081 695 3513 2905 8482 3935 5781 8620 5682 7084 1367 686 6553 7332 9953 4188 6667 9481 2168 7018 4043 4341 5532 2131 8935 5799 6544 857 6252 3667 9812 6557 5197 5635 541 3522 1876 3011 8725 9229 5949 7783 7283 4937 5895 2294 9305 4621 1626 7581 7428 6262 9449 3934 776 8548 7601 6613 4076 8874 1687 2212 565 3046 3244 2016 5070 7112 4222 7760 6653 9764 5840 4520 3396 8969 209 2212 8775 2929 9381 4225 4779 8249 9399 8992 4273 1750 8070 2927 4023 6071 2358 1535 3549 4709 8559 6675 4510 3787 9265 5561 7481 663 2108 4688 3828 6372 4781 1050 2658 6609 9512 6035 3522 5142 9164 9583 4668 4144 4809 6303 4742 5325 8521 4112 7029 5197 5207 8425 9794 1618 3662 5464 6213 4744 1199 4011 4164 8795 6477 2868 4369 4532 7319 2743 7716 3927 1938 7844 8699 1866 3558 4114 7587 4393 9991 174 2531 688 9306 9653 5191 5384 634 541 2447 174 8257 6644 9370 2024 6478 8258 6758 7457 2566 8993 6219 606 2588 1886 8321 4012 987 3897 637 185 8279 6363 8370 4295 3769 6467 795 9545 1819 4714 1875 7236 2642 4985 7817 6412 8615 2161 994 386 7844 3142 1242 651 9308 9429 7722 477 3538 7898 5509 4739 2815 4311 8026 983 831 7149 7726 4341 8944 9699 4149 6427 3656 7813 8908 702 2190 9819 9547 1737 4517 6097 5641 1495 8177 8786 4311 975 5285 7752 1029 7442 9545 9060 1700 7197 484 9799 4774 1903 3311 1320 9778 7602 2137 6499 3908 7151 1723 6925 1090 2230 2186 9778 9407 4452 7544 3752 3426 4238 582 2251 241 1222 6919 7069 8599 5267 2814 70 733 860 8248 323 4652 2341 8336 7557 7426 1 3795 6670 3986 7649 5142 6836 5321 4261 2713 84 5804 6727 7385 9591 1947 5420 5458 7927 7940 7374 7727 2654 6021 3899 7499 3579 5210 477 7847 9981 6267 9882 5035 2184 9276 5243 9180 4036 2298 1199 4395 2084 1872 7060 1951 8821 6419 7354 3 4847 6923 3237 6921 2076 1063 9002 8403 9231 1653 9016 6496 8065 6461 9955 4427 1076 1350 7307 6528 805 3914 4115 8092 8369 353 1489 4898 7842 8164 9997 2430 8547 9496 7209 7744 8266 6542 2228 1187 1623 6045 4101 4343 4327 5657 7540 8987 8334 1305 6264 6765 4585 99 3475 999 2063 3411 2677 663 5334 4791 2751 2305 8599 7512 891 7384 6603 8942 7353 1131 6987 9079 8832 9798 2641 3049 1917 3366 9914 8177 6029 9473 7432 6755 6203 2243 9226 7365 8688 9488 5527 9463 450 1597 452 5647 7937 2105 9788 8836 675 6755 4564 646 2941 4124 9173 906 4915 6681 5951 3348 3677 3071 7141 1743 9518 7999 7655 3819 6717 1029 788 596 7589 2625 7166 8374 9512 1837 6207 3674 1403 2624 1831 2366 9710 1821 6192 7807 8457 7519 6589 9561 3487 9801 3274 8632 3269 2756 235 8444 7027 4597 5882 7208 2786 19 6405 2341 4219 5105 8965 9347 4451 7468 7182 2643 2433 9704 9838 2810 3981 3577 8152 6822 3702 404 5707 4456 4289 8347 1596 4879 6947 7463 1474 9608 6922 1145 9601 2670 2167 1568 6356 5909 8467 7877 2096 5940 1338 1839 6908 6542 2502 3167 8598 5384 8118 8152 480 3201 1453 5199 4639 6309 6058 8064 9864 4687 8540 8614 502 5041 6602 7143 9053 2921 596 8343 5153 7115 7346 9445 9992 7946 9466 920 2966 6288 4087 7628 9956 266 8292 4523 4248 8628 655 8497 9581 2904 8322 5643 4931 618 6911 3217 2083 1590 8476 8196 710 3498 3720 5194 9187 2208 5435 4596 4886 1493 52 2361 3436 5844 9348 6761 4921 5513 1224 7353 7989 3266 9696 3104 9194 6913 7696 9397 9080 8274 3068 6116 136 5141 8128 9425 9048 2973 6286 894 3302 3892 4810 8184 4488 9840 3628 5812 5480 4420 7747 7257 79 6969 9421 3520 737 52 6098 344 7557 4197 8252 4135 188 5744 4161 8198 8998 6857 5108 6161 9389 8009 7682 8874 2241 6300 8938 9329 1552 9294 8958 1901 883 7060 3760 4304 9922 3126 5073 238 7368 4301 6195 9676 454 3762 7118 1531 2482 2175 7397 4922 3236 7114 7651 5248 3441 4774 4432 5475 8004 8131 4943 7761 6999 397 152 3423 1686 2663 9603 5741 9982 57 8057 1014 5518 5336 3137 466 6869 1033 3820 963 2354 8366 6122 3032 1620 5333 4766 113 9724 4026 2042 7622 2761 7515 2759 6221 7038 8749 5908 9173 5904 7386 5038 6780 9285 8086 2543 6754 8863 6425 293 2946 9094 7091 7335 8637 8663 9062 4552 9781 8455 7657 4018 8525 7386 8155 6962 9082 190 3 9066 9985 8948 8177 4947 709 796 2647 7440 8207 3469 7301 503 5035 1511 7308 5030 2110 9231 2977 4636 9773 7699 8171 1269 7666 8356 9502 5680 1466 7824 8886 7832 2091 4723 3328 7125 5198 5670 3444 6193 768 6627 9178 6633 8486 5209 8945 8518 3197 691 2324 2129 5888 5426 7657 5475 9193 1274 8072 1305 648 1437 9304 7058 189 39 1858 8966 3144 6581 8622 5228 8915 3173 2185 6729 636 4297 2159 3548 8361 9940 6920 8628 6900 4718 6770 7035 3130 854 1201 9576 3775 9531 8240 5590 457 5978 4307 1099 2037 3850 7704 1208 7619 746 2053 4782 3155 2479 9811 2107 3128 1267 530 5980 5547 4771 5479 9658 5228 545 5974 2466 9041 2146 6353 4156 4768 6998 4165 5096 6747 1831 4776 7472 7657 9156 8823 1069 8778 2195 20 6376 8256 8209 6381 3420 9402 6361 6279 1691 1149 4946 5910 8237 1020 6765 2477 9968 9112 3861 1260 6556 481 6118 6729 2624 1650 6580 8810 8847 2856 5489 8960 9651 5952 9977 1799 5268 4729 843 20 3657 1843 4253 1965 3366 9260 71 9660 4095 9826 9123 4595 7142 6679 4386 125 9815 310 8052 7681 2353 9125 8721 2722 5885 5631 4307 4169 9888 6064 1931 4180 1241 3807 8171 2377 4503 9632 8127 1282 2382 425 8100 7038 4671 8392 3804 5006 9000 2459 2381 9754 3012 2369 4916 4102 8374 4035 5966 3689 9924 9089 82 1157 8066 1105 387 1917 1695 9428 3438 3206 4155 5428 2815 90 8727 6638 6972 4574 5509 4118 311 814 6077 1708 8673 6108 8615 2293 8053 2268 7929 5175 2511 4507 9645 7529
7456 5269 9539 5494 3722 123 1790 7497 8592 6940 2788 5320 5674 7358 8376 952 1196 4642 8307 8117 4176 5647 7330 7525 6076 3234 8604 2725 4852 8949 48 7230 8451 575 2089 6040 5504 9365 783 1284 9233 4675 2751 6175 8486 4632 75 8564 4313 385 4068 1671 8254 6193 9428 9445 9100 259 7933 1116 1404 5715 6438 6179 3490 3952 6505 2199 6159 9328 7555 8153 4605 4125 7052 533 3186 3603 1733 90 4832 881 8594 376 8427 9397 8467 5526 8786 132 6648 8035 5041 6284 588 7171 1366 111 7957 6072 1142 144 4713 4005 2668 56 7974 5457 5820 8478 1986 9507 7148 5612 2227 1823 3806 325 7209 3916 346 4167 5621 3218 4296 349 853 1611 955 3848 1361 1740 1570 7921 4521 5667 6148 2121 2387 3095 5201 4056 9578 6461 655 2274 8952 5430 3136 1460 3119 1508 3012 5561 8134 3798 3907 4285 1491 5161 5598 8349 7842 9860 4102 2762 456 6628 3483 8662 2381 3893 819 8388 1081 9105 2091 4785 3873 117 2303 4656 743 2771 4919 108 38 8350 4735 5743 9672 9359 250 6344 5512 9553 4222 1404 2309 146 7875 3655 9813 9995 3321 1158 2827 7513 5063 4328 5381 5037 4851 1030 8417 2487 217 7471 1108 3922 8821 552 968 4223 7776 326 8555 2290 541 6429 149 671 4223 7449 3117 1009 7438 2408 8371 1520 597 1093 8560 7783 7235 4909 3327 3167 310 4049 646 8464 982 6964 3339 3826 3389 2594 9494 2240 1597 4984 8181 9303 3421 1772 9962 6339 6580 5059 5961 8310 6570 6435 1096 6895 2029 8781 9338 3847 8805 8157 9476 4305 9735 858 7603 7106 1143 8418 5273 136 9888 4591 3810 6959 7779 2759 7518 3680 3915 5241 5343 9866 4632 9649 2918 9779 9388 1241 6084 1325 6506 6289 3329 4468 7490 2320 5774 2248 8070 9336 2378 4955 9182 9357 5189 750 4891 8101 7910 3268 3151 1475 7414 8499 3633 8641 7852 1061 565 3557 2414 1741 9694 1544 6337 4469 2538 7443 9030 194 6570 4576 8647 8161 6614 1241 3468 1381 3089 3996 5505 5221 6212 1708 7468 179 8756 310 5506 6091 3340 4158 3759 6297 5603 4522 3418 4842 4206 3452 8924 5865 6662 5020 7101 4561 2982 4245 8235 278 8012 1504 3863 9911 5731 5204 6474 7697 1367 5090 286 5505 179 1662 2806 7885 6751 8063 6482 2765 2286 4089 686 3931 1824 1694 324 5735 610 18 354 4594 5962 9381 3309 2615 9388 9757 8680 2651 6635 6172 1731 1278 6038 1599 8271 4287 26 4307 1807 6756 1229 4752 2257 553 1156 9534 3063 4672 4281 5364 8951 4262 8752 5622 4322 7359 9531 2687 7957 4228 6653 9336 6861 1766 6921 3746 9029 8718 1917 1427 4664 9145 2220 831 159 1935 7128 8640 3159 1625 8590 3464 2342 3648 2677 7442 3712 1095 7738 795 4886 1134 30 405 1149 2843 4338 3737 7991 1583 6467 6759 1236 4043 3712 4887 6534 6111 2587 6954 2967 7281 5444 4840 4366 241 1123 9875 8451 8303 918 950 4133 1012 1514 7048 9815 8326 8028 8555 1127 3150 6685 2147 5071 3277 3569 3668 5623 7622 213 5002 6542 5052 3405 5928 7924 7433 1310 9744 4804 168 848 7349 8022 8705 9298 2729 7578 7958 8387 311 7123 1269 1238 9632 3693 3172 4461 8773 4816 7785 3020 1118 7254 2096 5938 8180 8602 2146 2945 5262 4824 7131 5249 7799 4358 1855 5925 2020 5706 501 7638 1488 2085 7275 4703 9240 7711 9833 2922 7651 7974 2920 2933 9753 5297 7072 2514 7556 732 1395 2928 4370 7945 9698 6240 2559 4618 808 8587 695 8491 9195 8281 7706 8442 9601 9449 4953 455 3091 7275 4727 16 8209 3793 4438 8490 2937 1534 9274 6310 3865 3869 6906 8784 3163 6811 8614 8142 9459 6495 1684 332 8748 3074 8904 3555 6246 1027 7520 6594 2708 7930 4896 3796 3457 1855 4959 6928 2942 7123 2490 7279 4346 392 7370 4287 9318 8962 5309 4758 768 9011 8304 9703 8147 6404 642 637 9535 5127 823 3956 9556 6516 4522 9181 9022 5914 7097 9324 1070 3410 4310 6291 5919 522 2284 1010 3580 7269 1902 9212 2707 7927 2396 6322 3696 9101 3317 6412 622 2649 5947 6457 1346 5265 4272 2639 8470 9021 1844 9749 3366 6355 3634 1911 7661 5557 7344 6088 5955 55 5685 6113 5682 6770 6070 5501 4509 4552 783 5242 5380 7375 2425 3492 6825 2299 1861 4596 4172 8959 2470 4072 8554 7860 937 7729 9704 2838 4941 5173 2720 8117 7761 6405 8606 82 181 7404 5617 2688 3594 783 2718 2538 2076 7317 3762 757 5563 1912 3844 1407 4813 8535 7200 4807 8759 3157 7354 2823 6026 8361 3852 214 4839 6603 7008 8201 9839 6879 9325 8069 1867 1694 950 7626 3355 8887 2081 7687 7408 1966 5631 8653 8909 4938 6122 9396 8840 400 6008 9539 3814 1848 3932 6945 8700 9009 8197 6904 4528 3875 166 938 243 4346 345 9360 3132 1322 6518 7744 6804 1511 3992 89 9824 3327 5101 7352 3225 342 3218 9225 6781 4223 1284 4167 6605 3926 4638 7477 4827 6836 6951 2766 6709 4129 4986 3974 3123 5643 6183 587 8162 5761 9475 7321 5807 9048 6007 8957 8103 7006 9962 3089 1238 1201 490 1847 7140 6091 7439 8484 8421 2150 1444 7388 6636 6273 6751 5599 7544 3958 2781 3909 7535 8618 9121 7669 1372 3553 726 9701 2893 1206 2801 8819 2046 3562 4129 6104 8588 4772 9170 8085 9144 6411 8673 1212 7284 3450 5404 2653 4491 9560 8910 8415 322 6878 5324 1005 5197 3583 5710 1842 2792 7385 4330 5963 8568 870 1494 1383 7991 7850 1765 7328 4045 5146 1611 4425 6566 2147 7234 3346 1169 585 8251 9858 3181 9469 1153 4026 4304 9506 4835 7430 176 5992 7495 5826 7902 2393 3916 3088 9559 6051 7116 7420 4098 5324 7159 7405 7274 3495 9750 7960 4670 1815 399 5520 6478 5491 4077 1559 1704 509 7917 2197 6713 2153 8992 8200 1897 2737 7014 3067 9441 5642 4754 7007 1722 6815 7326 3596 1512 6292 1081 5300 4870 6800 3109 2012 5888 330 7372 7537 6601 4284 3111 8749 7411 4435 3532 1601 1280 2508 4199 1215 262 4310 5742 9584 7476 4928 3108 6927 9558 5448 1238 3946 6462 9966 6552 5965 7186 3918 9228 1578 4293 678 4916 451 5430 1883 8829 6882 3018 3554 244 4984 2396 7970 1707 9968 9839 8485 3604 5883 1823 3863 845 2668 3284 8333 202 3169 5852 3241 9006 5421 4569 3793 8973 8696 8332 9980 2563 7878 6446 8422 4948 3247 4826 2406 511 965 169 34 3425 3154 647 4104 8137 9385 5662 310 1377 174 5452 1729 4185 3878 4221 6989 9680 8576 6672 2683 8123 2891 1404 3650 8207 604 5100 3174 969 6665 7473 717 9765 7404 1302 6677 485 4604 9461 3542 1336 918 8226 4852 5052 8317 1745 9504 9403 4696 2819 1738 7591 1159 8306 15 4088 8903 3235 2284 5995 2823 4672 3322 763 6465 801 953 3880 1475 3280 1744 1473 4679 8203 1196 1954 3881 68 1810 3161 5671 9940 2284 5907 4245 5059 4178 3769 3490 2909 9778 2817 5826 4490 3239 7200 6711 5250 358 4403 8420 7932 5210 7142 4104 6570 1062 6178 5533 8107 5096 5368 2363 8880 7453 3775 5951 6948 5535 6830 2612 8368 6242 6118 9504 2539 2490 8950 77 1840 2784 4961 6294 7096 9981 6882 510 3200 3841 7126 4184 8909 8245 5116 7963 8950 5899 1576 4839 8187 3967 5721 7270 2986 9651 522 6442 7699 2161 1036 7847 696 4619 6818 3289 8289 7531 5677 9343 8189 5793 9194 3524 7537 6679 8364 1557 2257 7817 1418 2797 243 883 6820 2603 5193 1629 3229 9172 5615 3884 7728 6551 2137 1195 6789 6770 1282 2613 9506 9 1849 3230 1783 1081 695 3513 2905 8482 3935 5781 8620 5682 7084 1367 686 6553 7332 9953 4188 6667 9481 2168 7018 4043 4341 5532 2131 8935 5799 6544 857 6252 3667 9812 6557 5197 5635 541 3522 1876 3011 8725 9229 5949 7783 7283 4937 5895 2294 9305 4621 1626 7581 7428 6262 9449 3934 776 8548 7601 6613 4076 8874 1687 2212 565 3046 3244 2016 5070 7112 4222 7760 6653 9764 5840 4520 3396 8969 209 2212 8775 2929 9381 4225 4779 8249 9399 8992 4273 1750 8070 2927 4023 6071 2358 1535 3549 4709 8559 6675 4510 3787 9265 5561 7481 663 2108 4688 3828 6372 4781 1050 2658 6609 9512 6035 3522 5142 9164 9583 4668 4144 4809 6303 4742 5325 8521 4112 7029 5197 5207 8425 9794 1618 3662 5464 6213 4744 1199 4011 4164 8795 6477 2868 4369 4532 7319 2743 7716 3927 1938 7844 8699 1866 3558 4114 7587 4393 9991 174 2531 688 9306 9653 5191 5384 634 541 2447 174 8257 6644 9370 2024 6478 8258 6758 7457 2566 8993 6219 606 2588 1886 8321 4012 987 3897 637 185 8279 6363 8370 4295 3769 6467 795 9545 1819 4714 1875 7236 2642 4985 7817 6412 8615 2161 994 386 7844 3142 1242 651 9308 9429 7722 477 3538 7898 5509 4739 2815 4311 8026 983 831 7149 7726 4341 8944 9699 4149 6427 3656 7813 8908 702 2190 9819 9547 1737 4517 6097 5641 1495 8177 8786 4311 975 5285 7752 1029 7442 9545 9060 1700 7197 484 9799 4774 1903 3311 1320 9778 7602 2137 6499 3908 7151 1723 6925 1090 2230 2186 9778 9407 4452 7544 3752 3426 4238 582 2251 241 1222 6919 7069 8599 5267 2814 70 733 860 8248 323 4652 2341 8336 7557 7426 1 3795 6670 3986 7649 5142 6836 5321 4261 2713 84 5804 6727 7385 9591 1947 5420 5458 7927 7940 7374 7727 2654 6021 3899 7499 3579 5210 477 7847 9981 6267 9882 5035 2184 9276 5243 9180 4036 2298 1199 4395 2084 1872 7060 1951 8821 6419 7354 3 4847 6923 3237 6921 2076 1063 9002 8403 9231 1653 9016 6496 8065 6461 9955 4427 1076 1350 7307 6528 805 3914 4115 8092 8369 353 1489 4898 7842 8164 9997 2430 8547 9496 7209 7744 8266 6542 2228 1187 1623 6045 4101 4343 4327 5657 7540 8987 8334 1305 6264 6765 4585 99 3475 999 2063 3411 2677 663 5334 4791 2751 2305 8599 7512 891 7384 6603 8942 7353 1131 6987 9079 8832 9798 2641 3049 1917 3366 9914 8177 6029 9473 7432 6755 6203 2243 9226 7365 8688 9488 5527 9463 450 1597 452 5647 7937 2105 9788 8836 675 6755 4564 646 2941 4124 9173 906 4915 6681 5951 3348 3677 3071 7141 1743 9518 7999 7655 3819 6717 1029 788 596 7589 2625 7166 8374 9512 1837 6207 3674 1403 2624 1831 2366 9710 1821 6192 7807 8457 7519 6589 9561 3487 9801 3274 8632 3269 2756 235 8444 7027 4597 5882 7208 2786 19 6405 2341 4219 5105 8965 9347 4451 7468 7182 2643 2433 9704 9838 2810 3981 3577 8152 6822 3702 404 5707 4456 4289 8347 1596 4879 6947 7463 1474 9608 6922 1145 9601 2670 2167 1568 6356 5909 8467 7877 2096 5940 1338 1839 6908 6542 2502 3167 8598 5384 8118 8152 480 3201 1453 5199 4639 6309 6058 8064 9864 4687 8540 8614 502 5041 6602 7143 9053 2921 596 8343 5153 7115 7346 9445 9992 7946 9466 920 2966 6288 4087 7628 9956 266 8292 4523 4248 8628 655 8497 9581 2904 8322 5643 4931 618 6911 3217 2083 1590 8476 8196 710 3498 3720 5194 9187 2208 5435 4596 4886 1493 52 2361 3436 5844 9348 6761 4921 5513 1224 7353 7989 3266 9696 3104 9194 6913 7696 9397 9080 8274 3068 6116 136 5141 8128 9425 9048 2973 6286 894 3302 3892 4810 8184 4488 9840 3628 5812 5480 4420 7747 7257 79 6969 9421 3520 737 52 6098 344 7557 4197 8252 4135 188 5744 4161 8198 8998 6857 5108 6161 9389 8009 7682 8874 2241 6300 8938 9329 1552 9294 8958 1901 883 7060 3760 4304 9922 3126 5073 238 7368 4301 6195 9676 454 3762 7118 1531 2482 2175 7397 4922 3236 7114 7651 5248 3441 4774 4432 5475 8004 8131 4943 7761 6999 397 152 3423 1686 2663 9603 5741 9982 57 8057 1014 5518 5336 3137 466 6869 1033 3820 963 2354 8366 6122 3032 1620 5333 4766 113 9724 4026 2042 7622 2761 7515 2759 6221 7038 8749 5908 9173 5904 7386 5038 6780 9285 8086 2543 6754 8863 6425 293 2946 9094 7091 7335 8637 8663 9062 4552 9781 8455 7657 4018 8525 7386 8155 6962 9082 190 3 9066 9985 8948 8177 4947 709 796 2647 7440 8207 3469 7301 503 5035 1511 7308 5030 2110 9231 2977 4636 9773 7699 8171 1269 7666 8356 9502 5680 1466 7824 8886 7832 2091 4723 3328 7125 5198 5670 3444 6193 768 6627 9178 6633 8486 5209 8945 8518 3197 691 2324 2129 5888 5426 7657 5475 9193 1274 8072 1305 648 1437 9304 7058 189 39 1858 8966 3144 6581 8622 5228 8915 3173 2185 6729 636 4297 2159 3548 8361 9940 6920 8628 6900 4718 6770 7035 3130 854 1201 9576 3775 9531 8240 5590 457 5978 4307 1099 2037 3850 7704 1208 7619 746 2053 4782 3155 2479 9811 2107 3128 1267 530 5980 5547 4771 5479 9658 5228 545 5974 2466 9041 2146 6353 4156 4768 6998 4165 5096 6747 1831 4776 7472 7657 9156 8823 1069 8778 2195 20 6376 8256 8209 6381 3420 9402 6361 6279 1691 1149 4946 5910 8237 1020 6765 2477 9968 9112 3861 1260 6556 481 6118 6729 2624 1650 6580 8810 8847 2856 5489 8960 9651 5952 9977 1799 5268 4729 843 20 3657 1843 4253 1965 3366 9260 71 9660 4095 9826 9123 4595 7142 6679 4386 125 9815 310 8052 7681 2353 9125 8721 2722 5885 5631 4307 4169 9888 6064 1931 4180 1241 3807 8171 2377 4503 9632 8127 1282 2382 425 8100 7038 4671 8392 3804 5006 9000 2459 2381 9754 3012 2369 4916 4102 8374 4035 5966 3689 9924 9089 82 1157 8066 1105 387 1917 1695 9428 3438 3206 4155 5428 2815 90 8727 6638 6972 4574 5509 4118 311 814 6077 1708 8673 6108 8615 2293 8053 2268 7929 5175 2511 4507 9645 7529
