2673
NOT_FOUND
1010
2429
5717
9781
NOT_FOUND
9114
7190
NOT_FOUND
NOT_FOUND
7890
1652
1652
1652
9251
NOT_FOUND
1652
4134
8632
5690
3988
1650
NOT_FOUND
1650
1202
3315
NOT_FOUND
1455
1648
3006
NOT_FOUND
NOT_FOUND
9844
NOT_FOUND
469
NOT_FOUND
1647
NOT_FOUND
1293
1647
5447
9270
8907
1645
1646
9030
NOT_FOUND
NOT_FOUND
7906
8875
NOT_FOUND
1132
NOT_FOUND
1645
6459
NOT_FOUND
NOT_FOUND
NOT_FOUND
1645
7569
5305
6706
1643
8690
3825
1327
6693
3158
5185
1201
6349
1563
NOT_FOUND
1640
695
NOT_FOUND
4415
6513
NOT_FOUND
1639
8408
2775
8386
8321
NOT_FOUND
1635
1635
NOT_FOUND
1635
7869
9098
NOT_FOUND
1636
NOT_FOUND
NOT_FOUND
9083
6750
1635
NOT_FOUND
NOT_FOUND
2427
3097
1639
7159
NOT_FOUND
1034
3320
1638
6648
4746
NOT_FOUND
1640
2066
NOT_FOUND
NOT_FOUND
972
NOT_FOUND
5780
NOT_FOUND
NOT_FOUND
7257
1643
NOT_FOUND
9114
5391
NOT_FOUND
3126
6555
6747
2672
NOT_FOUND
1645
8148
224
4987
1644
3494
NOT_FOUND
1644
8214
3893
6415
1646
1647
1648
5106
3429
6761
1649
NOT_FOUND
1651
NOT_FOUND
7499
6703
3306
1160
1267
523
8218
2193
NOT_FOUND
NOT_FOUND
NOT_FOUND
8959
1653
9082
1653
6010
1653
143
1654
8959
1654
6513
667
1653
6786
2469
43
945
1285
NOT_FOUND
3094
3045
1495
1649
1649
9729
NOT_FOUND
6343
1652
7908
3788
1651
1188
NOT_FOUND
3406
3332
7465
5595
1646
1648
2882
764
6100
4569
6278
1646
7113
1645
1646
5779
7933
2186
1890
733
4636
3738
NOT_FOUND
7738
5812
7513
1647
1649
6096
146
4720
1648
1648
3493
245
4521
7145
1645
4385
7735
383
1642
NOT_FOUND
NOT_FOUND
NOT_FOUND
3492
6098
7867
3618
1640
6587
NOT_FOUND
9887
1641
1641
3981
5529
3009
2517
1638
3674
8741
9991
1637
1680
4414
2806
NOT_FOUND
3466
NOT_FOUND
NOT_FOUND
867
7811
3291
7723
NOT_FOUND
1634
7985
NOT_FOUND
NOT_FOUND
8565
7161
8983
518
4773
2908
1632
6921
NOT_FOUND
NOT_FOUND
8689
4063
9332
NOT_FOUND
3012
1334
NOT_FOUND
2103
1632
4978
NOT_FOUND
9865
NOT_FOUND
1630
1631
981
855
NOT_FOUND
8308
9434
7338
5119
1630
NOT_FOUND
6722
NOT_FOUND
1632
3523
NOT_FOUND
1633
NOT_FOUND
1296
1633
1634
NOT_FOUND
1637
4198
6960
NOT_FOUND
1635
8741
8877
1634
5606
5108
1633
1186
5056
1631
1631
1632
NOT_FOUND
NOT_FOUND
1633
1633
NOT_FOUND
1612
3870
4780
8462
1630
NOT_FOUND
6966
6921
9669
1309
NOT_FOUND
NOT_FOUND
1631
2070
1630
1630
7390
NOT_FOUND
6338
5343
NOT_FOUND
9917
NOT_FOUND
1865
1633
NOT_FOUND
8080
1733
5738
NOT_FOUND
1635
2524
NOT_FOUND
1636
7168
4556
9814
1635
1638
1638
2484
1639
NOT_FOUND
NOT_FOUND
1640
5282
9517
23
1671
338
1639
NOT_FOUND
8180
1638
2161
7454
1638
1638
3989
721
6822
NOT_FOUND
NOT_FOUND
8996
1640
9815
1640
1640
3287
5607
5088
1640
1459
NOT_FOUND
1640
NOT_FOUND
NOT_FOUND
NOT_FOUND
4142
1287
7340
1386
8724
6532
3722
1412
1638
1638
4551
2364
1639
1639
1639
NOT_FOUND
1640
NOT_FOUND
1643
1113
7555
NOT_FOUND
2346
9427
6482
1641
3795
2395
3158
NOT_FOUND
8553
1640
406
6557
1639
265
NOT_FOUND
1638
8319
1518
1636
3938
NOT_FOUND
1506
6831
9253
NOT_FOUND
6267
1635
1635
1635
9668
8725
728
1635
6302
1634
1635
5667
7320
1633
NOT_FOUND
1634
7835
1637
822
NOT_FOUND
1638
304
1637
NOT_FOUND
3425
1637
2460
7532
1636
2859
3559
304
8803
NOT_FOUND
4945
1633
9100
NOT_FOUND
NOT_FOUND
3561
NOT_FOUND
6297
NOT_FOUND
NOT_FOUND
8915
4129
NOT_FOUND
5140
1635
1635
1038
5901
5589
1637
5650
NOT_FOUND
NOT_FOUND
6536
640
1636
5556
NOT_FOUND
1632
4276
1635
1635
1240
7197
8874
NOT_FOUND
1636
3907
1063
6895
1634
1103
1637
4288
3094
5575
4446
8854
1632
NOT_FOUND
2162
NOT_FOUND
3587
1634
2678
NOT_FOUND
NOT_FOUND
6339
594
7190
4489
NOT_FOUND
2372
1634
779
1634
8747
NOT_FOUND
759
NOT_FOUND
NOT_FOUND
NOT_FOUND
1635
1548
9189
1635
1635
1635
1637
NOT_FOUND
1637
201
1636
1638
NOT_FOUND
9263
1434
1639
1572
9942
3947
9237
1637
NOT_FOUND
1795
NOT_FOUND
1642
4598
2030
1642
3430
3640
NOT_FOUND
1643
1543
529
1642
1642
NOT_FOUND
NOT_FOUND
4951
6245
5949
1640
7222
9393
NOT_FOUND
NOT_FOUND
5563
837
NOT_FOUND
4654
1637
1637
1584
8092
4565
3531
3207
1637
NOT_FOUND
5819
6597
7601
5644
NOT_FOUND
NOT_FOUND
2019
1637
1639
NOT_FOUND
1640
NOT_FOUND
3449
1640
9351
NOT_FOUND
8346
4491
256
1638
1638
1638
1638
1638
7073
NOT_FOUND
8651
1636
1636
8956
3460
1636
1636
1092
NOT_FOUND
1636
9829
6908
9227
8396
7976
6096
1632
662
NOT_FOUND
5202
NOT_FOUND
1634
NOT_FOUND
6241
1633
5438
8866
NOT_FOUND
8711
NOT_FOUND
4645
1629
9468
NOT_FOUND
7699
3038
4446
4732
NOT_FOUND
NOT_FOUND
1629
8845
682
NOT_FOUND
1628
1628
NOT_FOUND
4525
1538
1628
8524
1147
6275
NOT_FOUND
5442
1882
2501
7727
1630
NOT_FOUND
1630
1630
NOT_FOUND
6602
8776
2885
NOT_FOUND
1628
4454
1628
4125
NOT_FOUND
4378
NOT_FOUND
1626
NOT_FOUND
4372
NOT_FOUND
690
4908
9992
5296
5315
NOT_FOUND
6502
1623
5163
3073
NOT_FOUND
2075
6617
NOT_FOUND
9972
NOT_FOUND
3958
8180
NOT_FOUND
9679
NOT_FOUND
1820
1029
8786
49
NOT_FOUND
5937
1619
2288
1618
1619
1619
7859
1619
8023
1618
1618
618
3607
6893
NOT_FOUND
156
1623
1623
4720
823
NOT_FOUND
NOT_FOUND
NOT_FOUND
5122
1052
7627
1620
1621
1622
NOT_FOUND
1622
7957
8069
NOT_FOUND
2998
1623
7186
NOT_FOUND
9879
NOT_FOUND
NOT_FOUND
5500
1621
NOT_FOUND
2795
1624
NOT_FOUND
3949
3116
1626
9482
7680
NOT_FOUND
NOT_FOUND
NOT_FOUND
NOT_FOUND
NOT_FOUND
NOT_FOUND
4751
1630
3840
6865
NOT_FOUND
NOT_FOUND
2880
NOT_FOUND
1629
1629
1073
5630
8171
1628
2539
1628
NOT_FOUND
NOT_FOUND
4955
686
423
8196
7180
1624
1624
1625
1625
1626
5681
7115
140
8954
4990
75
2376
NOT_FOUND
1621
634
4699
1619
NOT_FOUND
NOT_FOUND
7324
1619
983
123
1620
7863
2247
4019
9815
5605
3058
NOT_FOUND
1354
1616
6488
8648
1616
NOT_FOUND
1616
5096
5230
NOT_FOUND
1615
1615
NOT_FOUND
1616
6885
NOT_FOUND
6597
9853
2304
NOT_FOUND
1617
NOT_FOUND
1617
1578
NOT_FOUND
9713
1616
1121
1617
1617
NOT_FOUND
5586
1550
6494
NOT_FOUND
NOT_FOUND
NOT_FOUND
NOT_FOUND
1617
NOT_FOUND
131
NOT_FOUND
1621
1622
28
8366
3032
3488
NOT_FOUND
2183
3858
1621
2957
1797
8138
NOT_FOUND
1622
NOT_FOUND
720
4730
443
1783
1957
2335
9786
1617
NOT_FOUND
NOT_FOUND
1619
1619
4485
6068
761
669
1616
NOT_FOUND
NOT_FOUND
877
NOT_FOUND
1119
1618
1787
1618
NOT_FOUND
3918
6061
2886
78
828
7850
NOT_FOUND
3716
NOT_FOUND
1614
3366
NOT_FOUND
3366
143
1611
NOT_FOUND
4689
NOT_FOUND
1611
7979
1612
1613
1613
2402
4786
1612
2150
8068
NOT_FOUND
NOT_FOUND
3834
6583
3816
1608
3737
3083
1606
1311
9402
1605
6398
1605
7408
1605
5911
733
6312
NOT_FOUND
NOT_FOUND
NOT_FOUND
4256
5920
1602
6289
NOT_FOUND
3451
7277
2838
7263
1500
1602
2308
NOT_FOUND
1602
2750
3403
1601
957
1600
1600
4259
3633
1600
NOT_FOUND
NOT_FOUND
NOT_FOUND
12
NOT_FOUND
3714
1600
6514
7126
9049
5603
NOT_FOUND
1598
7403
7050
4875
880
1597
NOT_FOUND
1597
NOT_FOUND
1597
NOT_FOUND
573
353
NOT_FOUND
7984
1597
5857
4198
1596
9128
7439
1595
8156
NOT_FOUND
8467
NOT_FOUND
8393
5339
5176
1597
1598
1126
8369
1597
NOT_FOUND
NOT_FOUND
1598
3640
846
3961
1598
918
1686
1112
8201
NOT_FOUND
NOT_FOUND
1600
7244
8044
5479
5216
5462
3788
NOT_FOUND
19
NOT_FOUND
4681
1599
NOT_FOUND
6923
7502
116
NOT_FOUND
430
NOT_FOUND
2055
9002
217
4369
NOT_FOUND
NOT_FOUND
3790
NOT_FOUND
NOT_FOUND
1599
NOT_FOUND
NOT_FOUND
9492
1602
8626
NOT_FOUND
2902
NOT_FOUND
2480
NOT_FOUND
8885
7446
217
4730
1601
8240
8714
9588
NOT_FOUND
1599
1600
NOT_FOUND
4959 5260 5581 1146 5784 5881 2737 1388 8857 8934 6983 2403 7851 7865 7768 4023 881 1874 2148 6709 3357 3810 3738 384 6041 8686 9819 9138 8198 7892 7777 941 5782 8642 6064 5982 6560 9974 7673 8750 2299 5063 7870 8417 8812 7020 7089 309 5566 4640 4700 6163 6292 7123 774 4214 8923 1064 8889 1016 2928 6088 5769 4394 2536 9523 1315 8606 8382 2396 9357 4447 441 1080 9879 225 471 7665 4050 9762 2438 8301 3473 4456 2583 6987 2800 3124 9053 5732 1672 7100 8884 3672 5970 6147 159 2973 3344 7240 8875 2247 3609 2576 8587 7976 6772 6929 7231 8836 7716 2825 4219 7084 2710 2570 2988 8441 7111 304 9457 8632 5200 5965 501 3909 3881 1715 7742 2258 5690 6149 3519 7309 1026 8484 2174 4919 1655 6474 6976 7065 3083 4077 2776 5420 6664 2080 7162 3774 7978 7889 2021 5116 6092 675 5790 7636 2111 8095 8924 4736 387 3081 1163 9780 4252 35 9777 1608 2955 5186 5249 4689 6496 7575 1364 4793 6164 7020 5440 5580 7917 804 7669 397 9709 440 3443 8971 7339 3627 719 2171 6026 1740 9784 3589 9401 8422 891 5659 8563 8867 6585 2321 5563 549 5298 6124 2711 7354 9590 4488 4521 5069 1457 5981 7204 8531 1028 6663 5967 9114 5195 9410 9328 9436 5660 5924 2235 8292 6486 7301 8329 556 5279 1908 5880 1656 5391 2002 7618 6208 7236 7911 8941 2856 9557 5368 6627 315 7493 7371 3832 858 2537 634 5414 4618 9272 4618 4488 692 2725 8813 435 664 7485 7336 9663 4740 6212 1266 4485 2029 6566 1685 1170 5800 1413 5244 6735 9671 5944 5961 1576 118 9212 8441 7419 8359 8109 9187 4469 3806 7717 1071 6169 3930 4819 5335 4134 1870 3144 4152 2095 7691 9651 2516 1723 566 1471 4068 2929 3992 2762 2198 3268 5461 2573 4880 6613 7270 1993 9620 5005 7862 8224 8878 9097 6273 5674 9198 107 2049 3770 7633 1068 6258 9126 3197 5076 1058 6367 8275 7050 6487 9518 6489 6087 4348 5281 7108 9957 2437 6594 6521 7322 3432 8634 6364 9165 252 4406 3003 5646 2301 7057 5385 7108 648 125 4164 6607 4294 7442 2531 8166 6666 8541 6126 8177 2058 8295 1635 7676 5928 7889 9066 6821 2681 6764 3387 261 8323 3667 823 3100 905 4251 1379 1846 8185 5427 2035 9815 4472 8191 244 2690 1725 8746 2998 5292 9 4610 1721 2633 6868 1288 8593 8940 6088 9440 5820 6648 6459 3337 5157 872 113 8860 7181 8360 9805 2967 9685 6240 625 7613 2509 183 6737 6051 1646 338 3528 5474 6355 5698 4676 1259 2963 3307 2940 9328 3832 3317 2175 3346 1688 1793 7573 3966 61 6144 8705 4086 4365 9970 7593 9820 3542 2376 6218 2941 8134 8213 8040 7985 7021 9060 616 943 6077 5632 3943 540 7101 9932 3932 6564 9609 3737 1298 1470 7441 1900 9639 3671 6267 8169 1818 6781 4570 5479 4511 6128 8178 8617 4894 8370 5270 886 6509 1436 299 9737 6337 897 2959 9407 65 9719 3775 9594 406 3483 7210 8484 4103 5317 519 2993 3490 2453 8757 7820 7565 8749 4210 4802 8857 1800 8368 8900 3105 6623 6403 305 6417 1196 7926 8903 5746 2895 9650 2287 5133 7114 1065 3847 3586 2569 4054 4781 5260 7377 7629 8534 4441 9102 4870 2022 1665 981 1721 3533 8759 1776 3244 7783 3589 8007 9889 9132 6706 7457 2846 6235 3899 3680 8305 4092 8223 9752 4045 657 3035 939 5973 6455 5604 428 7699 7975 2494 8815 3495 7979 2899 6079 1257 2816 9503 3369 3321 490 9378 8698 3258 7183 7073 7509 6244 8832 255 2796 6302 4756 9983 1179 1672 7380 4412 4042 377 1808 4307 9047 9229 4202 7484 8514 1809 1920 4055 5075 6183 2220 6352 6020 5307 1408 7040 2583 9315 313 1459 8115 8185 5538 7441 1700 7658 6355 920 7855 8486 3193 3289 8891 9074 163 3815 9976 1264 953 9106 2150 2629 872 5913 1604 9404 1077 5273 7921 526 21 7200 7011 4064 9674 4112 4543 1150 3597 199 1900 4127 7150 3639 5144 6287 3896 2405 8880 5585 4997 5064 9458 241 9246 851 6154 1180 320 6577 6193 953 6279 1443 4225 6999 7447 4818 2455 1327 4223 4916 9610 4785 4886 5254 9722 1207 4943 7330 1377 6721 2216 2528 7224 4905 6123 9061 1752 9413 8586 7773 1996 5046 9970 4807 2039 4312 5447 8112 4632 4289 204 2337 4851 2272 3982 6196 1168 7386 9872 1436 4032 8512 610 4680 3046 411 8216 802 6915 6593 8982 2775 1038 8746 4797 1032 3365 1208 2233 4747 7765 5778 2940 4619 1025 8187 5121 513 8930 9234 4155 2461 7593 8498 4619 1760 5403 1125 545 9400 8753 4140 413 1470 8627 8417 2246 7046 9570 8246 6438 3676 729 890 5481 4109 9299 7934 1652 5758 1592 8379 8571 3404 5969 3523 4664 7013 6333 5268 1042 6006 1801 6820 906 1157 7935 3869 3681 5396 6679 9977 8547 5167 1101 1337 4898 7739 7743 5490 5398 5146 3835 1057 4735 7853 31 7221 7342 5448 1020 5649 9272 707 8588 2718 9970 2414 1335 690 5814 1054 507 5997 9013 7783 6090 8413 7313 1505 4128 2949 8896 653 9508 6998 6351 7090 7159 6104 9400 8936 8467 2985 7344 532 9682 6502 5900 6138 3037 2651 1186 637 2217 6537 4580 1729 1577 3211 6479 101 8596 4237 8169 8882 5276 732 2119 2561 2273 5380 3507 4188 9412 1470 8643 3626 765 4485 5242 242 6417 1662 2388 7052 3706 1906 2029 7132 2044 8683 8098 150 7033 374 3674 1911 7029 3990 3620 4896 5128 8170 2974 7608 588 3116 1232 647 3122 5350 8688 9237 2340 6957 8667 2749 9266 4048 1937 6862 804 4398 4427 6571 3064 9513 4833 3607 6489 5288 4728 7609 3713 9121 1882 6206 8026 7058 5431 9217 5440 8422 4841 7232 9460 8634 5911 255 7531 6002 4126 4003 2535 5745 3379 4819 5376 5399 6326 2634 7200 3529 9947 7167 4897 4395 8907 5137 1591 1553 3130 9099 7478 6311 1151 4760 7338 9000 6108 9494 7888 2241 4868 5704 4368 4473 2119 4787 8770 9627 363 8681 695 4241 6217 7730 6473 8422 9669 5401 7212 351 6274 6822 492 3853 9847 8534 4531 8766 6501 1209 6 6945 6068 9280 7525 4351 5800 1605 3844 9690 7635 9423 6323 7081 8284 6151 6882 1421 2553 3501 4314 6943 3625 2118 8957 5915 3176 562 4370 7718 9915 8588 8132 9775 6872 283 2509 8838 6299 1847 8270 1817 498 3319 666 9817 7053 4189 4272 5329 5335 4099 4420 670 8943 7974 2577 5918 9500 1053 1655 9393 4822 4915 7307 4086 6120 5643 3649 1089 9620 2729 2528 2774 713 3421 9713 2580 567 6010 2944 6291 8145 3375 2451 6499 6661 5740 3500 4816 5012 929 8656 2375 5892 9499 1810 6029 2525 9718 4532 2440 9616 859 3599 8399 7317 3502 6753 4021 8898 5926 6727 7408 3958 7781 5730 6576 3339 2726 6942 8085 5432 2105 747 9779 7095 4591 261 4719 6088 2947 9041 1514 5093 8630 7664 1482 3565 9148 8950 9658 5788 3988 9212 2094 1710 4230 4545 3386 9571 4540 4571 3769 6661 7339 1881 5817 3170 2355 5522 3439 3498 2920 475 8221 8675 4594 9771 9000 3149 2308 6407 6756 1446 8541 664 9781 1339 3533 2963 9691 9760 1412 306 7635 1014 1669 9191 2810 8907 6372 4796 3853 2161 9673 7875 5516 553 2382 9333 8696 895 2245 9357 1127 9225 4628 318 4450 4265 6602 9135 2527 7885 9216 542 2410 4460 1183 8043 772 7127 4400 3678 9548 7576 4506 3972 8657 7724 6265 8435 2886 4905 4481 7185 415 9748 9075 1316 6573 7486 8861 6853 9925 1370 4381 7128 5808 488 8465 8666 5230 3990 3067 6804 7574 1866 6250 4322 3814 2410 9822 6720 1689 5661 4794 7361 328 1323 4777 5048 6490 9438 3404 4672 807 1772 2083 5586 7728 6737 1593 1792 1 3294 3976 552 6531 8874 7105 34 34 4276 6508 714 4738 8058 6717 2141 9003 5419 2248 7111 2296 4624 1914 4730 1825 3283 5309 8777 9457 3791 975 8214 8186 9194 9871 4023 2389 7758 8063 6296 3056 4 8430 6118 4699 856 3726 8182 8431 3672 5978 5767 2755 4009 4463 494 543 3312 2327 3283 5334 7543 7173 4196 1598 7320 5735 4765 4527 1960 5212 1164 981 9876 6642 524 4365 9280 5500 8020 694 1707 4902 8452 7456 4541 238 444 116 5618 318 7950 6606 2940 2413 2604 4419 163 9482 2212 3409 8607 9193 2343 5852 3696 4589 14 9511 7627 497 3405 9074 4310 8817 8679 5212 381 1707 976 5032 3000 1852 5219 368 1952 6475 9420 6274 8755 1225 8197 591 6952 6218 7907 7612 7621 7228 9965 2515 6587 9608 8757 7216 6336 7680 8489 6108 4437 373 9612 2259 892 4094 3509 1414 6302 4546 5299 4638 7979 5402 7458 3110 3152 5323 4936 5671 3716 6703 8038 37 680 3134 1478 2503 7643 6235 7310 9703 899 8112 596 3477 8653 6134 5375 6070 9976 3563 7256 820 3537 2606 6010 4282 5687 2803 3509 4967 1390 3972 6595 6023 102 2728 3420 2477 5409 4125 2945 7125 4434 3110 9993 6467 1609 4383 8655 9810 9717 9901 378 4667 6890 5749 1848 4638 8993 1189 3206 3673 9610 9928 2945 2418 8813 6215 9547 4369 5592 8066
4959 5260 5581 1146 5784 5881 2737 1388 8857 8934 6983 2403 7851 7865 7768 4023 881 1874 2148 6709 3357 3810 3738 384 6041 8686 9819 9138 8198 7892 7777 941 5782 8642 6064 5982 6560 9974 7673 8750 2299 5063 7870 8417 8812 7020 7089 309 5566 4640 4700 6163 6292 7123 774 4214 8923 1064 8889 1016 2928 6088 5769 4394 2536 9523 1315 8606 8382 2396 9357 4447 441 1080 9879 225 471 7665 4050 9762 2438 8301 3473 4456 2583 6987 2800 3124 9053 5732 1672 7100 8884 3672 5970 6147 159 2973 3344 7240 8875 2247 3609 2576 8587 7976 6772 6929 7231 8836 7716 2825 4219 7084 2710 2570 2988 8441 7111 304 9457 8632 5200 5965 501 3909 3881 1715 7742 2258 5690 6149 3519 7309 1026 8484 2174 4919 1655 6474 6976 7065 3083 4077 2776 5420 6664 2080 7162 3774 7978 7889 2021 5116 6092 675 5790 7636 2111 8095 8924 4736 387 3081 1163 9780 4252 35 9777 1608 2955 5186 5249 4689 6496 7575 1364 4793 6164 7020 5440 5580 7917 804 7669 397 9709 440 3443 8971 7339 3627 719 2171 6026 1740 9784 3589 9401 8422 891 5659 8563 8867 6585 2321 5563 549 5298 6124 2711 7354 9590 4488 4521 5069 1457 5981 7204 8531 1028 6663 5967 9114 5195 9410 9328 9436 5660 5924 2235 8292 6486 7301 8329 556 5279 1908 5880 1656 5391 2002 7618 6208 7236 7911 8941 2856 9557 5368 6627 315 7493 7371 3832 858 2537 634 5414 4618 9272 4618 4488 692 2725 8813 435 664 7485 7336 9663 4740 6212 1266 4485 2029 6566 1685 1170 5800 1413 5244 6735 9671 5944 5961 1576 118 9212 8441 7419 8359 8109 9187 4469 3806 7717 1071 6169 3930 4819 5335 4134 1870 3144 4152 2095 7691 9651 2516 1723 566 1471 4068 2929 3992 2762 2198 3268 5461 2573 4880 6613 7270 1993 9620 5005 7862 8224 8878 9097 6273 5674 9198 107 2049 3770 7633 1068 6258 9126 3197 5076 1058 6367 8275 7050 6487 9518 6489 6087 4348 5281 7108 9957 2437 6594 6521 7322 3432 8634 6364 9165 252 4406 3003 5646 2301 7057 5385 7108 648 125 4164 6607 4294 7442 2531 8166 6666 8541 6126 8177 2058 8295 1635 7676 5928 7889 9066 6821 2681 6764 3387 261 8323 3667 823 3100 905 4251 1379 1846 8185 5427 2035 9815 4472 8191 244 2690 1725 8746 2998 5292 9 4610 1721 2633 6868 1288 8593 8940 6088 9440 5820 6648 6459 3337 5157 872 113 8860 7181 8360 9805 2967 9685 6240 625 7613 2509 183 6737 6051 1646 338 3528 5474 6355 5698 4676 1259 2963 3307 2940 9328 3832 3317 2175 3346 1688 1793 7573 3966 61 6144 8705 4086 4365 9970 7593 9820 3542 2376 6218 2941 8134 8213 8040 7985 7021 9060 616 943 6077 5632 3943 540 7101 9932 3932 6564 9609 3737 1298 1470 7441 1900 9639 3671 6267 8169 1818 6781 4570 5479 4511 6128 8178 8617 4894 8370 5270 886 6509 1436 299 9737 6337 897 2959 9407 65 9719 3775 9594 406 3483 7210 8484 4103 5317 519 2993 3490 2453 8757 7820 7565 8749 4210 4802 8857 1800 8368 8900 3105 6623 6403 305 6417 1196 7926 8903 5746 2895 9650 2287 5133 7114 1065 3847 3586 2569 4054 4781 5260 7377 7629 8534 4441 9102 4870 2022 1665 981 1721 3533 8759 1776 3244 7783 3589 8007 9889 9132 6706 7457 2846 6235 3899 3680 8305 4092 8223 9752 4045 657 3035 939 5973 6455 5604 428 7699 7975 2494 8815 3495 7979 2899 6079 1257 2816 9503 3369 3321 490 9378 8698 3258 7183 7073 7509 6244 8832 255 2796 6302 4756 9983 1179 1672 7380 4412 4042 377 1808 4307 9047 9229 4202 7484 8514 1809 1920 4055 5075 6183 2220 6352 6020 5307 1408 7040 2583 9315 313 1459 8115 8185 5538 7441 1700 7658 6355 920 7855 8486 3193 3289 8891 9074 163 3815 9976 1264 953 9106 2150 2629 872 5913 1604 9404 1077 5273 7921 526 21 7200 7011 4064 9674 4112 4543 1150 3597 199 1900 4127 7150 3639 5144 6287 3896 2405 8880 5585 4997 5064 9458 241 9246 851 6154 1180 320 6577 6193 953 6279 1443 4225 6999 7447 4818 2455 1327 4223 4916 9610 4785 4886 5254 9722 1207 4943 7330 1377 6721 2216 2528 7224 4905 6123 9061 1752 9413 8586 7773 1996 5046 9970 4807 2039 4312 5447 8112 4632 4289 204 2337 4851 2272 3982 6196 1168 7386 9872 1436 4032 8512 610 4680 3046 411 8216 802 6915 6593 8982 2775 1038 8746 4797 1032 3365 1208 2233 4747 7765 5778 2940 4619 1025 8187 5121 513 8930 9234 4155 2461 7593 8498 4619 1760 5403 1125 545 9400 8753 4140 413 1470 8627 8417 2246 7046 9570 8246 6438 3676 729 890 5481 4109 9299 7934 1652 5758 1592 8379 8571 3404 5969 3523 4664 7013 6333 5268 1042 6006 1801 6820 906 1157 7935 3869 3681 5396 6679 9977 8547 5167 1101 1337 4898 7739 7743 5490 5398 5146 3835 1057 4735 7853 31 7221 7342 5448 1020 5649 9272 707 8588 2718 9970 2414 1335 690 5814 1054 507 5997 9013 7783 6090 8413 7313 1505 4128 2949 8896 653 9508 6998 6351 7090 7159 6104 9400 8936 8467 2985 7344 532 9682 6502 5900 6138 3037 2651 1186 637 2217 6537 4580 1729 1577 3211 6479 101 8596 4237 8169 8882 5276 732 2119 2561 2273 5380 3507 4188 9412 1470 8643 3626 765 4485 5242 242 6417 1662 2388 7052 3706 1906 2029 7132 2044 8683 8098 150 7033 374 3674 1911 7029 3990 3620 4896 5128 8170 2974 7608 588 3116 1232 647 3122 5350 8688 9237 2340 6957 8667 2749 9266 4048 1937 6862 804 4398 4427 6571 3064 9513 4833 3607 6489 5288 4728 7609 3713 9121 1882 6206 8026 7058 5431 9217 5440 8422 4841 7232 9460 8634 5911 255 7531 6002 4126 4003 2535 5745 3379 4819 5376 5399 6326 2634 7200 3529 9947 7167 4897 4395 8907 5137 1591 1553 3130 9099 7478 6311 1151 4760 7338 9000 6108 9494 7888 2241 4868 5704 4368 4473 2119 4787 8770 9627 363 8681 695 4241 6217 7730 6473 8422 9669 5401 7212 351 6274 6822 492 3853 9847 8534 4531 8766 6501 1209 6 6945 6068 9280 7525 4351 5800 1605 3844 9690 7635 9423 6323 7081 8284 6151 6882 1421 2553 3501 4314 6943 3625 2118 8957 5915 3176 562 4370 7718 9915 8588 8132 9775 6872 283 2509 8838 6299 1847 8270 1817 498 3319 666 9817 7053 4189 4272 5329 5335 4099 4420 670 8943 7974 2577 5918 9500 1053 1655 9393 4822 4915 7307 4086 6120 5643 3649 1089 9620 2729 2528 2774 713 3421 9713 2580 567 6010 2944 6291 8145 3375 2451 6499 6661 5740 3500 4816 5012 929 8656 2375 5892 9499 1810 6029 2525 9718 4532 2440 9616 859 3599 8399 7317 3502 6753 4021 8898 5926 6727 7408 3958 7781 5730 6576 3339 2726 6942 8085 5432 2105 747 9779 7095 4591 261 4719 6088 2947 9041 1514 5093 8630 7664 1482 3565 9148 8950 9658 5788 3988 9212 2094 1710 4230 4545 3386 9571 4540 4571 3769 6661 7339 1881 5817 3170 2355 5522 3439 3498 2920 475 8221 8675 4594 9771 9000 3149 2308 6407 6756 1446 8541 664 9781 1339 3533 2963 9691 9760 1412 306 7635 1014 1669 9191 2810 8907 6372 4796 3853 2161 9673 7875 5516 553 2382 9333 8696 895 2245 9357 1127 9225 4628 318 4450 4265 6602 9135 2527 7885 9216 542 2410 4460 1183 8043 772 7127 4400 3678 9548 7576 4506 3972 8657 7724 6265 8435 2886 4905 4481 7185 415 9748 9075 1316 6573 7486 8861 6853 9925 1370 4381 7128 5808 488 8465 8666 5230 3990 3067 6804 7574 1866 6250 4322 3814 2410 9822 6720 1689 5661 4794 7361 328 1323 4777 5048 6490 9438 3404 4672 807 1772 2083 5586 7728 6737 1593 1792 1 3294 3976 552 6531 8874 7105 34 34 4276 6508 714 4738 8058 6717 2141 9003 5419 2248 7111 2296 4624 1914 4730 1825 3283 5309 8777 9457 3791 975 8214 8186 9194 9871 4023 2389 7758 8063 6296 3056 4 8430 6118 4699 856 3726 8182 8431 3672 5978 5767 2755 4009 4463 494 543 3312 2327 3283 5334 7543 7173 4196 1598 7320 5735 4765 4527 1960 5212 1164 981 9876 6642 524 4365 9280 5500 8020 694 1707 4902 8452 7456 4541 238 444 116 5618 318 7950 6606 2940 2413 2604 4419 163 9482 2212 3409 8607 9193 2343 5852 3696 4589 14 9511 7627 497 3405 9074 4310 8817 8679 5212 381 1707 976 5032 3000 1852 5219 368 1952 6475 9420 6274 8755 1225 8197 591 6952 6218 7907 7612 7621 7228 9965 2515 6587 9608 8757 7216 6336 7680 8489 6108 4437 373 9612 2259 892 4094 3509 1414 6302 4546 5299 4638 7979 5402 7458 3110 3152 5323 4936 5671 3716 6703 8038 37 680 3134 1478 2503 7643 6235 7310 9703 899 8112 596 3477 8653 6134 5375 6070 9976 3563 7256 820 3537 2606 6010 4282 5687 2803 3509 4967 1390 3972 6595 6023 102 2728 3420 2477 5409 4125 2945 7125 4434 3110 9993 6467 1609 4383 8655 9810 9717 9901 378 4667 6890 5749 1848 4638 8993 1189 3206 3673 9610 9928 2945 2418 8813 6215 9547 4369 5592 8066
4959 5260 5581 1146 5784 5881 2737 1388 8857 8934 6983 2403 7851 7865 7768 4023 881 1874 2148 6709 3357 3810 3738 384 6041 8686 9819 9138 8198 7892 7777 941 5782 8642 6064 5982 6560 9974 7673 8750 2299 5063 7870 8417 8812 7020 7089 309 5566 4640 4700 6163 6292 7123 774 4214 8923 1064 8889 1016 2928 6088 5769 4394 2536 9523 1315 8606 8382 2396 9357 4447 441 1080 9879 225 471 7665 4050 9762 2438 8301 3473 4456 2583 6987 2800 3124 9053 5732 1672 7100 8884 3672 5970 6147 159 2973 3344 7240 8875 2247 3609 2576 8587 7976 6772 6929 7231 8836 7716 2825 4219 7084 2710 2570 2988 8441 7111 304 9457 8632 5200 5965 501 3909 3881 1715 7742 2258 5690 6149 3519 7309 1026 8484 2174 4919 1655 6474 6976 7065 3083 4077 2776 5420 6664 2080 7162 3774 7978 7889 2021 5116 6092 675 5790 7636 2111 8095 8924 4736 387 3081 1163 9780 4252 35 9777 1608 2955 5186 5249 4689 6496 7575 1364 4793 6164 7020 5440 5580 7917 804 7669 397 9709 440 3443 8971 7339 3627 719 2171 6026 1740 9784 3589 9401 8422 891 5659 8563 8867 6585 2321 5563 549 5298 6124 2711 7354 9590 4488 4521 5069 1457 5981 7204 8531 1028 6663 5967 9114 5195 9410 9328 9436 5660 5924 2235 8292 6486 7301 8329 556 5279 1908 5880 1656 5391 2002 7618 6208 7236 7911 8941 2856 9557 5368 6627 315 7493 7371 3832 858 2537 634 5414 4618 9272 4618 4488 692 2725 8813 435 664 7485 7336 9663 4740 6212 1266 4485 2029 6566 1685 1170 5800 1413 5244 6735 9671 5944 5961 1576 118 9212 8441 7419 8359 8109 9187 4469 3806 7717 1071 6169 3930 4819 5335 4134 1870 3144 4152 2095 7691 9651 2516 1723 566 1471 4068 2929 3992 2762 2198 3268 5461 2573 4880 6613 7270 1993 9620 5005 7862 8224 8878 9097 6273 5674 9198 107 2049 3770 7633 1068 6258 9126 3197 5076 1058 6367 8275 7050 6487 9518 6489 6087 4348 5281 7108 9957 2437 6594 6521 7322 3432 8634 6364 9165 252 4406 3003 5646 2301 7057 5385 7108 648 125 4164 6607 4294 7442 2531 8166 6666 8541 6126 8177 2058 8295 1635 7676 5928 7889 9066 6821 2681 6764 3387 261 8323 3667 823 3100 905 4251 1379 1846 8185 5427 2035 9815 4472 8191 244 2690 1725 8746 2998 5292 9 4610 1721 2633 6868 1288 8593 8940 6088 9440 5820 6648 6459 3337 5157 872 113 8860 7181 8360 9805 2967 9685 6240 625 7613 2509 183 6737 6051 1646 338 3528 5474 6355 5698 4676 1259 2963 3307 2940 9328 3832 3317 2175 3346 1688 1793 7573 3966 61 6144 8705 4086 4365 9970 7593 9820 3542 2376 6218 2941 8134 8213 8040 7985 7021 9060 616 943 6077 5632 3943 540 7101 9932 3932 6564 9609 3737 1298 1470 7441 1900 9639 3671 6267 8169 1818 6781 4570 5479 4511 6128 8178 8617 4894 8370 5270 886 6509 1436 299 9737 6337 897 2959 9407 65 9719 3775 9594 406 3483 7210 8484 4103 5317 519 2993 3490 2453 8757 7820 7565 8749 4210 4802 8857 1800 8368 8900 3105 6623 6403 305 6417 1196 7926 8903 5746 2895 9650 2287 5133 7114 1065 3847 3586 2569 4054 4781 5260 7377 7629 8534 4441 9102 4870 2022 1665 981 1721 3533 8759 1776 3244 7783 3589 8007 9889 9132 6706 7457 2846 6235 3899 3680 8305 4092 8223 9752 4045 657 3035 939 5973 6455 5604 428 7699 7975 2494 8815 3495 7979 2899 6079 1257 2816 9503 3369 3321 490 9378 8698 3258 7183 7073 7509 6244 8832 255 2796 6302 4756 9983 1179 1672 7380 4412 4042 377 1808 4307 9047 9229 4202 7484 8514 1809 1920 4055 5075 6183 2220 6352 6020 5307 1408 7040 2583 9315 313 1459 8115 8185 5538 7441 1700 7658 6355 920 7855 8486 3193 3289 8891 9074 163 3815 9976 1264 953 9106 2150 2629 872 5913 1604 9404 1077 5273 7921 526 21 7200 7011 4064 9674 4112 4543 1150 3597 199 1900 4127 7150 3639 5144 6287 3896 2405 8880 5585 4997 5064 9458 241 9246 851 6154 1180 320 6577 6193 953 6279 1443 4225 6999 7447 4818 2455 1327 4223 4916 9610 4785 4886 5254 9722 1207 4943 7330 1377 6721 2216 2528 7224 4905 6123 9061 1752 9413 8586 7773 1996 5046 9970 4807 2039 4312 5447 8112 4632 4289 204 2337 4851 2272 3982 6196 1168 7386 9872 1436 4032 8512 610 4680 3046 411 8216 802 6915 6593 8982 2775 1038 8746 4797 1032 3365 1208 2233 4747 7765 5778 2940 4619 1025 8187 5121 513 8930 9234 4155 2461 7593 8498 4619 1760 5403 1125 545 9400 8753 4140 413 1470 8627 8417 2246 7046 9570 8246 6438 3676 729 890 5481 4109 9299 7934 1652 5758 1592 8379 8571 3404 5969 3523 4664 7013 6333 5268 1042 6006 1801 6820 906 1157 7935 3869 3681 5396 6679 9977 8547 5167 1101 1337 4898 7739 7743 5490 5398 5146 3835 1057 4735 7853 31 7221 7342 5448 1020 5649 9272 707 8588 2718 9970 2414 1335 690 5814 1054 507 5997 9013 7783 6090 8413 7313 1505 4128 2949 8896 653 9508 6998 6351 7090 7159 6104 9400 8936 8467 2985 7344 532 9682 6502 5900 6138 3037 2651 1186 637 2217 6537 4580 1729 1577 3211 6479 101 8596 4237 8169 8882 5276 732 2119 2561 2273 5380 3507 4188 9412 1470 8643 3626 765 4485 5242 242 6417 1662 2388 7052 3706 1906 2029 7132 2044 8683 8098 150 7033 374 3674 1911 7029 3990 3620 4896 5128 8170 2974 7608 588 3116 1232 647 3122 5350 8688 9237 2340 6957 8667 2749 9266 4048 1937 6862 804 4398 4427 6571 3064 9513 4833 3607 6489 5288 4728 7609 3713 9121 1882 6206 8026 7058 5431 9217 5440 8422 4841 7232 9460 8634 5911 255 7531 6002 4126 4003 2535 5745 3379 4819 5376 5399 6326 2634 7200 3529 9947 7167 4897 4395 8907 5137 1591 1553 3130 9099 7478 6311 1151 4760 7338 9000 6108 9494 7888 2241 4868 5704 4368 4473 2119 4787 8770 9627 363 8681 695 4241 6217 7730 6473 8422 9669 5401 7212 351 6274 6822 492 3853 9847 8534 4531 8766 6501 1209 6 6945 6068 9280 7525 4351 5800 1605 3844 9690 7635 9423 6323 7081 8284 6151 6882 1421 2553 3501 4314 6943 3625 2118 8957 5915 3176 562 4370 7718 9915 8588 8132 9775 6872 283 2509 8838 6299 1847 8270 1817 498 3319 666 9817 7053 4189 4272 5329 5335 4099 4420 670 8943 7974 2577 5918 9500 1053 1655 9393 4822 4915 7307 4086 6120 5643 3649 1089 9620 2729 2528 2774 713 3421 9713 2580 567 6010 2944 6291 8145 3375 2451 6499 6661 5740 3500 4816 5012 929 8656 2375 5892 9499 1810 6029 2525 9718 4532 2440 9616 859 3599 8399 7317 3502 6753 4021 8898 5926 6727 7408 3958 7781 5730 6576 3339 2726 6942 8085 5432 2105 747 9779 7095 4591 261 4719 6088 2947 9041 1514 5093 8630 7664 1482 3565 9148 8950 9658 5788 3988 9212 2094 1710 4230 4545 3386 9571 4540 4571 3769 6661 7339 1881 5817 3170 2355 5522 3439 3498 2920 475 8221 8675 4594 9771 9000 3149 2308 6407 6756 1446 8541 664 9781 1339 3533 2963 9691 9760 1412 306 7635 1014 1669 9191 2810 8907 6372 4796 3853 2161 9673 7875 5516 553 2382 9333 8696 895 2245 9357 1127 9225 4628 318 4450 4265 6602 9135 2527 7885 9216 542 2410 4460 1183 8043 772 7127 4400 3678 9548 7576 4506 3972 8657 7724 6265 8435 2886 4905 4481 7185 415 9748 9075 1316 6573 7486 8861 6853 9925 1370 4381 7128 5808 488 8465 8666 5230 3990 3067 6804 7574 1866 6250 4322 3814 2410 9822 6720 1689 5661 4794 7361 328 1323 4777 5048 6490 9438 3404 4672 807 1772 2083 5586 7728 6737 1593 1792 1 3294 3976 552 6531 8874 7105 34 34 4276 6508 714 4738 8058 6717 2141 9003 5419 2248 7111 2296 4624 1914 4730 1825 3283 5309 8777 9457 3791 975 8214 8186 9194 9871 4023 2389 7758 8063 6296 3056 4 8430 6118 4699 856 3726 8182 8431 3672 5978 5767 2755 4009 4463 494 543 3312 2327 3283 5334 7543 7173 4196 1598 7320 5735 4765 4527 1960 5212 1164 981 9876 6642 524 4365 9280 5500 8020 694 1707 4902 8452 7456 4541 238 444 116 5618 318 7950 6606 2940 2413 2604 4419 163 9482 2212 3409 8607 9193 2343 5852 3696 4589 14 9511 7627 497 3405 9074 4310 8817 8679 5212 381 1707 976 5032 3000 1852 5219 368 1952 6475 9420 6274 8755 1225 8197 591 6952 6218 7907 7612 7621 7228 9965 2515 6587 9608 8757 7216 6336 7680 8489 6108 4437 373 9612 2259 892 4094 3509 1414 6302 4546 5299 4638 7979 5402 7458 3110 3152 5323 4936 5671 3716 6703 8038 37 680 3134 1478 2503 7643 6235 7310 9703 899 8112 596 3477 8653 6134 5375 6070 9976 3563 7256 820 3537 2606 6010 4282 5687 2803 3509 4967 1390 3972 6595 6023 102 2728 3420 2477 5409 4125 2945 7125 4434 3110 9993 6467 1609 4383 8655 9810 9717 9901 378 4667 6890 5749 1848 4638 8993 1189 3206 3673 9610 9928 2945 2418 8813 6215 9547 4369 5592 8066
4959 5260 5581 1146 5784 5881 2737 1388 8857 8934 6983 2403 7851 7865 7768 4023 881 1874 2148 6709 3357 3810 3738 384 6041 8686 9819 9138 8198 7892 7777 941 5782 8642 6064 5982 6560 9974 7673 8750 2299 5063 7870 8417 8812 7020 7089 309 5566 4640 4700 6163 6292 7123 774 4214 8923 1064 8889 1016 2928 6088 5769 4394 2536 9523 1315 8606 8382 2396 9357 4447 441 1080 9879 225 471 7665 4050 9762 2438 8301 3473 4456 2583 6987 2800 3124 9053 5732 1672 7100 8884 3672 5970 6147 159 2973 3344 7240 8875 2247 3609 2576 8587 7976 6772 6929 7231 8836 7716 2825 4219 7084 2710 2570 2988 8441 7111 304 9457 8632 5200 5965 501 3909 3881 1715 7742 2258 5690 6149 3519 7309 1026 8484 2174 4919 1655 6474 6976 7065 3083 4077 2776 5420 6664 2080 7162 3774 7978 7889 2021 5116 6092 675 5790 7636 2111 8095 8924 4736 387 3081 1163 9780 4252 35 9777 1608 2955 5186 5249 4689 6496 7575 1364 4793 6164 7020 5440 5580 7917 804 7669 397 9709 440 3443 8971 7339 3627 719 2171 6026 1740 9784 3589 9401 8422 891 5659 8563 8867 6585 2321 5563 549 5298 6124 2711 7354 9590 4488 4521 5069 1457 5981 7204 8531 1028 6663 5967 9114 5195 9410 9328 9436 5660 5924 2235 8292 6486 7301 8329 556 5279 1908 5880 1656 5391 2002 7618 6208 7236 7911 8941 2856 9557 5368 6627 315 7493 7371 3832 858 2537 634 5414 4618 9272 4618 4488 692 2725 8813 435 664 7485 7336 9663 4740 6212 1266 4485 2029 6566 1685 1170 5800 1413 5244 6735 9671 5944 5961 1576 118 9212 8441 7419 8359 8109 9187 4469 3806 7717 1071 6169 3930 4819 5335 4134 1870 3144 4152 2095 7691 9651 2516 1723 566 1471 4068 2929 3992 2762 2198 3268 5461 2573 4880 6613 7270 1993 9620 5005 7862 8224 8878 9097 6273 5674 9198 107 2049 3770 7633 1068 6258 9126 3197 5076 1058 6367 8275 7050 6487 9518 6489 6087 4348 5281 7108 9957 2437 6594 6521 7322 3432 8634 6364 9165 252 4406 3003 5646 2301 7057 5385 7108 648 125 4164 6607 4294 7442 2531 8166 6666 8541 6126 8177 2058 8295 1635 7676 5928 7889 9066 6821 2681 6764 3387 261 8323 3667 823 3100 905 4251 1379 1846 8185 5427 2035 9815 4472 8191 244 2690 1725 8746 2998 5292 9 4610 1721 2633 6868 1288 8593 8940 6088 9440 5820 6648 6459 3337 5157 872 113 8860 7181 8360 9805 2967 9685 6240 625 7613 2509 183 6737 6051 1646 338 3528 5474 6355 5698 4676 1259 2963 3307 2940 9328 3832 3317 2175 3346 1688 1793 7573 3966 61 6144 8705 4086 4365 9970 7593 9820 3542 2376 6218 2941 8134 8213 8040 7985 7021 9060 616 943 6077 5632 3943 540 7101 9932 3932 6564 9609 3737 1298 1470 7441 1900 9639 3671 6267 8169 1818 6781 4570 5479 4511 6128 8178 8617 4894 8370 5270 886 6509 1436 299 9737 6337 897 2959 9407 65 9719 3775 9594 406 3483 7210 8484 4103 5317 519 2993 3490 2453 8757 7820 7565 8749 4210 4802 8857 1800 8368 8900 3105 6623 6403 305 6417 1196 7926 8903 5746 2895 9650 2287 5133 7114 1065 3847 3586 2569 4054 4781 5260 7377 7629 8534 4441 9102 4870 2022 1665 981 1721 3533 8759 1776 3244 7783 3589 8007 9889 9132 6706 7457 2846 6235 3899 3680 8305 4092 8223 9752 4045 657 3035 939 5973 6455 5604 428 7699 7975 2494 8815 3495 7979 2899 6079 1257 2816 9503 3369 3321 490 9378 8698 3258 7183 7073 7509 6244 8832 255 2796 6302 4756 9983 1179 1672 7380 4412 4042 377 1808 4307 9047 9229 4202 7484 8514 1809 1920 4055 5075 6183 2220 6352 6020 5307 1408 7040 2583 9315 313 1459 8115 8185 5538 7441 1700 7658 6355 920 7855 8486 3193 3289 8891 9074 163 3815 9976 1264 953 9106 2150 2629 872 5913 1604 9404 1077 5273 7921 526 21 7200 7011 4064 9674 4112 4543 1150 3597 199 1900 4127 7150 3639 5144 6287 3896 2405 8880 5585 4997 5064 9458 241 9246 851 6154 1180 320 6577 6193 953 6279 1443 4225 6999 7447 4818 2455 1327 4223 4916 9610 4785 4886 5254 9722 1207 4943 7330 1377 6721 2216 2528 7224 4905 6123 9061 1752 9413 8586 7773 1996 5046 9970 4807 2039 4312 5447 8112 4632 4289 204 2337 4851 2272 3982 6196 1168 7386 9872 1436 4032 8512 610 4680 3046 411 8216 802 6915 6593 8982 2775 1038 8746 4797 1032 3365 1208 2233 4747 7765 5778 2940 4619 1025 8187 5121 513 8930 9234 4155 2461 7593 8498 4619 1760 5403 1125 545 9400 8753 4140 413 1470 8627 8417 2246 7046 9570 8246 6438 3676 729 890 5481 4109 9299 7934 1652 5758 1592 8379 8571 3404 5969 3523 4664 7013 6333 5268 1042 6006 1801 6820 906 1157 7935 3869 3681 5396 6679 9977 8547 5167 1101 1337 4898 7739 7743 5490 5398 5146 3835 1057 4735 7853 31 7221 7342 5448 1020 5649 9272 707 8588 2718 9970 2414 1335 690 5814 1054 507 5997 9013 7783 6090 8413 7313 1505 4128 2949 8896 653 9508 6998 6351 7090 7159 6104 9400 8936 8467 2985 7344 532 9682 6502 5900 6138 3037 2651 1186 637 2217 6537 4580 1729 1577 3211 6479 101 8596 4237 8169 8882 5276 732 2119 2561 2273 5380 3507 4188 9412 1470 8643 3626 765 4485 5242 242 6417 1662 2388 7052 3706 1906 2029 7132 2044 8683 8098 150 7033 374 3674 1911 7029 3990 3620 4896 5128 8170 2974 7608 588 3116 1232 647 3122 5350 8688 9237 2340 6957 8667 2749 9266 4048 1937 6862 804 4398 4427 6571 3064 9513 4833 3607 6489 5288 4728 7609 3713 9121 1882 6206 8026 7058 5431 9217 5440 8422 4841 7232 9460 8634 5911 255 7531 6002 4126 4003 2535 5745 3379 4819 5376 5399 6326 2634 7200 3529 9947 7167 4897 4395 8907 5137 1591 1553 3130 9099 7478 6311 1151 4760 7338 9000 6108 9494 7888 2241 4868 5704 4368 4473 2119 4787 8770 9627 363 8681 695 4241 6217 7730 6473 8422 9669 5401 7212 351 6274 6822 492 3853 9847 8534 4531 8766 6501 1209 6 6945 6068 9280 7525 4351 5800 1605 3844 9690 7635 9423 6323 7081 8284 6151 6882 1421 2553 3501 4314 6943 3625 2118 8957 5915 3176 562 4370 7718 9915 8588 8132 9775 6872 283 2509 8838 6299 1847 8270 1817 498 3319 666 9817 7053 4189 4272 5329 5335 4099 4420 670 8943 7974 2577 5918 9500 1053 1655 9393 4822 4915 7307 4086 6120 5643 3649 1089 9620 2729 2528 2774 713 3421 9713 2580 567 6010 2944 6291 8145 3375 2451 6499 6661 5740 3500 4816 5012 929 8656 2375 5892 9499 1810 6029 2525 9718 4532 2440 9616 859 3599 8399 7317 3502 6753 4021 8898 5926 6727 7408 3958 7781 5730 6576 3339 2726 6942 8085 5432 2105 747 9779 7095 4591 261 4719 6088 2947 9041 1514 5093 8630 7664 1482 3565 9148 8950 9658 5788 3988 9212 2094 1710 4230 4545 3386 9571 4540 4571 3769 6661 7339 1881 5817 3170 2355 5522 3439 3498 2920 475 8221 8675 4594 9771 9000 3149 2308 6407 6756 1446 8541 664 9781 1339 3533 2963 9691 9760 1412 306 7635 1014 1669 9191 2810 8907 6372 4796 3853 2161 9673 7875 5516 553 2382 9333 8696 895 2245 9357 1127 9225 4628 318 4450 4265 6602 9135 2527 7885 9216 542 2410 4460 1183 8043 772 7127 4400 3678 9548 7576 4506 3972 8657 7724 6265 8435 2886 4905 4481 7185 415 9748 9075 1316 6573 7486 8861 6853 9925 1370 4381 7128 5808 488 8465 8666 5230 3990 3067 6804 7574 1866 6250 4322 3814 2410 9822 6720 1689 5661 4794 7361 328 1323 4777 5048 6490 9438 3404 4672 807 1772 2083 5586 7728 6737 1593 1792 1 3294 3976 552 6531 8874 7105 34 34 4276 6508 714 4738 8058 6717 2141 9003 5419 2248 7111 2296 4624 1914 4730 1825 3283 5309 8777 9457 3791 975 8214 8186 9194 9871 4023 2389 7758 8063 6296 3056 4 8430 6118 4699 856 3726 8182 8431 3672 5978 5767 2755 4009 4463 494 543 3312 2327 3283 5334 7543 7173 4196 1598 7320 5735 4765 4527 1960 5212 1164 981 9876 6642 524 4365 9280 5500 8020 694 1707 4902 8452 7456 4541 238 444 116 5618 318 7950 6606 2940 2413 2604 4419 163 9482 2212 3409 8607 9193 2343 5852 3696 4589 14 9511 7627 497 3405 9074 4310 8817 8679 5212 381 1707 976 5032 3000 1852 5219 368 1952 6475 9420 6274 8755 1225 8197 591 6952 6218 7907 7612 7621 7228 9965 2515 6587 9608 8757 7216 6336 7680 8489 6108 4437 373 9612 2259 892 4094 3509 1414 6302 4546 5299 4638 7979 5402 7458 3110 3152 5323 4936 5671 3716 6703 8038 37 680 3134 1478 2503 7643 6235 7310 9703 899 8112 596 3477 8653 6134 5375 6070 9976 3563 7256 820 3537 2606 6010 4282 5687 2803 3509 4967 1390 3972 6595 6023 102 2728 3420 2477 5409 4125 2945 7125 4434 3110 9993 6467 1609 4383 8655 9810 9717 9901 378 4667 6890 5749 1848 4638 8993 1189 3206 3673 9610 9928 2945 2418 8813 6215 9547 4369 5592 8066
4959 5260 5581 1146 5784 5881 2737 1388 8857 8934 6983 2403 7851 7865 7768 4023 881 1874 2148 6709 3357 3810 3738 384 6041 8686 9819 9138 8198 7892 7777 941 5782 8642 6064 5982 6560 9974 7673 8750 2299 5063 7870 8417 8812 7020 7089 309 5566 4640 4700 6163 6292 7123 774 4214 8923 1064 8889 1016 2928 6088 5769 4394 2536 9523 1315 8606 8382 2396 9357 4447 441 1080 9879 225 471 7665 4050 9762 2438 8301 3473 4456 2583 6987 2800 3124 9053 5732 1672 7100 8884 3672 5970 6147 159 2973 3344 7240 8875 2247 3609 2576 8587 7976 6772 6929 7231 8836 7716 2825 4219 7084 2710 2570 2988 8441 7111 304 9457 8632 5200 5965 501 3909 3881 1715 7742 2258 5690 6149 3519 7309 1026 8484 2174 4919 1655 6474 6976 7065 3083 4077 2776 5420 6664 2080 7162 3774 7978 7889 2021 5116 6092 675 5790 7636 2111 8095 8924 4736 387 3081 1163 9780 4252 35 9777 1608 2955 5186 5249 4689 6496 7575 1364 4793 6164 7020 5440 5580 7917 804 7669 397 9709 440 3443 8971 7339 3627 719 2171 6026 1740 9784 3589 9401 8422 891 5659 8563 8867 6585 2321 5563 549 5298 6124 2711 7354 9590 4488 4521 5069 1457 5981 7204 8531 1028 6663 5967 9114 5195 9410 9328 9436 5660 5924 2235 8292 6486 7301 8329 556 5279 1908 5880 1656 5391 2002 7618 6208 7236 7911 8941 2856 9557 5368 6627 315 7493 7371 3832 858 2537 634 5414 4618 9272 4618 4488 692 2725 8813 435 664 7485 7336 9663 4740 6212 1266 4485 2029 6566 1685 1170 5800 1413 5244 6735 9671 5944 5961 1576 118 9212 8441 7419 8359 8109 9187 4469 3806 7717 1071 6169 3930 4819 5335 4134 1870 3144 4152 2095 7691 9651 2516 1723 566 1471 4068 2929 3992 2762 2198 3268 5461 2573 4880 6613 7270 1993 9620 5005 7862 8224 8878 9097 6273 5674 9198 107 2049 3770 7633 1068 6258 9126 3197 5076 1058 6367 8275 7050 6487 9518 6489 6087 4348 5281 7108 9957 2437 6594 6521 7322 3432 8634 6364 9165 252 4406 3003 5646 2301 7057 5385 7108 648 125 4164 6607 4294 7442 2531 8166 6666 8541 6126 8177 2058 8295 1635 7676 5928 7889 9066 6821 2681 6764 3387 261 8323 3667 823 3100 905 4251 1379 1846 8185 5427 2035 9815 4472 8191 244 2690 1725 8746 2998 5292 9 4610 1721 2633 6868 1288 8593 8940 6088 9440 5820 6648 6459 3337 5157 872 113 8860 7181 8360 9805 2967 9685 6240 625 7613 2509 183 6737 6051 1646 338 3528 5474 6355 5698 4676 1259 2963 3307 2940 9328 3832 3317 2175 3346 1688 1793 7573 3966 61 6144 8705 4086 4365 9970 7593 9820 3542 2376 6218 2941 8134 8213 8040 7985 7021 9060 616 943 6077 5632 3943 540 7101 9932 3932 6564 9609 3737 1298 1470 7441 1900 9639 3671 6267 8169 1818 6781 4570 5479 4511 6128 8178 8617 4894 8370 5270 886 6509 1436 299 9737 6337 897 2959 9407 65 9719 3775 9594 406 3483 7210 8484 4103 5317 519 2993 3490 2453 8757 7820 7565 8749 4210 4802 8857 1800 8368 8900 3105 6623 6403 305 6417 1196 7926 8903 5746 2895 9650 2287 5133 7114 1065 3847 3586 2569 4054 4781 5260 7377 7629 8534 4441 9102 4870 2022 1665 981 1721 3533 8759 1776 3244 7783 3589 8007 9889 9132 6706 7457 2846 6235 3899 3680 8305 4092 8223 9752 4045 657 3035 939 5973 6455 5604 428 7699 7975 2494 8815 3495 7979 2899 6079 1257 2816 9503 3369 3321 490 9378 8698 3258 7183 7073 7509 6244 8832 255 2796 6302 4756 9983 1179 1672 7380 4412 4042 377 1808 4307 9047 9229 4202 7484 8514 1809 1920 4055 5075 6183 2220 6352 6020 5307 1408 7040 2583 9315 313 1459 8115 8185 5538 7441 1700 7658 6355 920 7855 8486 3193 3289 8891 9074 163 3815 9976 1264 953 9106 2150 2629 872 5913 1604 9404 1077 5273 7921 526 21 7200 7011 4064 9674 4112 4543 1150 3597 199 1900 4127 7150 3639 5144 6287 3896 2405 8880 5585 4997 5064 9458 241 9246 851 6154 1180 320 6577 6193 953 6279 1443 4225 6999 7447 4818 2455 1327 4223 4916 9610 4785 4886 5254 9722 1207 4943 7330 1377 6721 2216 2528 7224 4905 6123 9061 1752 9413 8586 7773 1996 5046 9970 4807 2039 4312 5447 8112 4632 4289 204 2337 4851 2272 3982 6196 1168 7386 9872 1436 4032 8512 610 4680 3046 411 8216 802 6915 6593 8982 2775 1038 8746 4797 1032 3365 1208 2233 4747 7765 5778 2940 4619 1025 8187 5121 513 8930 9234 4155 2461 7593 8498 4619 1760 5403 1125 545 9400 8753 4140 413 1470 8627 8417 2246 7046 9570 8246 6438 3676 729 890 5481 4109 9299 7934 1652 5758 1592 8379 8571 3404 5969 3523 4664 7013 6333 5268 1042 6006 1801 6820 906 1157 7935 3869 3681 5396 6679 9977 8547 5167 1101 1337 4898 7739 7743 5490 5398 5146 3835 1057 4735 7853 31 7221 7342 5448 1020 5649 9272 707 8588 2718 9970 2414 1335 690 5814 1054 507 5997 9013 7783 6090 8413 7313 1505 4128 2949 8896 653 9508 6998 6351 7090 7159 6104 9400 8936 8467 2985 7344 532 9682 6502 5900 6138 3037 2651 1186 637 2217 6537 4580 1729 1577 3211 6479 101 8596 4237 8169 8882 5276 732 2119 2561 2273 5380 3507 4188 9412 1470 8643 3626 765 4485 5242 242 6417 1662 2388 7052 3706 1906 2029 7132 2044 8683 8098 150 7033 374 3674 1911 7029 3990 3620 4896 5128 8170 2974 7608 588 3116 1232 647 3122 5350 8688 9237 2340 6957 8667 2749 9266 4048 1937 6862 804 4398 4427 6571 3064 9513 4833 3607 6489 5288 4728 7609 3713 9121 1882 6206 8026 7058 5431 9217 5440 8422 4841 7232 9460 8634 5911 255 7531 6002 4126 4003 2535 5745 3379 4819 5376 5399 6326 2634 7200 3529 9947 7167 4897 4395 8907 5137 1591 1553 3130 9099 7478 6311 1151 4760 7338 9000 6108 9494 7888 2241 4868 5704 4368 4473 2119 4787 8770 9627 363 8681 695 4241 6217 7730 6473 8422 9669 5401 7212 351 6274 6822 492 3853 9847 8534 4531 8766 6501 1209 6 6945 6068 9280 7525 4351 5800 1605 3844 9690 7635 9423 6323 7081 8284 6151 6882 1421 2553 3501 4314 6943 3625 2118 8957 5915 3176 562 4370 7718 9915 8588 8132 9775 6872 283 2509 8838 6299 1847 8270 1817 498 3319 666 9817 7053 4189 4272 5329 5335 4099 4420 670 8943 7974 2577 5918 9500 1053 1655 9393 4822 4915 7307 4086 6120 5643 3649 1089 9620 2729 2528 2774 713 3421 9713 2580 567 6010 2944 6291 8145 3375 2451 6499 6661 5740 3500 4816 5012 929 8656 2375 5892 9499 1810 6029 2525 9718 4532 2440 9616 859 3599 8399 7317 3502 6753 4021 8898 5926 6727 7408 3958 7781 5730 6576 3339 2726 6942 8085 5432 2105 747 9779 7095 4591 261 4719 6088 2947 9041 1514 5093 8630 7664 1482 3565 9148 8950 9658 5788 3988 9212 2094 1710 4230 4545 3386 9571 4540 4571 3769 6661 7339 1881 5817 3170 2355 5522 3439 3498 2920 475 8221 8675 4594 9771 9000 3149 2308 6407 6756 1446 8541 664 9781 1339 3533 2963 9691 9760 1412 306 7635 1014 1669 9191 2810 8907 6372 4796 3853 2161 9673 7875 5516 553 2382 9333 8696 895 2245 9357 1127 9225 4628 318 4450 4265 6602 9135 2527 7885 9216 542 2410 4460 1183 8043 772 7127 4400 3678 9548 7576 4506 3972 8657 7724 6265 8435 2886 4905 4481 7185 415 9748 9075 1316 6573 7486 8861 6853 9925 1370 4381 7128 5808 488 8465 8666 5230 3990 3067 6804 7574 1866 6250 4322 3814 2410 9822 6720 1689 5661 4794 7361 328 1323 4777 5048 6490 9438 3404 4672 807 1772 2083 5586 7728 6737 1593 1792 1 3294 3976 552 6531 8874 7105 34 34 4276 6508 714 4738 8058 6717 2141 9003 5419 2248 7111 2296 4624 1914 4730 1825 3283 5309 8777 9457 3791 975 8214 8186 9194 9871 4023 2389 7758 8063 6296 3056 4 8430 6118 4699 856 3726 8182 8431 3672 5978 5767 2755 4009 4463 494 543 3312 2327 3283 5334 7543 7173 4196 1598 7320 5735 4765 4527 1960 5212 1164 981 9876 6642 524 4365 9280 5500 8020 694 1707 4902 8452 7456 4541 238 444 116 5618 318 7950 6606 2940 2413 2604 4419 163 9482 2212 3409 8607 9193 2343 5852 3696 4589 14 9511 7627 497 3405 9074 4310 8817 8679 5212 381 1707 976 5032 3000 1852 5219 368 1952 6475 9420 6274 8755 1225 8197 591 6952 6218 7907 7612 7621 7228 9965 2515 6587 9608 8757 7216 6336 7680 8489 6108 4437 373 9612 2259 892 4094 3509 1414 6302 4546 5299 4638 7979 5402 7458 3110 3152 5323 4936 5671 3716 6703 8038 37 680 3134 1478 2503 7643 6235 7310 9703 899 8112 596 3477 8653 6134 5375 6070 9976 3563 7256 820 3537 2606 6010 4282 5687 2803 3509 4967 1390 3972 6595 6023 102 2728 3420 2477 5409 4125 2945 7125 4434 3110 9993 6467 1609 4383 8655 9810 9717 9901 378 4667 6890 5749 1848 4638 8993 1189 3206 3673 9610 9928 2945 2418 8813 6215 9547 4369 5592 8066
