NOT_FOUND
NOT_FOUND
2029
4562
4361
2225
5207
2028
NOT_FOUND
2030
7918
897
5837
6389
8618
2029
3638
7897
2027
2030
2030
NOT_FOUND
5663
1221
3844
4632
7405
NOT_FOUND
2883
2029
2029
2416
NOT_FOUND
8802
2031
NOT_FOUND
2034
NOT_FOUND
4384
5593
6237
NOT_FOUND
7887
985
2036
8654
2036
NOT_FOUND
5593
543
7568
NOT_FOUND
NOT_FOUND
8915
8537
2037
NOT_FOUND
NOT_FOUND
4618
7376
2035
2036
2283
NOT_FOUND
481
7355
NOT_FOUND
2035
NOT_FOUND
2036
2036
6027
2035
4431
NOT_FOUND
178
8327
6412
9588
2034
9069
NOT_FOUND
1313
9612
5030
1986
NOT_FOUND
NOT_FOUND
5841
2031
2031
2644
9495
7151
7999
NOT_FOUND
50
NOT_FOUND
5686
NOT_FOUND
2032
5465
1236
NOT_FOUND
9159
6035
1238
NOT_FOUND
NOT_FOUND
218
NOT_FOUND
NOT_FOUND
4986
6357
NOT_FOUND
7199
7842
1298
NOT_FOUND
2032
3569
2780
15
NOT_FOUND
NOT_FOUND
2033
1435
NOT_FOUND
113
2032
8460
2258
3588
2032
2032
1338
730
8129
2035
3379
6892
NOT_FOUND
2035
2036
6065
1298
6025
6548
2036
1210
2401
2036
8638
7718
9237
2036
2036
2036
6895
5437
458
3404
NOT_FOUND
5950
9531
NOT_FOUND
1810
3305
2032
2507
4612
2031
4744
1
2033
2681
NOT_FOUND
NOT_FOUND
3173
4961
NOT_FOUND
6518
7517
2030
NOT_FOUND
2031
2032
NOT_FOUND
3888
2031
965
5905
5914
2030
2030
5791
1285
NOT_FOUND
3482
2029
1871
5233
3285
7007
2026
2026
1041
1312
139
NOT_FOUND
2024
1965
2023
3831
NOT_FOUND
3025
3899
2199
NOT_FOUND
8934
2875
6888
NOT_FOUND
2020
2020
2021
5505
5248
5737
2019
2019
6187
2024
NOT_FOUND
NOT_FOUND
2021
NOT_FOUND
1987
NOT_FOUND
5916
9771
2024
8660
3145
2024
37
NOT_FOUND
2024
2748
NOT_FOUND
1399
7675
8299
3189
6717
1252
NOT_FOUND
9106
2210
2027
2027
4333
2028
NOT_FOUND
2028
4826
2028
9273
2027
3896
2026
2027
2027
NOT_FOUND
5540
NOT_FOUND
1046
2885
7410
8751
2027
2027
6655
2504
556
2027
NOT_FOUND
NOT_FOUND
4609
2803
9123
NOT_FOUND
2031
2031
NOT_FOUND
2033
868
4721
1220
9205
NOT_FOUND
NOT_FOUND
NOT_FOUND
2033
2669
NOT_FOUND
1609
1027
2033
8942
9726
4651
1080
2032
NOT_FOUND
2032
4971
2031
7499
6446
2030
NOT_FOUND
3251
9990
2028
7659
6442
NOT_FOUND
3428
2026
2027
4442
6093
NOT_FOUND
2029
2029
9842
NOT_FOUND
8161
2032
2033
4109
1470
5806
3705
2030
9231
8882
2029
20
2259
4206
2713
583
2459
9322
5336
31
4616
NOT_FOUND
2029
9276
2028
4214
1764
2031
1260
4246
NOT_FOUND
2032
564
3159
2040
6058
6677
NOT_FOUND
NOT_FOUND
8480
2042
NOT_FOUND
1386
5809
207
NOT_FOUND
2044
NOT_FOUND
2044
285
2044
NOT_FOUND
7887
5248
2044
4330
7181
NOT_FOUND
7561
9950
2042
NOT_FOUND
1740
6399
1784
NOT_FOUND
2040
7783
906
6848
855
2042
7063
9338
8606
NOT_FOUND
2042
5062
1868
7931
2044
2044
2045
2425
1391
2044
NOT_FOUND
2045
NOT_FOUND
2045
NOT_FOUND
2045
2382
7942
2045
2637
2032
NOT_FOUND
NOT_FOUND
7354
2044
2044
2044
NOT_FOUND
NOT_FOUND
3977
6896
4185
2042
2044
733
2045
2275
2046
NOT_FOUND
2046
NOT_FOUND
6084
2045
4326
2044
NOT_FOUND
6312
NOT_FOUND
5019
NOT_FOUND
5527
2044
NOT_FOUND
2045
153
NOT_FOUND
2046
NOT_FOUND
9421
2045
3346
2047
2047
5519
591
2046
2261
611
2263
2045
7288
2047
7681
NOT_FOUND
911
5785
NOT_FOUND
7304
4685
NOT_FOUND
2045
98
2049
NOT_FOUND
2051
NOT_FOUND
4006
159
2214
4301
1745
161
3903
9475
1544
6371
8331
6946
9814
2046
NOT_FOUND
NOT_FOUND
6861
1494
2046
4391
9036
8762
NOT_FOUND
NOT_FOUND
7897
6973
NOT_FOUND
2043
2045
8159
2044
2016
9965
NOT_FOUND
2764
2044
704
6738
2043
2043
2043
NOT_FOUND
6537
2042
NOT_FOUND
5360
2042
974
3134
NOT_FOUND
2041
4660
2042
2042
5746
NOT_FOUND
3471
5085
NOT_FOUND
9299
8165
2220
2038
2042
6722
1594
1730
2040
7864
NOT_FOUND
2042
2878
3458
2040
2040
NOT_FOUND
1883
NOT_FOUND
5585
495
2875
6733
4254
2045
7
8012
2050
6045
6168
3478
2047
1604
5718
2638
NOT_FOUND
1360
2047
6468
2046
NOT_FOUND
2046
7298
6691
1362
8779
2046
4682
NOT_FOUND
2046
1663
9956
2049
148
6263
2575
5433
6171
2046
2049
7424
1668
4040
815
NOT_FOUND
8170
NOT_FOUND
5965
2046
2950
7600
7161
2044
7175
4
2046
1506
5288
4459
NOT_FOUND
1657
1407
1515
2035
NOT_FOUND
1291
9823
NOT_FOUND
2047
6875
8825
3448
2047
9551
2050
4375
2049
470
7244
5023
8621
4965
NOT_FOUND
NOT_FOUND
NOT_FOUND
4347
9088
2047
1901
2046
117
3621
9526
4123
2045
178
2046
8363
2136
2045
9285
2044
2044
NOT_FOUND
3201
NOT_FOUND
NOT_FOUND
7445
2043
899
NOT_FOUND
2044
8453
7457
5229
NOT_FOUND
881
NOT_FOUND
1753
2046
581
2047
4001
8029
2049
1664
3289
6983
4356
2046
9756
1121
6448
8879
NOT_FOUND
4316
3127
2047
NOT_FOUND
2047
2047
NOT_FOUND
2047
8413
2047
6591
1973
8549
2044
3023
3545
NOT_FOUND
2042
NOT_FOUND
4464
3927
4332
9048
NOT_FOUND
7193
NOT_FOUND
739
6904
NOT_FOUND
2039
7031
NOT_FOUND
2038
8183
457
6647
5203
NOT_FOUND
NOT_FOUND
7091
NOT_FOUND
NOT_FOUND
2036
2039
2039
3076
6210
3956
4714
8529
2042
306
6249
NOT_FOUND
2042
2042
2088
9415
2041
2041
2043
8204
NOT_FOUND
NOT_FOUND
NOT_FOUND
NOT_FOUND
2044
2044
8232
2045
NOT_FOUND
2045
2046
2046
NOT_FOUND
9996
2046
6780
8995
1412
9371
3038
1044
NOT_FOUND
5667
7471
918
2043
NOT_FOUND
2539
2043
2044
3586
3627
2042
1988
4234
3394
939
2038
9973
2037
2037
4599
NOT_FOUND
5919
2039
2698
2039
556
NOT_FOUND
9673
NOT_FOUND
2039
2039
5394
5489
1509
2039
617
NOT_FOUND
2040
NOT_FOUND
NOT_FOUND
2040
NOT_FOUND
4589
5880
8627
7017
9642
NOT_FOUND
6534
2038
NOT_FOUND
2039
3702
5332
4011
1792
2036
4696
283
2035
4145
3176
5310
NOT_FOUND
2034
2034
2035
4777
7734
6771
NOT_FOUND
NOT_FOUND
NOT_FOUND
2036
9143
NOT_FOUND
2036
7950
7394
NOT_FOUND
NOT_FOUND
7889
823
2034
1547
5955
2345
7519
8278
5609
NOT_FOUND
6072
7259
NOT_FOUND
4010
235
8474
9678
6403
7876
681
9886
1686
2207
NOT_FOUND
NOT_FOUND
NOT_FOUND
2022
7695
1635
2022
2767
5217
2022
2022
9418
7419
NOT_FOUND
2022
8880
1259
NOT_FOUND
NOT_FOUND
NOT_FOUND
NOT_FOUND
6402
5883
194
2022
676
2023
3005
5349
8418
3457
2020
6560
303
NOT_FOUND
9302
2024
450
NOT_FOUND
4896
8503
4842
6681
NOT_FOUND
9692
NOT_FOUND
NOT_FOUND
4001
2489
5736
2019
2365
2019
NOT_FOUND
7341
2019
NOT_FOUND
NOT_FOUND
3307
3229
NOT_FOUND
2156
2019
2020
2523
5682
NOT_FOUND
NOT_FOUND
NOT_FOUND
6068
2020
859
NOT_FOUND
2021
5019
NOT_FOUND
NOT_FOUND
8067
2019
3708
NOT_FOUND
478
8253
2018
7250
8086
NOT_FOUND
2369
5545
NOT_FOUND
1440
NOT_FOUND
6697
NOT_FOUND
NOT_FOUND
NOT_FOUND
9048
NOT_FOUND
3992
3608
NOT_FOUND
3415
968
6830
5402
6466
8610
3938
NOT_FOUND
1313
934
2015
7964
2018
2018
2021
NOT_FOUND
1223
3027
298
1915
5878
6775
NOT_FOUND
7123
2017
4957
6707
2341
301
2015
NOT_FOUND
NOT_FOUND
NOT_FOUND
8333
2015
8724
1842
58
3039
6369
1059
4455
8815
9612
2007
1392
5838
2806
2005
2007
5195
8697
5234
NOT_FOUND
NOT_FOUND
3990
2010
2010
1554
2010
NOT_FOUND
2010
1241
2010
6778
8831
NOT_FOUND
6852
5710
9621
2005
NOT_FOUND
9008
2005
3582
2005
NOT_FOUND
NOT_FOUND
2179
750
NOT_FOUND
NOT_FOUND
NOT_FOUND
NOT_FOUND
NOT_FOUND
8332
5011
6913
7541
9002
NOT_FOUND
NOT_FOUND
2007
2007
2008
2540
8151
5869
NOT_FOUND
2008
5769
4932
NOT_FOUND
NOT_FOUND
1218
1916
1010
1775
NOT_FOUND
6089
9226
NOT_FOUND
NOT_FOUND
NOT_FOUND
7210
9727
NOT_FOUND
2004
5977
2005
633
4541
79
3245
1813
NOT_FOUND
3048
2003
4083
2003
2003
NOT_FOUND
7716
5174
8097
5569
5432
2512
3938
7907
NOT_FOUND
NOT_FOUND
1610
89
4488
7986
6482
2000
336
3320
5547
NOT_FOUND
NOT_FOUND
4511
5779
7723
5099
9381
2006
2008
191
7261
950
NOT_FOUND
2008
2008
NOT_FOUND
6899
2819
7512
1530
5671
NOT_FOUND
2011
NOT_FOUND
1304
3219
NOT_FOUND
2012
6161
NOT_FOUND
2013
2013
7460
1803
1162
1948
2013
817
8278
6853
1604
NOT_FOUND
2017
NOT_FOUND
3572
NOT_FOUND
NOT_FOUND
8782
7115
3470
2022
819
2023
NOT_FOUND
1560
1752
747
280
5840
3461
2021
4232
2379
2023
NOT_FOUND
NOT_FOUND
640
397
596
9600
2992
2021
1587
6586
4935
7480
2018
1128
2018
NOT_FOUND
4059
672
2099
NOT_FOUND
8881
2017
9018
6525
NOT_FOUND
6348
764
2018
2019
2020
NOT_FOUND
NOT_FOUND
NOT_FOUND
NOT_FOUND
7185
2023
2024
9436
40
2023
2023
3675
5336
4903
3261
NOT_FOUND
2084
9894
7863
4288
443
806
2020
1162
2021
340
5423
52
5439
3738
7883
3850
NOT_FOUND
5038
9033
1030
3859
2022
2509
1647
1922
2022
2023
NOT_FOUND
9223
2022
2024
2107
8832
2158
1593
8724
NOT_FOUND
2022
2680
86
NOT_FOUND
7383
5916
2022
707
NOT_FOUND
2022
9431
7629
2671
NOT_FOUND
2020
8216
8146
8408
5446
2017
NOT_FOUND
8547
2023
132
7776
NOT_FOUND
NOT_FOUND
NOT_FOUND
306
9424
2026
7931
NOT_FOUND
2471
2024
2024
4473
7811 9742 3000 9096 3539 56 2043 7505 1309 6395 8249 5034 8158 3558 5556 2991 3160 1820 4766 3565 2596 5581 6889 2555 8754 2879 3900 2862 9772 1761 5943 3422 1858 6262 9350 5728 9655 5989 4684 5990 1499 1192 6881 7012 2630 9813 8953 8012 6984 6446 2590 1725 6182 3619 2666 1080 3837 7025 1683 3259 5814 3970 5783 3946 6567 9163 2298 4635 842 6862 7607 9605 132 2579 7892 998 7366 5313 3626 1112 6047 8064 624 6382 4888 2493 8051 169 8428 6290 9528 7131 9125 8185 8489 9050 1760 9628 346 8091 4450 3110 3440 3122 7828 2157 1733 4649 9880 8124 8590 2209 3759 7760 2594 4395 4667 7092 8055 981 7689 5988 7515 1316 4641 4481 8798 3750 835 5867 2453 398 1801 7119 3630 7439 5297 3667 8041 1368 6468 8479 5636 6678 6742 7891 1499 1074 2224 8674 3459 6436 2018 1650 2855 184 9010 2485 9311 9590 915 9258 4438 347 6490 6682 541 2632 8677 6082 4421 8579 5825 3193 3986 5068 1494 9547 484 2618 6526 3663 3080 4117 6062 6970 249 147 7737 9358 9737 4588 3447 3725 683 7559 5506 6446 2146 6699 3701 7949 3008 8323 8954 9758 5113 5303 2789 1068 1388 2562 8301 252 2177 2328 3157 321 778 5010 6787 3014 7561 4494 6477 2695 6352 3207 6628 6920 7209 4854 9967 4837 6110 2771 4216 5092 6900 1502 1965 9492 3775 5967 5661 5314 3215 5484 8947 9863 8634 1538 2005 9423 6919 9858 2744 139 8519 1822 5995 4772 2186 4647 1621 3920 3118 5667 1751 8547 9739 5149 8765 4229 8001 124 3755 8183 6294 324 3667 3441 7463 2927 8196 7662 399 974 7466 1549 2691 729 3600 2163 9471 7980 3880 5787 2488 3656 7693 968 961 7869 3365 5669 7573 1555 5099 9558 9387 8551 8473 7272 1599 3938 8879 6347 6601 5615 9278 7656 527 5229 1995 7807 5860 2210 3437 2712 8907 7647 6791 2414 6847 8193 5986 8239 9885 1752 6574 2791 4043 307 1492 8710 2385 2559 5224 1832 6695 7212 4561 7307 5911 4426 5851 1142 3598 8922 3751 8435 373 3888 9167 3380 2573 4242 8114 9578 1678 3304 7477 4290 3381 735 462 5608 5408 4420 7930 1863 1833 787 8561 7813 1174 5885 821 9071 4549 643 7573 9997 8344 4040 8710 9426 4377 6219 3720 6076 7259 3172 4995 2368 6169 2522 6880 3489 6694 4475 2764 8040 4688 8371 7391 4709 6406 9362 5931 5048 4563 6232 1859 122 3706 7908 1204 4754 2998 7080 9894 7529 8786 6864 4570 236 9634 478 234 6594 729 6695 440 9121 5143 330 3017 5016 2513 823 2352 6672 2248 1188 1871 5628 8039 5571 7552 1051 7796 6240 6670 8159 7790 608 7216 664 5518 104 7620 8238 329 2023 7393 731 7393 4939 5001 9807 1762 3433 5174 6754 5438 2258 8368 6138 8399 6862 6540 363 3295 1647 1514 3703 1776 665 7394 7864 3552 8446 8759 4780 9897 1571 5677 2847 8114 9726 6 7891 5443 9260 8228 5639 9378 5024 907 5054 7702 6107 336 7353 6058 8173 6472 7089 648 2901 1689 3946 6642 4369 972 4171 2800 5584 8381 4668 2476 1077 5309 1988 6950 2828 7451 4799 6898 5527 6960 180 2597 9487 5244 1071 6441 1438 8716 5970 8781 4781 6596 772 6839 6178 3850 5213 2992 5924 5981 5350 8861 6323 254 474 3981 2905 9676 5059 4724 5752 5614 9937 5027 9654 2689 9529 1931 1091 8309 8806 4352 1333 9993 8767 2456 1559 7964 4413 6352 8089 3874 8719 6029 7301 7447 8762 7911 6191 1981 9786 5320 1713 7464 3623 3591 6389 6292 1712 991 2589 8837 7416 6610 5289 8170 9089 9958 2675 8548 5202 9643 8765 1411 4668 2814 4678 6714 6218 2850 7973 6528 5668 8650 3524 8386 3745 6606 550 4211 1071 5707 8652 696 8978 8433 1876 9763 3824 8630 9956 1163 7365 2511 1365 6890 5573 3152 7452 2750 166 410 189 2646 1902 9826 7381 2434 1818 6508 5501 2809 6032 4268 6516 8878 548 2722 4140 1344 455 5909 4039 5986 4306 6341 1973 8239 5571 3323 8405 6270 9450 6139 3026 8582 3177 5424 1852 4540 6575 945 9456 7954 8885 3548 970 9482 8412 7007 3444 6189 5531 3978 5419 5965 4763 8176 8059 833 7366 9135 8702 7113 4609 2302 5113 133 6696 869 4631 7508 7162 2738 4817 5682 3296 4268 8012 3371 1425 9157 9464 3966 7581 9856 8725 3432 7547 5394 9411 550 496 9665 2055 3788 2271 9471 675 9763 4285 5556 6382 2085 8232 1585 3308 3994 2111 1503 4723 4324 3100 3458 3264 3805 8136 2948 3496 5498 3661 2447 1684 7567 186 7417 2426 3490 141 287 802 9714 7241 7585 6823 2782 42 8751 737 6918 9657 1536 950 8240 9602 101 1266 1092 6935 4580 2304 9530 8674 1781 8122 3507 8892 7907 4113 7876 9780 9179 7003 5473 7953 295 1737 8090 1203 4128 2154 5791 3216 2637 1854 6168 9183 3175 2531 3057 4717 7893 1343 6735 3105 8942 243 7590 3041 5446 6016 8393 9607 2914 7651 8145 4980 9634 5048 9720 422 8249 7403 4674 7684 87 7454 8758 4876 253 8657 1495 8022 2794 9593 4022 7005 4781 1371 5744 9359 2950 5657 4672 6250 3143 5561 1119 3695 8724 3748 7296 2463 2940 8530 6017 5471 2160 4362 8788 4526 1881 5628 3462 7949 9511 2001 3441 4998 626 4640 2383 4779 4015 6700 1513 6251 1603 7149 2014 9121 6918 9610 7492 3020 3897 1218 115 4523 6978 9869 1137 56 1238 4193 1050 8566 1571 9555 4386 2243 9960 8702 7981 1542 3638 6053 5447 3589 6379 1328 9295 7810 8726 7488 3687 8233 6847 2536 8827 923 2169 6929 3232 5051 4463 4708 6698 8637 7461 8035 1410 669 9347 8844 1105 3787 2913 7927 7577 6293 6987 1288 1817 6084 3481 3522 2558 9263 2226 1144 4876 9662 6327 5331 3995 9531 5475 559 2693 6768 3202 1867 8703 2249 1995 8098 8930 1 154 8037 3855 8716 4328 8825 9786 8251 9268 6269 71 376 5724 6190 4680 3094 9095 4133 5477 6401 3688 4566 8095 1384 6033 5252 3703 6788 2519 5684 5534 7188 2873 3129 5760 4072 9093 8283 3562 3037 1668 3062 6989 7545 2520 8885 9702 4289 2693 3578 1441 6229 3953 8498 2299 1404 5735 6976 8123 4464 6431 5243 296 9115 3393 9982 6013 2020 9695 5586 9650 7095 1030 1685 8599 1980 1701 9866 5411 183 2019 3291 3840 471 6549 2555 4684 2598 9732 7299 8554 2080 2671 7738 6562 9452 7573 7087 3222 572 9390 3445 6219 8006 9784 1671 4424 7337 39 5244 9854 1443 5972 5786 7555 1704 5030 9301 2416 1913 7431 8844 5367 7377 5300 7331 8142 1100 2220 3398 434 4945 5720 7223 8796 3263 4668 1066 9664 9048 8701 3797 2338 7390 8826 9165 1575 6377 673 9937 6058 9369 2894 9938 3494 25 9339 9825 6603 1967 640 1562 5084 1783 6248 543 9960 8814 3123 4694 174 3694 7718 6486 6116 6733 9907 7707 2104 8971 2490 7973 6359 6811 701 3736 482 8616 8963 2154 3316 9496 216 2096 962 5914 4124 7469 6175 5095 7514 7059 6337 3914 6652 9543 5247 3115 2683 4469 3644 3441 2252 9792 7078 4159 7387 671 1581 5130 6972 2439 5915 7312 6624 170 5864 6622 216 1301 7867 9825 530 4136 9859 3806 7749 1854 4929 8073 674 5464 7285 9439 9587 5998 5898 1406 9860 2532 6881 3874 5635 277 6053 3502 8907 9122 4387 6669 8046 4604 2595 1200 4628 1846 6608 8059 7285 7772 9122 9949 5106 1367 4110 7966 463 9395 5462 8638 2284 8509 3487 6073 590 944 5086 8306 573 7157 9112 9048 1833 7186 1153 1782 1786 2647 4771 5784 24 403 5483 8685 4114 456 1480 6703 7228 7997 7780 5541 7801 4731 7952 4442 8063 8538 228 242 4801 7007 785 550 313 5738 8004 1018 2746 5740 462 5991 4795 5527 8228 34 8533 6068 339 3112 6738 5330 6267 3196 5326 2738 6399 9664 4895 8106 9958 9169 7487 8299 3343 6592 1567 9024 1775 1872 6265 9630 3031 5405 3766 3893 9121 6211 9238 6378 2521 619 2777 2351 7470 4075 4554 8821 1387 6218 6401 2011 4670 9168 6177 1819 87 3320 9304 6967 4976 100 4188 7996 7615 5765 6901 2560 2859 6028 9150 9384 1968 9587 1778 8496 7988 8703 2965 5689 5300 9521 7021 2563 4226 4475 435 8988 8325 5068 4728 1538 8613 5829 7927 2636 7072 3249 545 2735 214 6222 3817 7539 312 6424 3284 6533 873 4075 9421 4010 5150 7913 3250 5777 8247 3359 5997 6635 626 7998 1971 5990 4261 8765 6118 166 3946 553 6265 4419 4711 4988 3183 3613 7058 8978 7585 2916 6356 7561 5846 3399 8234 5486 7214 8788 880 6325 3122 6332 2923 2495 7252 1928 9596 925 5145 5243 1495 2906 6760 3863 4370 8583 2097 8032 7205 3775 8371 5043 4864 6318 379 7413 6116 3574 8232 6833 9231 1735 2583 8090 5524 6489 2068 3426 4549 4836 7113 9282 6901 6704 7101 8934 3570 8408 2685 3509 7610 5402 6671 7381 9899 6207 3763 1141 8542 6663 371 3595 8432 1770 7882 5087 4829 796 2619 9359 9418 9827 9006 9256 2395 8454 7538 7743 1131 8009 9544 9728 5639 5421 1137 1856 7975 260 2033 379 1738 248 7216 1718 747 4515 4125 3407 988 6824 7771 6936 9817 1048 4251 5839 3838 4031 7799 6569 3752 370 986 6144 8083 5680 4425 1054 5557 5026 170 905 8200 9113 5377 7163 3815 1282 5160 7449 3740 9069 2912 5807 9159 8885 1407 4754 6159 8728 6546 8279 7543 9347 3718 1908 6015 7216 7917 9566 5378 4740 6821 7506 3122 5471 8440 7169 1253 6758 1218 6698 9269 2655 2454 4785 7663 7611 3996 8637 3250 1208 6650 6296 7187 6953 4181 8526 8995 832 4857 7411 1924 4300 4085 2839 3478 2382 3721 3821 813 3733 3871 9705 5915 5316 1850 6081 377 3708 8109 8192 2215 4696 6587 1764 6347 7874 6427 7223 179 4127 1217 5299 7804 8824 7058 5311 8837 4785 4973 1240 1212 4552 322 4296 4895 3438 96 8547 7947 3593 3774 4336 8444 837 5396 8984 26 9792 2477 6698 9241 3309 6821 2510 6513 574 4448 4026 2965 5993 3097 865 2030 6497 2835 4305 3720 5116 574 3931 2622 9913 9363 9532 5265 8465 3818 653 2982 2784 7143 4468 3790 7930 9158 9110 1450 4633 5 3319 9064 8875 9335 7611 3017 608 4022 616 1971 2162 6040 3148 4351 982 2873 8548 2369 2652 8847 9411 6984 7576 8359 9981 6321 247 991 4673 7947 4235 6343 5000 8093 5403 4606 2507 3226 1337 5955 7522 445 5029 2686 1486 4738 7878 2913 4748 307 6462 6328 3381 7578 5820 3262 2497 5948 3554 5705 4639 6174 9210 1724 6583 143 5524 1080 2790 6532 6513 7588 6792 2595 7766 2618 1264 5370 7219 4393 5625 5623 956 3879 7482 3052 1756 584 6435 4502 9761 7790 7548 1469 1953 3357 5742 9455 1485 7499 2496 1965 851 1292 2637 460 3489 1455 5975 1442 5584 8807 2384 4963 1298 7724 7425 8735 7456 2045 6436 9167 887 2625 7156 9258 6702 2074 852 9303 2799 5965 4219 3110 8008 6113 8185 1440 1952 1153 3780 9135 3999 5626 7963 5489 7822 9738 772 5246 443 1710 6658 7916 4020 8108 4622 2988 223 1487 8849 5757 1602 6695 4559 9497 8257 7588 1494 6808 7827 7229 3224 3997 5072 1844 1947 5778 9955 8644 9025 1415 4943 7682 1626 4115 1449 4067 66 2149 1597 3242 7662 1513 2756 939 4683 6608 9706 7582 4605 5776 741 3752 481 981 8176 9153 2027 1 2599 3633 5194 1525 8955 3729 3544 6069 1262 8976 3537 6777 95 1660 7489 3537 4956 9808 7576 8280 2098 1122 5579 8324 95 5987 7806 476 689 3067
3067 689 476 7806 5987 95 8324 5579 1122 2098 8280 7576 9808 4956 3537 7489 1660 95 6777 3537 8976 1262 6069 3544 3729 8955 1525 5194 3633 2599 1 2027 9153 8176 981 481 3752 741 5776 4605 7582 9706 6608 4683 939 2756 1513 7662 3242 1597 2149 66 4067 1449 4115 1626 7682 4943 1415 9025 8644 9955 5778 1947 1844 5072 3997 3224 7229 7827 6808 1494 7588 8257 9497 4559 6695 1602 5757 8849 1487 223 2988 4622 8108 4020 7916 6658 1710 443 5246 772 9738 7822 5489 7963 5626 3999 9135 3780 1153 1952 1440 8185 6113 8008 3110 4219 5965 2799 9303 852 2074 6702 9258 7156 2625 887 9167 6436 2045 7456 8735 7425 7724 1298 4963 2384 8807 5584 1442 5975 1455 3489 460 2637 1292 851 1965 2496 7499 1485 9455 5742 3357 1953 1469 7548 7790 9761 4502 6435 584 1756 3052 7482 3879 956 5623 5625 4393 7219 5370 1264 2618 7766 2595 6792 7588 6513 6532 2790 1080 5524 143 6583 1724 9210 6174 4639 5705 3554 5948 2497 3262 5820 7578 3381 6328 6462 307 4748 2913 7878 4738 1486 2686 5029 445 7522 5955 1337 3226 2507 4606 5403 8093 5000 6343 4235 7947 4673 991 247 6321 9981 8359 7576 6984 9411 8847 2652 2369 8548 2873 982 4351 3148 6040 2162 1971 616 4022 608 3017 7611 9335 8875 9064 3319 5 4633 1450 9110 9158 7930 3790 4468 7143 2784 2982 653 3818 8465 5265 9532 9363 9913 2622 3931 574 5116 3720 4305 2835 6497 2030 865 3097 5993 2965 4026 4448 574 6513 2510 6821 3309 9241 6698 2477 9792 26 8984 5396 837 8444 4336 3774 3593 7947 8547 96 3438 4895 4296 322 4552 1212 1240 4973 4785 8837 5311 7058 8824 7804 5299 1217 4127 179 7223 6427 7874 6347 1764 6587 4696 2215 8192 8109 3708 377 6081 1850 5316 5915 9705 3871 3733 813 3821 3721 2382 3478 2839 4085 4300 1924 7411 4857 832 8995 8526 4181 6953 7187 6296 6650 1208 3250 8637 3996 7611 7663 4785 2454 2655 9269 6698 1218 6758 1253 7169 8440 5471 3122 7506 6821 4740 5378 9566 7917 7216 6015 1908 3718 9347 7543 8279 6546 8728 6159 4754 1407 8885 9159 5807 2912 9069 3740 7449 5160 1282 3815 7163 5377 9113 8200 905 170 5026 5557 1054 4425 5680 8083 6144 986 370 3752 6569 7799 4031 3838 5839 4251 1048 9817 6936 7771 6824 988 3407 4125 4515 747 1718 7216 248 1738 379 2033 260 7975 1856 1137 5421 5639 9728 9544 8009 1131 7743 7538 8454 2395 9256 9006 9827 9418 9359 2619 796 4829 5087 7882 1770 8432 3595 371 6663 8542 1141 3763 6207 9899 7381 6671 5402 7610 3509 2685 8408 3570 8934 7101 6704 6901 9282 7113 4836 4549 3426 2068 6489 5524 8090 2583 1735 9231 6833 8232 3574 6116 7413 379 6318 4864 5043 8371 3775 7205 8032 2097 8583 4370 3863 6760 2906 1495 5243 5145 925 9596 1928 7252 2495 2923 6332 3122 6325 880 8788 7214 5486 8234 3399 5846 7561 6356 2916 7585 8978 7058 3613 3183 4988 4711 4419 6265 553 3946 166 6118 8765 4261 5990 1971 7998 626 6635 5997 3359 8247 5777 3250 7913 5150 4010 9421 4075 873 6533 3284 6424 312 7539 3817 6222 214 2735 545 3249 7072 2636 7927 5829 8613 1538 4728 5068 8325 8988 435 4475 4226 2563 7021 9521 5300 5689 2965 8703 7988 8496 1778 9587 1968 9384 9150 6028 2859 2560 6901 5765 7615 7996 4188 100 4976 6967 9304 3320 87 1819 6177 9168 4670 2011 6401 6218 1387 8821 4554 4075 7470 2351 2777 619 2521 6378 9238 6211 9121 3893 3766 5405 3031 9630 6265 1872 1775 9024 1567 6592 3343 8299 7487 9169 9958 8106 4895 9664 6399 2738 5326 3196 6267 5330 6738 3112 339 6068 8533 34 8228 5527 4795 5991 462 5740 2746 1018 8004 5738 313 550 785 7007 4801 242 228 8538 8063 4442 7952 4731 7801 5541 7780 7997 7228 6703 1480 456 4114 8685 5483 403 24 5784 4771 2647 1786 1782 1153 7186 1833 9048 9112 7157 573 8306 5086 944 590 6073 3487 8509 2284 8638 5462 9395 463 7966 4110 1367 5106 9949 9122 7772 7285 8059 6608 1846 4628 1200 2595 4604 8046 6669 4387 9122 8907 3502 6053 277 5635 3874 6881 2532 9860 1406 5898 5998 9587 9439 7285 5464 674 8073 4929 1854 7749 3806 9859 4136 530 9825 7867 1301 216 6622 5864 170 6624 7312 5915 2439 6972 5130 1581 671 7387 4159 7078 9792 2252 3441 3644 4469 2683 3115 5247 9543 6652 3914 6337 7059 7514 5095 6175 7469 4124 5914 962 2096 216 9496 3316 2154 8963 8616 482 3736 701 6811 6359 7973 2490 8971 2104 7707 9907 6733 6116 6486 7718 3694 174 4694 3123 8814 9960 543 6248 1783 5084 1562 640 1967 6603 9825 9339 25 3494 9938 2894 9369 6058 9937 673 6377 1575 9165 8826 7390 2338 3797 8701 9048 9664 1066 4668 3263 8796 7223 5720 4945 434 3398 2220 1100 8142 7331 5300 7377 5367 8844 7431 1913 2416 9301 5030 1704 7555 5786 5972 1443 9854 5244 39 7337 4424 1671 9784 8006 6219 3445 9390 572 3222 7087 7573 9452 6562 7738 2671 2080 8554 7299 9732 2598 4684 2555 6549 471 3840 3291 2019 183 5411 9866 1701 1980 8599 1685 1030 7095 9650 5586 9695 2020 6013 9982 3393 9115 296 5243 6431 4464 8123 6976 5735 1404 2299 8498 3953 6229 1441 3578 2693 4289 9702 8885 2520 7545 6989 3062 1668 3037 3562 8283 9093 4072 5760 3129 2873 7188 5534 5684 2519 6788 3703 5252 6033 1384 8095 4566 3688 6401 5477 4133 9095 3094 4680 6190 5724 376 71 6269 9268 8251 9786 8825 4328 8716 3855 8037 154 1 8930 8098 1995 2249 8703 1867 3202 6768 2693 559 5475 9531 3995 5331 6327 9662 4876 1144 2226 9263 2558 3522 3481 6084 1817 1288 6987 6293 7577 7927 2913 3787 1105 8844 9347 669 1410 8035 7461 8637 6698 4708 4463 5051 3232 6929 2169 923 8827 2536 6847 8233 3687 7488 8726 7810 9295 1328 6379 3589 5447 6053 3638 1542 7981 8702 9960 2243 4386 9555 1571 8566 1050 4193 1238 56 1137 9869 6978 4523 115 1218 3897 3020 7492 9610 6918 9121 2014 7149 1603 6251 1513 6700 4015 4779 2383 4640 626 4998 3441 2001 9511 7949 3462 5628 1881 4526 8788 4362 2160 5471 6017 8530 2940 2463 7296 3748 8724 3695 1119 5561 3143 6250 4672 5657 2950 9359 5744 1371 4781 7005 4022 9593 2794 8022 1495 8657 253 4876 8758 7454 87 7684 4674 7403 8249 422 9720 5048 9634 4980 8145 7651 2914 9607 8393 6016 5446 3041 7590 243 8942 3105 6735 1343 7893 4717 3057 2531 3175 9183 6168 1854 2637 3216 5791 2154 4128 1203 8090 1737 295 7953 5473 7003 9179 9780 7876 4113 7907 8892 3507 8122 1781 8674 9530 2304 4580 6935 1092 1266 101 9602 8240 950 1536 9657 6918 737 8751 42 2782 6823 7585 7241 9714 802 287 141 3490 2426 7417 186 7567 1684 2447 3661 5498 3496 2948 8136 3805 3264 3458 3100 4324 4723 1503 2111 3994 3308 1585 8232 2085 6382 5556 4285 9763 675 9471 2271 3788 2055 9665 496 550 9411 5394 7547 3432 8725 9856 7581 3966 9464 9157 1425 3371 8012 4268 3296 5682 4817 2738 7162 7508 4631 869 6696 133 5113 2302 4609 7113 8702 9135 7366 833 8059 8176 4763 5965 5419 3978 5531 6189 3444 7007 8412 9482 970 3548 8885 7954 9456 945 6575 4540 1852 5424 3177 8582 3026 6139 9450 6270 8405 3323 5571 8239 1973 6341 4306 5986 4039 5909 455 1344 4140 2722 548 8878 6516 4268 6032 2809 5501 6508 1818 2434 7381 9826 1902 2646 189 410 166 2750 7452 3152 5573 6890 1365 2511 7365 1163 9956 8630 3824 9763 1876 8433 8978 696 8652 5707 1071 4211 550 6606 3745 8386 3524 8650 5668 6528 7973 2850 6218 6714 4678 2814 4668 1411 8765 9643 5202 8548 2675 9958 9089 8170 5289 6610 7416 8837 2589 991 1712 6292 6389 3591 3623 7464 1713 5320 9786 1981 6191 7911 8762 7447 7301 6029 8719 3874 8089 6352 4413 7964 1559 2456 8767 9993 1333 4352 8806 8309 1091 1931 9529 2689 9654 5027 9937 5614 5752 4724 5059 9676 2905 3981 474 254 6323 8861 5350 5981 5924 2992 5213 3850 6178 6839 772 6596 4781 8781 5970 8716 1438 6441 1071 5244 9487 2597 180 6960 5527 6898 4799 7451 2828 6950 1988 5309 1077 2476 4668 8381 5584 2800 4171 972 4369 6642 3946 1689 2901 648 7089 6472 8173 6058 7353 336 6107 7702 5054 907 5024 9378 5639 8228 9260 5443 7891 6 9726 8114 2847 5677 1571 9897 4780 8759 8446 3552 7864 7394 665 1776 3703 1514 1647 3295 363 6540 6862 8399 6138 8368 2258 5438 6754 5174 3433 1762 9807 5001 4939 7393 731 7393 2023 329 8238 7620 104 5518 664 7216 608 7790 8159 6670 6240 7796 1051 7552 5571 8039 5628 1871 1188 2248 6672 2352 823 2513 5016 3017 330 5143 9121 440 6695 729 6594 234 478 9634 236 4570 6864 8786 7529 9894 7080 2998 4754 1204 7908 3706 122 1859 6232 4563 5048 5931 9362 6406 4709 7391 8371 4688 8040 2764 4475 6694 3489 6880 2522 6169 2368 4995 3172 7259 6076 3720 6219 4377 9426 8710 4040 8344 9997 7573 643 4549 9071 821 5885 1174 7813 8561 787 1833 1863 7930 4420 5408 5608 462 735 3381 4290 7477 3304 1678 9578 8114 4242 2573 3380 9167 3888 373 8435 3751 8922 3598 1142 5851 4426 5911 7307 4561 7212 6695 1832 5224 2559 2385 8710 1492 307 4043 2791 6574 1752 9885 8239 5986 8193 6847 2414 6791 7647 8907 2712 3437 2210 5860 7807 1995 5229 527 7656 9278 5615 6601 6347 8879 3938 1599 7272 8473 8551 9387 9558 5099 1555 7573 5669 3365 7869 961 968 7693 3656 2488 5787 3880 7980 9471 2163 3600 729 2691 1549 7466 974 399 7662 8196 2927 7463 3441 3667 324 6294 8183 3755 124 8001 4229 8765 5149 9739 8547 1751 5667 3118 3920 1621 4647 2186 4772 5995 1822 8519 139 2744 9858 6919 9423 2005 1538 8634 9863 8947 5484 3215 5314 5661 5967 3775 9492 1965 1502 6900 5092 4216 2771 6110 4837 9967 4854 7209 6920 6628 3207 6352 2695 6477 4494 7561 3014 6787 5010 778 321 3157 2328 2177 252 8301 2562 1388 1068 2789 5303 5113 9758 8954 8323 3008 7949 3701 6699 2146 6446 5506 7559 683 3725 3447 4588 9737 9358 7737 147 249 6970 6062 4117 3080 3663 6526 2618 484 9547 1494 5068 3986 3193 5825 8579 4421 6082 8677 2632 541 6682 6490 347 4438 9258 915 9590 9311 2485 9010 184 2855 1650 2018 6436 3459 8674 2224 1074 1499 7891 6742 6678 5636 8479 6468 1368 8041 3667 5297 7439 3630 7119 1801 398 2453 5867 835 3750 8798 4481 4641 1316 7515 5988 7689 981 8055 7092 4667 4395 2594 7760 3759 2209 8590 8124 9880 4649 1733 2157 7828 3122 3440 3110 4450 8091 346 9628 1760 9050 8489 8185 9125 7131 9528 6290 8428 169 8051 2493 4888 6382 624 8064 6047 1112 3626 5313 7366 998 7892 2579 132 9605 7607 6862 842 4635 2298 9163 6567 3946 5783 3970 5814 3259 1683 7025 3837 1080 2666 3619 6182 1725 2590 6446 6984 8012 8953 9813 2630 7012 6881 1192 1499 5990 4684 5989 9655 5728 9350 6262 1858 3422 5943 1761 9772 2862 3900 2879 8754 2555 6889 5581 2596 3565 4766 1820 3160 2991 5556 3558 8158 5034 8249 6395 1309 7505 2043 56 3539 9096 3000 9742 7811
3067 689 476 7806 5987 95 8324 5579 1122 2098 8280 7576 9808 4956 3537 7489 1660 95 6777 3537 8976 1262 6069 3544 3729 8955 1525 5194 3633 2599 1 2027 9153 8176 981 481 3752 741 5776 4605 7582 9706 6608 4683 939 2756 1513 7662 3242 1597 2149 66 4067 1449 4115 1626 7682 4943 1415 9025 8644 9955 5778 1947 1844 5072 3997 3224 7229 7827 6808 1494 7588 8257 9497 4559 6695 1602 5757 8849 1487 223 2988 4622 8108 4020 7916 6658 1710 443 5246 772 9738 7822 5489 7963 5626 3999 9135 3780 1153 1952 1440 8185 6113 8008 3110 4219 5965 2799 9303 852 2074 6702 9258 7156 2625 887 9167 6436 2045 7456 8735 7425 7724 1298 4963 2384 8807 5584 1442 5975 1455 3489 460 2637 1292 851 1965 2496 7499 1485 9455 5742 3357 1953 1469 7548 7790 9761 4502 6435 584 1756 3052 7482 3879 956 5623 5625 4393 7219 5370 1264 2618 7766 2595 6792 7588 6513 6532 2790 1080 5524 143 6583 1724 9210 6174 4639 5705 3554 5948 2497 3262 5820 7578 3381 6328 6462 307 4748 2913 7878 4738 1486 2686 5029 445 7522 5955 1337 3226 2507 4606 5403 8093 5000 6343 4235 7947 4673 991 247 6321 9981 8359 7576 6984 9411 8847 2652 2369 8548 2873 982 4351 3148 6040 2162 1971 616 4022 608 3017 7611 9335 8875 9064 3319 5 4633 1450 9110 9158 7930 3790 4468 7143 2784 2982 653 3818 8465 5265 9532 9363 9913 2622 3931 574 5116 3720 4305 2835 6497 2030 865 3097 5993 2965 4026 4448 574 6513 2510 6821 3309 9241 6698 2477 9792 26 8984 5396 837 8444 4336 3774 3593 7947 8547 96 3438 4895 4296 322 4552 1212 1240 4973 4785 8837 5311 7058 8824 7804 5299 1217 4127 179 7223 6427 7874 6347 1764 6587 4696 2215 8192 8109 3708 377 6081 1850 5316 5915 9705 3871 3733 813 3821 3721 2382 3478 2839 4085 4300 1924 7411 4857 832 8995 8526 4181 6953 7187 6296 6650 1208 3250 8637 3996 7611 7663 4785 2454 2655 9269 6698 1218 6758 1253 7169 8440 5471 3122 7506 6821 4740 5378 9566 7917 7216 6015 1908 3718 9347 7543 8279 6546 8728 6159 4754 1407 8885 9159 5807 2912 9069 3740 7449 5160 1282 3815 7163 5377 9113 8200 905 170 5026 5557 1054 4425 5680 8083 6144 986 370 3752 6569 7799 4031 3838 5839 4251 1048 9817 6936 7771 6824 988 3407 4125 4515 747 1718 7216 248 1738 379 2033 260 7975 1856 1137 5421 5639 9728 9544 8009 1131 7743 7538 8454 2395 9256 9006 9827 9418 9359 2619 796 4829 5087 7882 1770 8432 3595 371 6663 8542 1141 3763 6207 9899 7381 6671 5402 7610 3509 2685 8408 3570 8934 7101 6704 6901 9282 7113 4836 4549 3426 2068 6489 5524 8090 2583 1735 9231 6833 8232 3574 6116 7413 379 6318 4864 5043 8371 3775 7205 8032 2097 8583 4370 3863 6760 2906 1495 5243 5145 925 9596 1928 7252 2495 2923 6332 3122 6325 880 8788 7214 5486 8234 3399 5846 7561 6356 2916 7585 8978 7058 3613 3183 4988 4711 4419 6265 553 3946 166 6118 8765 4261 5990 1971 7998 626 6635 5997 3359 8247 5777 3250 7913 5150 4010 9421 4075 873 6533 3284 6424 312 7539 3817 6222 214 2735 545 3249 7072 2636 7927 5829 8613 1538 4728 5068 8325 8988 435 4475 4226 2563 7021 9521 5300 5689 2965 8703 7988 8496 1778 9587 1968 9384 9150 6028 2859 2560 6901 5765 7615 7996 4188 100 4976 6967 9304 3320 87 1819 6177 9168 4670 2011 6401 6218 1387 8821 4554 4075 7470 2351 2777 619 2521 6378 9238 6211 9121 3893 3766 5405 3031 9630 6265 1872 1775 9024 1567 6592 3343 8299 7487 9169 9958 8106 4895 9664 6399 2738 5326 3196 6267 5330 6738 3112 339 6068 8533 34 8228 5527 4795 5991 462 5740 2746 1018 8004 5738 313 550 785 7007 4801 242 228 8538 8063 4442 7952 4731 7801 5541 7780 7997 7228 6703 1480 456 4114 8685 5483 403 24 5784 4771 2647 1786 1782 1153 7186 1833 9048 9112 7157 573 8306 5086 944 590 6073 3487 8509 2284 8638 5462 9395 463 7966 4110 1367 5106 9949 9122 7772 7285 8059 6608 1846 4628 1200 2595 4604 8046 6669 4387 9122 8907 3502 6053 277 5635 3874 6881 2532 9860 1406 5898 5998 9587 9439 7285 5464 674 8073 4929 1854 7749 3806 9859 4136 530 9825 7867 1301 216 6622 5864 170 6624 7312 5915 2439 6972 5130 1581 671 7387 4159 7078 9792 2252 3441 3644 4469 2683 3115 5247 9543 6652 3914 6337 7059 7514 5095 6175 7469 4124 5914 962 2096 216 9496 3316 2154 8963 8616 482 3736 701 6811 6359 7973 2490 8971 2104 7707 9907 6733 6116 6486 7718 3694 174 4694 3123 8814 9960 543 6248 1783 5084 1562 640 1967 6603 9825 9339 25 3494 9938 2894 9369 6058 9937 673 6377 1575 9165 8826 7390 2338 3797 8701 9048 9664 1066 4668 3263 8796 7223 5720 4945 434 3398 2220 1100 8142 7331 5300 7377 5367 8844 7431 1913 2416 9301 5030 1704 7555 5786 5972 1443 9854 5244 39 7337 4424 1671 9784 8006 6219 3445 9390 572 3222 7087 7573 9452 6562 7738 2671 2080 8554 7299 9732 2598 4684 2555 6549 471 3840 3291 2019 183 5411 9866 1701 1980 8599 1685 1030 7095 9650 5586 9695 2020 6013 9982 3393 9115 296 5243 6431 4464 8123 6976 5735 1404 2299 8498 3953 6229 1441 3578 2693 4289 9702 8885 2520 7545 6989 3062 1668 3037 3562 8283 9093 4072 5760 3129 2873 7188 5534 5684 2519 6788 3703 5252 6033 1384 8095 4566 3688 6401 5477 4133 9095 3094 4680 6190 5724 376 71 6269 9268 8251 9786 8825 4328 8716 3855 8037 154 1 8930 8098 1995 2249 8703 1867 3202 6768 2693 559 5475 9531 3995 5331 6327 9662 4876 1144 2226 9263 2558 3522 3481 6084 1817 1288 6987 6293 7577 7927 2913 3787 1105 8844 9347 669 1410 8035 7461 8637 6698 4708 4463 5051 3232 6929 2169 923 8827 2536 6847 8233 3687 7488 8726 7810 9295 1328 6379 3589 5447 6053 3638 1542 7981 8702 9960 2243 4386 9555 1571 8566 1050 4193 1238 56 1137 9869 6978 4523 115 1218 3897 3020 7492 9610 6918 9121 2014 7149 1603 6251 1513 6700 4015 4779 2383 4640 626 4998 3441 2001 9511 7949 3462 5628 1881 4526 8788 4362 2160 5471 6017 8530 2940 2463 7296 3748 8724 3695 1119 5561 3143 6250 4672 5657 2950 9359 5744 1371 4781 7005 4022 9593 2794 8022 1495 8657 253 4876 8758 7454 87 7684 4674 7403 8249 422 9720 5048 9634 4980 8145 7651 2914 9607 8393 6016 5446 3041 7590 243 8942 3105 6735 1343 7893 4717 3057 2531 3175 9183 6168 1854 2637 3216 5791 2154 4128 1203 8090 1737 295 7953 5473 7003 9179 9780 7876 4113 7907 8892 3507 8122 1781 8674 9530 2304 4580 6935 1092 1266 101 9602 8240 950 1536 9657 6918 737 8751 42 2782 6823 7585 7241 9714 802 287 141 3490 2426 7417 186 7567 1684 2447 3661 5498 3496 2948 8136 3805 3264 3458 3100 4324 4723 1503 2111 3994 3308 1585 8232 2085 6382 5556 4285 9763 675 9471 2271 3788 2055 9665 496 550 9411 5394 7547 3432 8725 9856 7581 3966 9464 9157 1425 3371 8012 4268 3296 5682 4817 2738 7162 7508 4631 869 6696 133 5113 2302 4609 7113 8702 9135 7366 833 8059 8176 4763 5965 5419 3978 5531 6189 3444 7007 8412 9482 970 3548 8885 7954 9456 945 6575 4540 1852 5424 3177 8582 3026 6139 9450 6270 8405 3323 5571 8239 1973 6341 4306 5986 4039 5909 455 1344 4140 2722 548 8878 6516 4268 6032 2809 5501 6508 1818 2434 7381 9826 1902 2646 189 410 166 2750 7452 3152 5573 6890 1365 2511 7365 1163 9956 8630 3824 9763 1876 8433 8978 696 8652 5707 1071 4211 550 6606 3745 8386 3524 8650 5668 6528 7973 2850 6218 6714 4678 2814 4668 1411 8765 9643 5202 8548 2675 9958 9089 8170 5289 6610 7416 8837 2589 991 1712 6292 6389 3591 3623 7464 1713 5320 9786 1981 6191 7911 8762 7447 7301 6029 8719 3874 8089 6352 4413 7964 1559 2456 8767 9993 1333 4352 8806 8309 1091 1931 9529 2689 9654 5027 9937 5614 5752 4724 5059 9676 2905 3981 474 254 6323 8861 5350 5981 5924 2992 5213 3850 6178 6839 772 6596 4781 8781 5970 8716 1438 6441 1071 5244 9487 2597 180 6960 5527 6898 4799 7451 2828 6950 1988 5309 1077 2476 4668 8381 5584 2800 4171 972 4369 6642 3946 1689 2901 648 7089 6472 8173 6058 7353 336 6107 7702 5054 907 5024 9378 5639 8228 9260 5443 7891 6 9726 8114 2847 5677 1571 9897 4780 8759 8446 3552 7864 7394 665 1776 3703 1514 1647 3295 363 6540 6862 8399 6138 8368 2258 5438 6754 5174 3433 1762 9807 5001 4939 7393 731 7393 2023 329 8238 7620 104 5518 664 7216 608 7790 8159 6670 6240 7796 1051 7552 5571 8039 5628 1871 1188 2248 6672 2352 823 2513 5016 3017 330 5143 9121 440 6695 729 6594 234 478 9634 236 4570 6864 8786 7529 9894 7080 2998 4754 1204 7908 3706 122 1859 6232 4563 5048 5931 9362 6406 4709 7391 8371 4688 8040 2764 4475 6694 3489 6880 2522 6169 2368 4995 3172 7259 6076 3720 6219 4377 9426 8710 4040 8344 9997 7573 643 4549 9071 821 5885 1174 7813 8561 787 1833 1863 7930 4420 5408 5608 462 735 3381 4290 7477 3304 1678 9578 8114 4242 2573 3380 9167 3888 373 8435 3751 8922 3598 1142 5851 4426 5911 7307 4561 7212 6695 1832 5224 2559 2385 8710 1492 307 4043 2791 6574 1752 9885 8239 5986 8193 6847 2414 6791 7647 8907 2712 3437 2210 5860 7807 1995 5229 527 7656 9278 5615 6601 6347 8879 3938 1599 7272 8473 8551 9387 9558 5099 1555 7573 5669 3365 7869 961 968 7693 3656 2488 5787 3880 7980 9471 2163 3600 729 2691 1549 7466 974 399 7662 8196 2927 7463 3441 3667 324 6294 8183 3755 124 8001 4229 8765 5149 9739 8547 1751 5667 3118 3920 1621 4647 2186 4772 5995 1822 8519 139 2744 9858 6919 9423 2005 1538 8634 9863 8947 5484 3215 5314 5661 5967 3775 9492 1965 1502 6900 5092 4216 2771 6110 4837 9967 4854 7209 6920 6628 3207 6352 2695 6477 4494 7561 3014 6787 5010 778 321 3157 2328 2177 252 8301 2562 1388 1068 2789 5303 5113 9758 8954 8323 3008 7949 3701 6699 2146 6446 5506 7559 683 3725 3447 4588 9737 9358 7737 147 249 6970 6062 4117 3080 3663 6526 2618 484 9547 1494 5068 3986 3193 5825 8579 4421 6082 8677 2632 541 6682 6490 347 4438 9258 915 9590 9311 2485 9010 184 2855 1650 2018 6436 3459 8674 2224 1074 1499 7891 6742 6678 5636 8479 6468 1368 8041 3667 5297 7439 3630 7119 1801 398 2453 5867 835 3750 8798 4481 4641 1316 7515 5988 7689 981 8055 7092 4667 4395 2594 7760 3759 2209 8590 8124 9880 4649 1733 2157 7828 3122 3440 3110 4450 8091 346 9628 1760 9050 8489 8185 9125 7131 9528 6290 8428 169 8051 2493 4888 6382 624 8064 6047 1112 3626 5313 7366 998 7892 2579 132 9605 7607 6862 842 4635 2298 9163 6567 3946 5783 3970 5814 3259 1683 7025 3837 1080 2666 3619 6182 1725 2590 6446 6984 8012 8953 9813 2630 7012 6881 1192 1499 5990 4684 5989 9655 5728 9350 6262 1858 3422 5943 1761 9772 2862 3900 2879 8754 2555 6889 5581 2596 3565 4766 1820 3160 2991 5556 3558 8158 5034 8249 6395 1309 7505 2043 56 3539 9096 3000 9742 7811
7811 9742 3000 9096 3539 56 2043 7505 1309 6395 8249 5034 8158 3558 5556 2991 3160 1820 4766 3565 2596 5581 6889 2555 8754 2879 3900 2862 9772 1761 5943 3422 1858 6262 9350 5728 9655 5989 4684 5990 1499 1192 6881 7012 2630 9813 8953 8012 6984 6446 2590 1725 6182 3619 2666 1080 3837 7025 1683 3259 5814 3970 5783 3946 6567 9163 2298 4635 842 6862 7607 9605 132 2579 7892 998 7366 5313 3626 1112 6047 8064 624 6382 4888 2493 8051 169 8428 6290 9528 7131 9125 8185 8489 9050 1760 9628 346 8091 4450 3110 3440 3122 7828 2157 1733 4649 9880 8124 8590 2209 3759 7760 2594 4395 4667 7092 8055 981 7689 5988 7515 1316 4641 4481 8798 3750 835 5867 2453 398 1801 7119 3630 7439 5297 3667 8041 1368 6468 8479 5636 6678 6742 7891 1499 1074 2224 8674 3459 6436 2018 1650 2855 184 9010 2485 9311 9590 915 9258 4438 347 6490 6682 541 2632 8677 6082 4421 8579 5825 3193 3986 5068 1494 9547 484 2618 6526 3663 3080 4117 6062 6970 249 147 7737 9358 9737 4588 3447 3725 683 7559 5506 6446 2146 6699 3701 7949 3008 8323 8954 9758 5113 5303 2789 1068 1388 2562 8301 252 2177 2328 3157 321 778 5010 6787 3014 7561 4494 6477 2695 6352 3207 6628 6920 7209 4854 9967 4837 6110 2771 4216 5092 6900 1502 1965 9492 3775 5967 5661 5314 3215 5484 8947 9863 8634 1538 2005 9423 6919 9858 2744 139 8519 1822 5995 4772 2186 4647 1621 3920 3118 5667 1751 8547 9739 5149 8765 4229 8001 124 3755 8183 6294 324 3667 3441 7463 2927 8196 7662 399 974 7466 1549 2691 729 3600 2163 9471 7980 3880 5787 2488 3656 7693 968 961 7869 3365 5669 7573 1555 5099 9558 9387 8551 8473 7272 1599 3938 8879 6347 6601 5615 9278 7656 527 5229 1995 7807 5860 2210 3437 2712 8907 7647 6791 2414 6847 8193 5986 8239 9885 1752 6574 2791 4043 307 1492 8710 2385 2559 5224 1832 6695 7212 4561 7307 5911 4426 5851 1142 3598 8922 3751 8435 373 3888 9167 3380 2573 4242 8114 9578 1678 3304 7477 4290 3381 735 462 5608 5408 4420 7930 1863 1833 787 8561 7813 1174 5885 821 9071 4549 643 7573 9997 8344 4040 8710 9426 4377 6219 3720 6076 7259 3172 4995 2368 6169 2522 6880 3489 6694 4475 2764 8040 4688 8371 7391 4709 6406 9362 5931 5048 4563 6232 1859 122 3706 7908 1204 4754 2998 7080 9894 7529 8786 6864 4570 236 9634 478 234 6594 729 6695 440 9121 5143 330 3017 5016 2513 823 2352 6672 2248 1188 1871 5628 8039 5571 7552 1051 7796 6240 6670 8159 7790 608 7216 664 5518 104 7620 8238 329 2023 7393 731 7393 4939 5001 9807 1762 3433 5174 6754 5438 2258 8368 6138 8399 6862 6540 363 3295 1647 1514 3703 1776 665 7394 7864 3552 8446 8759 4780 9897 1571 5677 2847 8114 9726 6 7891 5443 9260 8228 5639 9378 5024 907 5054 7702 6107 336 7353 6058 8173 6472 7089 648 2901 1689 3946 6642 4369 972 4171 2800 5584 8381 4668 2476 1077 5309 1988 6950 2828 7451 4799 6898 5527 6960 180 2597 9487 5244 1071 6441 1438 8716 5970 8781 4781 6596 772 6839 6178 3850 5213 2992 5924 5981 5350 8861 6323 254 474 3981 2905 9676 5059 4724 5752 5614 9937 5027 9654 2689 9529 1931 1091 8309 8806 4352 1333 9993 8767 2456 1559 7964 4413 6352 8089 3874 8719 6029 7301 7447 8762 7911 6191 1981 9786 5320 1713 7464 3623 3591 6389 6292 1712 991 2589 8837 7416 6610 5289 8170 9089 9958 2675 8548 5202 9643 8765 1411 4668 2814 4678 6714 6218 2850 7973 6528 5668 8650 3524 8386 3745 6606 550 4211 1071 5707 8652 696 8978 8433 1876 9763 3824 8630 9956 1163 7365 2511 1365 6890 5573 3152 7452 2750 166 410 189 2646 1902 9826 7381 2434 1818 6508 5501 2809 6032 4268 6516 8878 548 2722 4140 1344 455 5909 4039 5986 4306 6341 1973 8239 5571 3323 8405 6270 9450 6139 3026 8582 3177 5424 1852 4540 6575 945 9456 7954 8885 3548 970 9482 8412 7007 3444 6189 5531 3978 5419 5965 4763 8176 8059 833 7366 9135 8702 7113 4609 2302 5113 133 6696 869 4631 7508 7162 2738 4817 5682 3296 4268 8012 3371 1425 9157 9464 3966 7581 9856 8725 3432 7547 5394 9411 550 496 9665 2055 3788 2271 9471 675 9763 4285 5556 6382 2085 8232 1585 3308 3994 2111 1503 4723 4324 3100 3458 3264 3805 8136 2948 3496 5498 3661 2447 1684 7567 186 7417 2426 3490 141 287 802 9714 7241 7585 6823 2782 42 8751 737 6918 9657 1536 950 8240 9602 101 1266 1092 6935 4580 2304 9530 8674 1781 8122 3507 8892 7907 4113 7876 9780 9179 7003 5473 7953 295 1737 8090 1203 4128 2154 5791 3216 2637 1854 6168 9183 3175 2531 3057 4717 7893 1343 6735 3105 8942 243 7590 3041 5446 6016 8393 9607 2914 7651 8145 4980 9634 5048 9720 422 8249 7403 4674 7684 87 7454 8758 4876 253 8657 1495 8022 2794 9593 4022 7005 4781 1371 5744 9359 2950 5657 4672 6250 3143 5561 1119 3695 8724 3748 7296 2463 2940 8530 6017 5471 2160 4362 8788 4526 1881 5628 3462 7949 9511 2001 3441 4998 626 4640 2383 4779 4015 6700 1513 6251 1603 7149 2014 9121 6918 9610 7492 3020 3897 1218 115 4523 6978 9869 1137 56 1238 4193 1050 8566 1571 9555 4386 2243 9960 8702 7981 1542 3638 6053 5447 3589 6379 1328 9295 7810 8726 7488 3687 8233 6847 2536 8827 923 2169 6929 3232 5051 4463 4708 6698 8637 7461 8035 1410 669 9347 8844 1105 3787 2913 7927 7577 6293 6987 1288 1817 6084 3481 3522 2558 9263 2226 1144 4876 9662 6327 5331 3995 9531 5475 559 2693 6768 3202 1867 8703 2249 1995 8098 8930 1 154 8037 3855 8716 4328 8825 9786 8251 9268 6269 71 376 5724 6190 4680 3094 9095 4133 5477 6401 3688 4566 8095 1384 6033 5252 3703 6788 2519 5684 5534 7188 2873 3129 5760 4072 9093 8283 3562 3037 1668 3062 6989 7545 2520 8885 9702 4289 2693 3578 1441 6229 3953 8498 2299 1404 5735 6976 8123 4464 6431 5243 296 9115 3393 9982 6013 2020 9695 5586 9650 7095 1030 1685 8599 1980 1701 9866 5411 183 2019 3291 3840 471 6549 2555 4684 2598 9732 7299 8554 2080 2671 7738 6562 9452 7573 7087 3222 572 9390 3445 6219 8006 9784 1671 4424 7337 39 5244 9854 1443 5972 5786 7555 1704 5030 9301 2416 1913 7431 8844 5367 7377 5300 7331 8142 1100 2220 3398 434 4945 5720 7223 8796 3263 4668 1066 9664 9048 8701 3797 2338 7390 8826 9165 1575 6377 673 9937 6058 9369 2894 9938 3494 25 9339 9825 6603 1967 640 1562 5084 1783 6248 543 9960 8814 3123 4694 174 3694 7718 6486 6116 6733 9907 7707 2104 8971 2490 7973 6359 6811 701 3736 482 8616 8963 2154 3316 9496 216 2096 962 5914 4124 7469 6175 5095 7514 7059 6337 3914 6652 9543 5247 3115 2683 4469 3644 3441 2252 9792 7078 4159 7387 671 1581 5130 6972 2439 5915 7312 6624 170 5864 6622 216 1301 7867 9825 530 4136 9859 3806 7749 1854 4929 8073 674 5464 7285 9439 9587 5998 5898 1406 9860 2532 6881 3874 5635 277 6053 3502 8907 9122 4387 6669 8046 4604 2595 1200 4628 1846 6608 8059 7285 7772 9122 9949 5106 1367 4110 7966 463 9395 5462 8638 2284 8509 3487 6073 590 944 5086 8306 573 7157 9112 9048 1833 7186 1153 1782 1786 2647 4771 5784 24 403 5483 8685 4114 456 1480 6703 7228 7997 7780 5541 7801 4731 7952 4442 8063 8538 228 242 4801 7007 785 550 313 5738 8004 1018 2746 5740 462 5991 4795 5527 8228 34 8533 6068 339 3112 6738 5330 6267 3196 5326 2738 6399 9664 4895 8106 9958 9169 7487 8299 3343 6592 1567 9024 1775 1872 6265 9630 3031 5405 3766 3893 9121 6211 9238 6378 2521 619 2777 2351 7470 4075 4554 8821 1387 6218 6401 2011 4670 9168 6177 1819 87 3320 9304 6967 4976 100 4188 7996 7615 5765 6901 2560 2859 6028 9150 9384 1968 9587 1778 8496 7988 8703 2965 5689 5300 9521 7021 2563 4226 4475 435 8988 8325 5068 4728 1538 8613 5829 7927 2636 7072 3249 545 2735 214 6222 3817 7539 312 6424 3284 6533 873 4075 9421 4010 5150 7913 3250 5777 8247 3359 5997 6635 626 7998 1971 5990 4261 8765 6118 166 3946 553 6265 4419 4711 4988 3183 3613 7058 8978 7585 2916 6356 7561 5846 3399 8234 5486 7214 8788 880 6325 3122 6332 2923 2495 7252 1928 9596 925 5145 5243 1495 2906 6760 3863 4370 8583 2097 8032 7205 3775 8371 5043 4864 6318 379 7413 6116 3574 8232 6833 9231 1735 2583 8090 5524 6489 2068 3426 4549 4836 7113 9282 6901 6704 7101 8934 3570 8408 2685 3509 7610 5402 6671 7381 9899 6207 3763 1141 8542 6663 371 3595 8432 1770 7882 5087 4829 796 2619 9359 9418 9827 9006 9256 2395 8454 7538 7743 1131 8009 9544 9728 5639 5421 1137 1856 7975 260 2033 379 1738 248 7216 1718 747 4515 4125 3407 988 6824 7771 6936 9817 1048 4251 5839 3838 4031 7799 6569 3752 370 986 6144 8083 5680 4425 1054 5557 5026 170 905 8200 9113 5377 7163 3815 1282 5160 7449 3740 9069 2912 5807 9159 8885 1407 4754 6159 8728 6546 8279 7543 9347 3718 1908 6015 7216 7917 9566 5378 4740 6821 7506 3122 5471 8440 7169 1253 6758 1218 6698 9269 2655 2454 4785 7663 7611 3996 8637 3250 1208 6650 6296 7187 6953 4181 8526 8995 832 4857 7411 1924 4300 4085 2839 3478 2382 3721 3821 813 3733 3871 9705 5915 5316 1850 6081 377 3708 8109 8192 2215 4696 6587 1764 6347 7874 6427 7223 179 4127 1217 5299 7804 8824 7058 5311 8837 4785 4973 1240 1212 4552 322 4296 4895 3438 96 8547 7947 3593 3774 4336 8444 837 5396 8984 26 9792 2477 6698 9241 3309 6821 2510 6513 574 4448 4026 2965 5993 3097 865 2030 6497 2835 4305 3720 5116 574 3931 2622 9913 9363 9532 5265 8465 3818 653 2982 2784 7143 4468 3790 7930 9158 9110 1450 4633 5 3319 9064 8875 9335 7611 3017 608 4022 616 1971 2162 6040 3148 4351 982 2873 8548 2369 2652 8847 9411 6984 7576 8359 9981 6321 247 991 4673 7947 4235 6343 5000 8093 5403 4606 2507 3226 1337 5955 7522 445 5029 2686 1486 4738 7878 2913 4748 307 6462 6328 3381 7578 5820 3262 2497 5948 3554 5705 4639 6174 9210 1724 6583 143 5524 1080 2790 6532 6513 7588 6792 2595 7766 2618 1264 5370 7219 4393 5625 5623 956 3879 7482 3052 1756 584 6435 4502 9761 7790 7548 1469 1953 3357 5742 9455 1485 7499 2496 1965 851 1292 2637 460 3489 1455 5975 1442 5584 8807 2384 4963 1298 7724 7425 8735 7456 2045 6436 9167 887 2625 7156 9258 6702 2074 852 9303 2799 5965 4219 3110 8008 6113 8185 1440 1952 1153 3780 9135 3999 5626 7963 5489 7822 9738 772 5246 443 1710 6658 7916 4020 8108 4622 2988 223 1487 8849 5757 1602 6695 4559 9497 8257 7588 1494 6808 7827 7229 3224 3997 5072 1844 1947 5778 9955 8644 9025 1415 4943 7682 1626 4115 1449 4067 66 2149 1597 3242 7662 1513 2756 939 4683 6608 9706 7582 4605 5776 741 3752 481 981 8176 9153 2027 1 2599 3633 5194 1525 8955 3729 3544 6069 1262 8976 3537 6777 95 1660 7489 3537 4956 9808 7576 8280 2098 1122 5579 8324 95 5987 7806 476 689 3067
7811 9742 3000 9096 3539 56 2043 7505 1309 6395 8249 5034 8158 3558 5556 2991 3160 1820 4766 3565 2596 5581 6889 2555 8754 2879 3900 2862 9772 1761 5943 3422 1858 6262 9350 5728 9655 5989 4684 5990 1499 1192 6881 7012 2630 9813 8953 8012 6984 6446 2590 1725 6182 3619 2666 1080 3837 7025 1683 3259 5814 3970 5783 3946 6567 9163 2298 4635 842 6862 7607 9605 132 2579 7892 998 7366 5313 3626 1112 6047 8064 624 6382 4888 2493 8051 169 8428 6290 9528 7131 9125 8185 8489 9050 1760 9628 346 8091 4450 3110 3440 3122 7828 2157 1733 4649 9880 8124 8590 2209 3759 7760 2594 4395 4667 7092 8055 981 7689 5988 7515 1316 4641 4481 8798 3750 835 5867 2453 398 1801 7119 3630 7439 5297 3667 8041 1368 6468 8479 5636 6678 6742 7891 1499 1074 2224 8674 3459 6436 2018 1650 2855 184 9010 2485 9311 9590 915 9258 4438 347 6490 6682 541 2632 8677 6082 4421 8579 5825 3193 3986 5068 1494 9547 484 2618 6526 3663 3080 4117 6062 6970 249 147 7737 9358 9737 4588 3447 3725 683 7559 5506 6446 2146 6699 3701 7949 3008 8323 8954 9758 5113 5303 2789 1068 1388 2562 8301 252 2177 2328 3157 321 778 5010 6787 3014 7561 4494 6477 2695 6352 3207 6628 6920 7209 4854 9967 4837 6110 2771 4216 5092 6900 1502 1965 9492 3775 5967 5661 5314 3215 5484 8947 9863 8634 1538 2005 9423 6919 9858 2744 139 8519 1822 5995 4772 2186 4647 1621 3920 3118 5667 1751 8547 9739 5149 8765 4229 8001 124 3755 8183 6294 324 3667 3441 7463 2927 8196 7662 399 974 7466 1549 2691 729 3600 2163 9471 7980 3880 5787 2488 3656 7693 968 961 7869 3365 5669 7573 1555 5099 9558 9387 8551 8473 7272 1599 3938 8879 6347 6601 5615 9278 7656 527 5229 1995 7807 5860 2210 3437 2712 8907 7647 6791 2414 6847 8193 5986 8239 9885 1752 6574 2791 4043 307 1492 8710 2385 2559 5224 1832 6695 7212 4561 7307 5911 4426 5851 1142 3598 8922 3751 8435 373 3888 9167 3380 2573 4242 8114 9578 1678 3304 7477 4290 3381 735 462 5608 5408 4420 7930 1863 1833 787 8561 7813 1174 5885 821 9071 4549 643 7573 9997 8344 4040 8710 9426 4377 6219 3720 6076 7259 3172 4995 2368 6169 2522 6880 3489 6694 4475 2764 8040 4688 8371 7391 4709 6406 9362 5931 5048 4563 6232 1859 122 3706 7908 1204 4754 2998 7080 9894 7529 8786 6864 4570 236 9634 478 234 6594 729 6695 440 9121 5143 330 3017 5016 2513 823 2352 6672 2248 1188 1871 5628 8039 5571 7552 1051 7796 6240 6670 8159 7790 608 7216 664 5518 104 7620 8238 329 2023 7393 731 7393 4939 5001 9807 1762 3433 5174 6754 5438 2258 8368 6138 8399 6862 6540 363 3295 1647 1514 3703 1776 665 7394 7864 3552 8446 8759 4780 9897 1571 5677 2847 8114 9726 6 7891 5443 9260 8228 5639 9378 5024 907 5054 7702 6107 336 7353 6058 8173 6472 7089 648 2901 1689 3946 6642 4369 972 4171 2800 5584 8381 4668 2476 1077 5309 1988 6950 2828 7451 4799 6898 5527 6960 180 2597 9487 5244 1071 6441 1438 8716 5970 8781 4781 6596 772 6839 6178 3850 5213 2992 5924 5981 5350 8861 6323 254 474 3981 2905 9676 5059 4724 5752 5614 9937 5027 9654 2689 9529 1931 1091 8309 8806 4352 1333 9993 8767 2456 1559 7964 4413 6352 8089 3874 8719 6029 7301 7447 8762 7911 6191 1981 9786 5320 1713 7464 3623 3591 6389 6292 1712 991 2589 8837 7416 6610 5289 8170 9089 9958 2675 8548 5202 9643 8765 1411 4668 2814 4678 6714 6218 2850 7973 6528 5668 8650 3524 8386 3745 6606 550 4211 1071 5707 8652 696 8978 8433 1876 9763 3824 8630 9956 1163 7365 2511 1365 6890 5573 3152 7452 2750 166 410 189 2646 1902 9826 7381 2434 1818 6508 5501 2809 6032 4268 6516 8878 548 2722 4140 1344 455 5909 4039 5986 4306 6341 1973 8239 5571 3323 8405 6270 9450 6139 3026 8582 3177 5424 1852 4540 6575 945 9456 7954 8885 3548 970 9482 8412 7007 3444 6189 5531 3978 5419 5965 4763 8176 8059 833 7366 9135 8702 7113 4609 2302 5113 133 6696 869 4631 7508 7162 2738 4817 5682 3296 4268 8012 3371 1425 9157 9464 3966 7581 9856 8725 3432 7547 5394 9411 550 496 9665 2055 3788 2271 9471 675 9763 4285 5556 6382 2085 8232 1585 3308 3994 2111 1503 4723 4324 3100 3458 3264 3805 8136 2948 3496 5498 3661 2447 1684 7567 186 7417 2426 3490 141 287 802 9714 7241 7585 6823 2782 42 8751 737 6918 9657 1536 950 8240 9602 101 1266 1092 6935 4580 2304 9530 8674 1781 8122 3507 8892 7907 4113 7876 9780 9179 7003 5473 7953 295 1737 8090 1203 4128 2154 5791 3216 2637 1854 6168 9183 3175 2531 3057 4717 7893 1343 6735 3105 8942 243 7590 3041 5446 6016 8393 9607 2914 7651 8145 4980 9634 5048 9720 422 8249 7403 4674 7684 87 7454 8758 4876 253 8657 1495 8022 2794 9593 4022 7005 4781 1371 5744 9359 2950 5657 4672 6250 3143 5561 1119 3695 8724 3748 7296 2463 2940 8530 6017 5471 2160 4362 8788 4526 1881 5628 3462 7949 9511 2001 3441 4998 626 4640 2383 4779 4015 6700 1513 6251 1603 7149 2014 9121 6918 9610 7492 3020 3897 1218 115 4523 6978 9869 1137 56 1238 4193 1050 8566 1571 9555 4386 2243 9960 8702 7981 1542 3638 6053 5447 3589 6379 1328 9295 7810 8726 7488 3687 8233 6847 2536 8827 923 2169 6929 3232 5051 4463 4708 6698 8637 7461 8035 1410 669 9347 8844 1105 3787 2913 7927 7577 6293 6987 1288 1817 6084 3481 3522 2558 9263 2226 1144 4876 9662 6327 5331 3995 9531 5475 559 2693 6768 3202 1867 8703 2249 1995 8098 8930 1 154 8037 3855 8716 4328 8825 9786 8251 9268 6269 71 376 5724 6190 4680 3094 9095 4133 5477 6401 3688 4566 8095 1384 6033 5252 3703 6788 2519 5684 5534 7188 2873 3129 5760 4072 9093 8283 3562 3037 1668 3062 6989 7545 2520 8885 9702 4289 2693 3578 1441 6229 3953 8498 2299 1404 5735 6976 8123 4464 6431 5243 296 9115 3393 9982 6013 2020 9695 5586 9650 7095 1030 1685 8599 1980 1701 9866 5411 183 2019 3291 3840 471 6549 2555 4684 2598 9732 7299 8554 2080 2671 7738 6562 9452 7573 7087 3222 572 9390 3445 6219 8006 9784 1671 4424 7337 39 5244 9854 1443 5972 5786 7555 1704 5030 9301 2416 1913 7431 8844 5367 7377 5300 7331 8142 1100 2220 3398 434 4945 5720 7223 8796 3263 4668 1066 9664 9048 8701 3797 2338 7390 8826 9165 1575 6377 673 9937 6058 9369 2894 9938 3494 25 9339 9825 6603 1967 640 1562 5084 1783 6248 543 9960 8814 3123 4694 174 3694 7718 6486 6116 6733 9907 7707 2104 8971 2490 7973 6359 6811 701 3736 482 8616 8963 2154 3316 9496 216 2096 962 5914 4124 7469 6175 5095 7514 7059 6337 3914 6652 9543 5247 3115 2683 4469 3644 3441 2252 9792 7078 4159 7387 671 1581 5130 6972 2439 5915 7312 6624 170 5864 6622 216 1301 7867 9825 530 4136 9859 3806 7749 1854 4929 8073 674 5464 7285 9439 9587 5998 5898 1406 9860 2532 6881 3874 5635 277 6053 3502 8907 9122 4387 6669 8046 4604 2595 1200 4628 1846 6608 8059 7285 7772 9122 9949 5106 1367 4110 7966 463 9395 5462 8638 2284 8509 3487 6073 590 944 5086 8306 573 7157 9112 9048 1833 7186 1153 1782 1786 2647 4771 5784 24 403 5483 8685 4114 456 1480 6703 7228 7997 7780 5541 7801 4731 7952 4442 8063 8538 228 242 4801 7007 785 550 313 5738 8004 1018 2746 5740 462 5991 4795 5527 8228 34 8533 6068 339 3112 6738 5330 6267 3196 5326 2738 6399 9664 4895 8106 9958 9169 7487 8299 3343 6592 1567 9024 1775 1872 6265 9630 3031 5405 3766 3893 9121 6211 9238 6378 2521 619 2777 2351 7470 4075 4554 8821 1387 6218 6401 2011 4670 9168 6177 1819 87 3320 9304 6967 4976 100 4188 7996 7615 5765 6901 2560 2859 6028 9150 9384 1968 9587 1778 8496 7988 8703 2965 5689 5300 9521 7021 2563 4226 4475 435 8988 8325 5068 4728 1538 8613 5829 7927 2636 7072 3249 545 2735 214 6222 3817 7539 312 6424 3284 6533 873 4075 9421 4010 5150 7913 3250 5777 8247 3359 5997 6635 626 7998 1971 5990 4261 8765 6118 166 3946 553 6265 4419 4711 4988 3183 3613 7058 8978 7585 2916 6356 7561 5846 3399 8234 5486 7214 8788 880 6325 3122 6332 2923 2495 7252 1928 9596 925 5145 5243 1495 2906 6760 3863 4370 8583 2097 8032 7205 3775 8371 5043 4864 6318 379 7413 6116 3574 8232 6833 9231 1735 2583 8090 5524 6489 2068 3426 4549 4836 7113 9282 6901 6704 7101 8934 3570 8408 2685 3509 7610 5402 6671 7381 9899 6207 3763 1141 8542 6663 371 3595 8432 1770 7882 5087 4829 796 2619 9359 9418 9827 9006 9256 2395 8454 7538 7743 1131 8009 9544 9728 5639 5421 1137 1856 7975 260 2033 379 1738 248 7216 1718 747 4515 4125 3407 988 6824 7771 6936 9817 1048 4251 5839 3838 4031 7799 6569 3752 370 986 6144 8083 5680 4425 1054 5557 5026 170 905 8200 9113 5377 7163 3815 1282 5160 7449 3740 9069 2912 5807 9159 8885 1407 4754 6159 8728 6546 8279 7543 9347 3718 1908 6015 7216 7917 9566 5378 4740 6821 7506 3122 5471 8440 7169 1253 6758 1218 6698 9269 2655 2454 4785 7663 7611 3996 8637 3250 1208 6650 6296 7187 6953 4181 8526 8995 832 4857 7411 1924 4300 4085 2839 3478 2382 3721 3821 813 3733 3871 9705 5915 5316 1850 6081 377 3708 8109 8192 2215 4696 6587 1764 6347 7874 6427 7223 179 4127 1217 5299 7804 8824 7058 5311 8837 4785 4973 1240 1212 4552 322 4296 4895 3438 96 8547 7947 3593 3774 4336 8444 837 5396 8984 26 9792 2477 6698 9241 3309 6821 2510 6513 574 4448 4026 2965 5993 3097 865 2030 6497 2835 4305 3720 5116 574 3931 2622 9913 9363 9532 5265 8465 3818 653 2982 2784 7143 4468 3790 7930 9158 9110 1450 4633 5 3319 9064 8875 9335 7611 3017 608 4022 616 1971 2162 6040 3148 4351 982 2873 8548 2369 2652 8847 9411 6984 7576 8359 9981 6321 247 991 4673 7947 4235 6343 5000 8093 5403 4606 2507 3226 1337 5955 7522 445 5029 2686 1486 4738 7878 2913 4748 307 6462 6328 3381 7578 5820 3262 2497 5948 3554 5705 4639 6174 9210 1724 6583 143 5524 1080 2790 6532 6513 7588 6792 2595 7766 2618 1264 5370 7219 4393 5625 5623 956 3879 7482 3052 1756 584 6435 4502 9761 7790 7548 1469 1953 3357 5742 9455 1485 7499 2496 1965 851 1292 2637 460 3489 1455 5975 1442 5584 8807 2384 4963 1298 7724 7425 8735 7456 2045 6436 9167 887 2625 7156 9258 6702 2074 852 9303 2799 5965 4219 3110 8008 6113 8185 1440 1952 1153 3780 9135 3999 5626 7963 5489 7822 9738 772 5246 443 1710 6658 7916 4020 8108 4622 2988 223 1487 8849 5757 1602 6695 4559 9497 8257 7588 1494 6808 7827 7229 3224 3997 5072 1844 1947 5778 9955 8644 9025 1415 4943 7682 1626 4115 1449 4067 66 2149 1597 3242 7662 1513 2756 939 4683 6608 9706 7582 4605 5776 741 3752 481 981 8176 9153 2027 1 2599 3633 5194 1525 8955 3729 3544 6069 1262 8976 3537 6777 95 1660 7489 3537 4956 9808 7576 8280 2098 1122 5579 8324 95 5987 7806 476 689 3067
