2280
3699
3892
8327
5050
6029
NOT_FOUND
252
NOT_FOUND
2276
3572
NOT_FOUND
9159
2276
2276
1242
7910
2779
6340
NOT_FOUND
1048
2280
4256
6110
NOT_FOUND
8155
NOT_FOUND
6132
NOT_FOUND
1859
2281
2283
9550
337
2283
2286
4056
NOT_FOUND
9829
NOT_FOUND
3183
NOT_FOUND
NOT_FOUND
2289
6586
5492
NOT_FOUND
2289
686
5352
605
2292
1188
NOT_FOUND
2291
2291
1492
2290
NOT_FOUND
1761
7976
957
2287
8181
8389
NOT_FOUND
1477
467
NOT_FOUND
NOT_FOUND
NOT_FOUND
2293
7324
2637
3144
2290
2290
NOT_FOUND
2335
4061
9642
NOT_FOUND
5953
8753
2289
5738
2293
NOT_FOUND
8669
2293
1422
8502
2293
5596
NOT_FOUND
4855
902
3787
2294
6823
5727
2293
5166
7539
2291
NOT_FOUND
2292
1133
2292
2071
4137
1379
2293
2293
2797
7062
NOT_FOUND
9237
681
682
662
NOT_FOUND
2288
2289
NOT_FOUND
2290
NOT_FOUND
NOT_FOUND
NOT_FOUND
2290
2290
NOT_FOUND
1910
65
4970
NOT_FOUND
2288
4108
5693
2287
NOT_FOUND
9203
2287
1029
NOT_FOUND
2287
2287
3838
NOT_FOUND
6143
2285
8325
2285
163
NOT_FOUND
NOT_FOUND
NOT_FOUND
NOT_FOUND
7844
3873
8656
9340
8490
7903
2286
6860
NOT_FOUND
7399
2285
8148
2091
NOT_FOUND
2283
6714
2169
2541
NOT_FOUND
8766
6378
2284
NOT_FOUND
2284
1255
2284
197
8408
NOT_FOUND
6654
NOT_FOUND
9445
2283
6494
2283
151
9537
1591
2282
9673
NOT_FOUND
NOT_FOUND
6345
2282
NOT_FOUND
2418
523
2287
NOT_FOUND
4937
2287
319
2289
9517
1646
9188
NOT_FOUND
2289
NOT_FOUND
129
824
3015
591
3023
2288
7556
473
2858
7791
8436
NOT_FOUND
2292
NOT_FOUND
4713
2483
5523
NOT_FOUND
2293
7642
NOT_FOUND
NOT_FOUND
NOT_FOUND
NOT_FOUND
7474
9441
2291
2578
7965
8132
854
2292
7442
4175
NOT_FOUND
8625
NOT_FOUND
7889
NOT_FOUND
2291
2292
2159
2292
2294
2294
2342
3829
8825
3574
6322
2295
NOT_FOUND
932
2296
NOT_FOUND
NOT_FOUND
NOT_FOUND
2296
NOT_FOUND
2710
2295
NOT_FOUND
2295
2296
9068
7362
8995
7896
NOT_FOUND
1951
NOT_FOUND
2303
3736
2303
8022
8819
2304
NOT_FOUND
2304
8967
2305
2305
9047
NOT_FOUND
2307
NOT_FOUND
534
3123
NOT_FOUND
2306
8299
7195
2304
5151
7392
9301
2358
2302
7121
323
7469
NOT_FOUND
3695
2304
NOT_FOUND
2305
2305
5804
658
2303
NOT_FOUND
8008
2042
8429
9044
1759
4154
NOT_FOUND
NOT_FOUND
NOT_FOUND
2300
408
NOT_FOUND
NOT_FOUND
9051
5718
7193
2301
1801
2300
8141
8080
4871
2298
NOT_FOUND
566
1067
644
NOT_FOUND
1416
1242
NOT_FOUND
2298
2298
NOT_FOUND
9679
5458
750
5965
NOT_FOUND
NOT_FOUND
4918
3680
NOT_FOUND
4990
2298
NOT_FOUND
8062
3502
NOT_FOUND
2049
1474
1235
2434
NOT_FOUND
5909
NOT_FOUND
8305
2301
NOT_FOUND
9125
7449
2301
745
2086
6465
6915
1233
8771
NOT_FOUND
7368
260
6972
7464
NOT_FOUND
NOT_FOUND
1802
NOT_FOUND
8095
NOT_FOUND
NOT_FOUND
NOT_FOUND
4761
NOT_FOUND
9833
NOT_FOUND
6741
2825
NOT_FOUND
2300
3276
3019
2300
NOT_FOUND
NOT_FOUND
2301
NOT_FOUND
243
2301
2302
2302
4322
2301
3252
NOT_FOUND
7739
984
5813
518
NOT_FOUND
7940
5153
NOT_FOUND
2694
2818
NOT_FOUND
NOT_FOUND
3609
1215
551
NOT_FOUND
NOT_FOUND
2306
NOT_FOUND
NOT_FOUND
4118
1836
766
2311
210
2313
2313
8171
4856
5339
1193
2312
220
2881
9063
3819
NOT_FOUND
608
2315
NOT_FOUND
NOT_FOUND
6359
2317
2317
NOT_FOUND
NOT_FOUND
2591
3212
2317
NOT_FOUND
2497
NOT_FOUND
6381
712
2316
1533
8770
2314
2314
2314
5603
6108
3489
115
2148
2314
NOT_FOUND
2314
NOT_FOUND
3717
221
987
8983
8564
2202
5987
2310
3660
2309
2309
9520
2308
NOT_FOUND
2818
2309
272
1306
3140
1855
9582
2306
2307
1229
2307
4878
1666
2306
2306
5551
3739
7917
2306
4517
2305
625
656
2308
2308
NOT_FOUND
7724
7368
2308
NOT_FOUND
8952
2307
NOT_FOUND
2307
NOT_FOUND
2307
7573
4084
6449
NOT_FOUND
NOT_FOUND
5040
NOT_FOUND
2306
472
9991
2305
NOT_FOUND
1082
2305
2308
NOT_FOUND
8653
131
2307
6150
2308
2308
8088
9526
NOT_FOUND
2310
8844
781
4756
3463
629
2113
2372
7159
2288
5557
5498
885
6809
2313
2313
NOT_FOUND
2313
NOT_FOUND
8157
2312
2312
726
2313
2313
NOT_FOUND
2313
2313
5305
2313
NOT_FOUND
NOT_FOUND
NOT_FOUND
228
5426
3430
7834
NOT_FOUND
1190
1957
4955
1696
NOT_FOUND
2309
NOT_FOUND
9713
8521
33
1676
280
6152
2309
7774
NOT_FOUND
2309
3438
2310
NOT_FOUND
8795
6498
1720
8822
7085
NOT_FOUND
4521
NOT_FOUND
NOT_FOUND
9771
NOT_FOUND
4565
6256
1444
1517
NOT_FOUND
7412
NOT_FOUND
4937
1852
NOT_FOUND
NOT_FOUND
8710
2310
2310
806
2309
177
NOT_FOUND
2311
8940
2311
8174
3383
5148
2310
2310
398
NOT_FOUND
9068
NOT_FOUND
8877
1837
2558
1654
1638
870
194
6083
2307
1039
8485
6376
4308
NOT_FOUND
2304
2717
6120
527
1231
2300
9030
7547
2298
2298
2300
2300
1945
7860
8434
2298
7594
8980
4792
NOT_FOUND
4304
8938
2684
210
NOT_FOUND
NOT_FOUND
2296
9707
4172
NOT_FOUND
7325
6334
4622
NOT_FOUND
1952
8424
8390
2296
NOT_FOUND
9513
4722
2296
2265
1256
2296
2296
5214
1165
380
2294
2814
5606
2294
875
1256
86
1879
NOT_FOUND
2294
NOT_FOUND
6157
2956
NOT_FOUND
6607
2295
7591
2295
5195
6958
386
7554
6461
9508
7586
2294
NOT_FOUND
NOT_FOUND
2297
NOT_FOUND
2298
7057
8324
8952
2296
1621
7168
2294
2295
NOT_FOUND
NOT_FOUND
4577
1383
7102
2295
1808
8921
2300
NOT_FOUND
1318
281
1827
2791
2301
4375
2307
6662
NOT_FOUND
415
8632
2139
7104
2310
9982
1520
2784
1791
2308
2309
7815
2308
8825
6305
NOT_FOUND
2889
9418
NOT_FOUND
2307
4772
3799
NOT_FOUND
2306
NOT_FOUND
NOT_FOUND
1667
2309
1394
NOT_FOUND
2309
7657
2309
2309
898
2308
NOT_FOUND
3518
2309
NOT_FOUND
9703
NOT_FOUND
NOT_FOUND
NOT_FOUND
2488
NOT_FOUND
1169
NOT_FOUND
NOT_FOUND
2245
NOT_FOUND
2216
2313
NOT_FOUND
NOT_FOUND
2316
2316
2933
2316
2316
3224
4046
2314
NOT_FOUND
83
2313
2314
7642
3155
112
2256
2312
3156
1147
5066
2314
86
1715
2312
9969
NOT_FOUND
2312
2313
NOT_FOUND
2315
6697
NOT_FOUND
3469
2316
1878
NOT_FOUND
297
7867
2318
762
2318
NOT_FOUND
2388
NOT_FOUND
1733
2317
NOT_FOUND
9195
NOT_FOUND
5491
2317
1352
4808
NOT_FOUND
2320
2320
2320
2321
461
2059
9938
8378
4857
2323
9108
2323
NOT_FOUND
8614
4100
4663
2081
2324
2194
1569
NOT_FOUND
3534
8690
2323
2323
7994
5106
3422
730
6892
6154
4665
9938
NOT_FOUND
8050
1188
7546
NOT_FOUND
NOT_FOUND
NOT_FOUND
306
1862
2322
2322
2322
4897
2322
9884
184
3600
NOT_FOUND
NOT_FOUND
NOT_FOUND
6075
7253
1813
1282
628
NOT_FOUND
4091
2320
3201
NOT_FOUND
NOT_FOUND
2323
5114
9855
5990
NOT_FOUND
1587
2319
NOT_FOUND
2319
NOT_FOUND
6573
NOT_FOUND
NOT_FOUND
1837
1234
9012
2318
NOT_FOUND
3342
2320
NOT_FOUND
1426
2319
2730
NOT_FOUND
2318
NOT_FOUND
6743
3758
7756
3182
8626
6557
7920
9659
2312
2313
7578
2315
2317
4307
1329
2318
2319
7519
2318
NOT_FOUND
NOT_FOUND
2320
1362
2322
NOT_FOUND
6683
NOT_FOUND
NOT_FOUND
2321
3758
2320
5297
8223
1902
2320
1102
3614
9978
1912
6639
4195
1787
NOT_FOUND
2317
NOT_FOUND
2318
2197
6805
2321
2321
5531
2323
2324
1658
2468
9253
2324
NOT_FOUND
3140
6382
NOT_FOUND
NOT_FOUND
252
2590
2324
NOT_FOUND
NOT_FOUND
969
6383
2271
2322
NOT_FOUND
6860
4820
3015
NOT_FOUND
2323
2324
2325
1211
7370
NOT_FOUND
2171
3330
NOT_FOUND
2323
9190
2326
4883
NOT_FOUND
NOT_FOUND
1955
NOT_FOUND
2855
5351
1979
2328
2850
2329
8282
5573
NOT_FOUND
7503
1219
496
2327
2327
2328
6034
652
8038
7613
2327
8812
2328
NOT_FOUND
6932
2292
3720
6188
7412
1497
435
NOT_FOUND
NOT_FOUND
2328
2329
NOT_FOUND
4941
2328
NOT_FOUND
2329
2329
3490
6774
503
2147
9872
1495
870
2152
2327
2327
2327
3996
6609
NOT_FOUND
2327
2327
9522
7746
6010
7375
2325
1000
2324
999
2323
2324
NOT_FOUND
NOT_FOUND
2922
2326
NOT_FOUND
2328
2328
5633
NOT_FOUND
8519
2153
6783
2036
2323
2355
8489
2322
2500
2322
5268
NOT_FOUND
4557
9866
6449
8695
3472
2319
NOT_FOUND
7089
2968
805
38
2317
NOT_FOUND
7183
2809
2315
2315
9023
NOT_FOUND
3083
2314
NOT_FOUND
3030
2315
8247
2314
246
1704
2313
181
5927
NOT_FOUND
819
1241
2313
NOT_FOUND
1185
NOT_FOUND
1870
5688
2317
NOT_FOUND
4661
NOT_FOUND
2319
5271
NOT_FOUND
2320
3708
5376
NOT_FOUND
2318
3543
1631
NOT_FOUND
2318
NOT_FOUND
253
2319
2319
4253
2320
4153
1467
5083
3989
8253
2318
5935
NOT_FOUND
NOT_FOUND
2320
673
5136
NOT_FOUND
3363
2318
4380
2318
1638
2210
605
2317
4088
NOT_FOUND
2316
484
95
NOT_FOUND
2321
NOT_FOUND
3868
NOT_FOUND
2322
702
7540
175
1213
8186
7845
2320
7502
3724
2320
8742
2319
NOT_FOUND
4066
2319
NOT_FOUND
NOT_FOUND
7378
8257
3244
4662
1683
303
NOT_FOUND
6052
2318
6654
2317
1634
2319
NOT_FOUND
3217
4834
6615
2318
8499
2320
1260
2320
1285
NOT_FOUND
NOT_FOUND
NOT_FOUND
3339
4759
NOT_FOUND
4059
2319
2319
NOT_FOUND
4023
2855
7066
NOT_FOUND
1929
1072
5184
1095
NOT_FOUND
7396
2323
2323
2325
NOT_FOUND
2326
2326
NOT_FOUND
5633
2325
6098
3070
1021
1054
2321
6556
NOT_FOUND
2320
8060
2320
6467
4285
7493
NOT_FOUND
5280
NOT_FOUND
2316
2316
9356
6274
1134
NOT_FOUND
2082
9860
NOT_FOUND
4426
1238
2313
2313
NOT_FOUND
NOT_FOUND
2314
NOT_FOUND
2317
2317
8780
9014
9110
NOT_FOUND
5310
NOT_FOUND
1592
6715
5380
1599
2592
3541
9060
2319
5653
9317
NOT_FOUND
9444
NOT_FOUND
2319
2319
2319
8033
2318
2319
2136
2870
2934
3986
5978
2229
5428
2317
9460
6455
8095
NOT_FOUND
4504
9985
NOT_FOUND
75
6992
923
NOT_FOUND
4210
2312
2888
5971
6358
2310
2310
7662
NOT_FOUND
NOT_FOUND
NOT_FOUND
NOT_FOUND
1331
5152
1132
8794
2308
765
8886
4721
2307
197
6274
2306
NOT_FOUND
9408
115
3198
4694
7363
5329
NOT_FOUND
1097
1334
NOT_FOUND
6155
2302
NOT_FOUND
2304
5122
NOT_FOUND
760
9524
3410
2305
904
4703
6185
2348
NOT_FOUND
5939
2303
8195
2303
1421
9378
486
2303
2232
1058
NOT_FOUND
2306
2308
NOT_FOUND
4137
7409
3279
2305
2305
2305
7409
430
NOT_FOUND
2307
7708
NOT_FOUND
NOT_FOUND
2308
2308
NOT_FOUND
7159
2308
9589
2308
8350
7649
2306
5826
2305
1646 7181 9924 8837 8110 1414 2943 1824 9249 1203 6191 3303 9923 7875 6085 5863 4269 8421 1927 4775 5414 8882 5001 2341 5676 7080 7531 3275 1736 5327 4321 3467 1459 6790 5168 5912 433 9545 7861 5492 5561 7047 2416 9490 1222 7393 1893 4741 6163 2273 8628 6922 4199 9585 9376 7930 9616 3912 9521 9390 8736 2216 6487 7706 9102 4808 2099 7439 605 8053 9388 5850 7691 259 7485 9193 8898 6639 7824 4973 8324 1884 2688 4042 3337 2216 4294 3700 9620 1524 2018 8552 3441 5177 5105 1052 1662 9554 863 9056 1494 4696 354 1450 8298 8095 823 2066 1935 4836 1623 6799 686 6020 1790 9721 6095 2992 8401 3021 8163 2940 9081 5000 3175 9192 8291 195 3627 4616 6162 3381 8205 492 6736 4297 3032 980 1868 4111 6723 1038 944 7602 8239 2218 8106 3860 2949 6181 1804 138 1183 9797 9095 8942 2684 119 7489 1425 5736 162 7625 6759 5795 3289 9396 7953 51 7580 426 2698 7673 2953 6203 5507 2785 9583 1522 8864 3236 9609 2956 9395 6793 2567 4777 1503 5216 9689 2996 4843 7891 7049 8464 4314 3054 1664 3278 554 129 6720 8273 6697 5330 4222 3588 6514 8321 1466 8645 7048 443 9883 2932 7379 7649 4365 1012 8094 5275 6213 3862 6721 320 6570 3347 5016 5015 9416 9689 9764 5086 1856 7704 7403 4112 4529 1413 5027 7825 1496 2831 2959 5452 2641 5685 985 9787 7592 8556 4682 8747 3836 385 7743 8277 1083 2563 7795 5232 6169 822 2424 8967 5850 3426 453 6074 2010 9451 735 8601 4324 789 1300 43 4767 6186 8562 7878 9631 73 1479 8082 4775 5791 1745 1858 6755 4854 1595 7629 6884 5620 2493 7189 4492 4168 7759 8634 6853 8339 6634 1464 3720 7429 4681 8695 4154 5564 1309 5178 9771 5279 3202 490 9253 1858 9372 6914 3646 5837 8809 2618 7646 9787 2529 8464 3998 4228 6356 7841 7782 9292 2214 8563 8913 9554 9893 9111 4395 471 6205 5884 8904 759 673 4755 8526 5578 8056 9803 6842 708 8731 4245 3319 8399 1961 3106 1120 1413 2274 4270 4769 9922 6820 6813 3919 7412 7739 6169 2902 4360 9862 2140 9213 13 5366 4877 3931 8883 6982 7512 2932 24 2509 6478 6998 8106 541 145 475 3224 3973 5622 1998 5683 7008 7665 9784 1521 5541 7662 3198 7637 9808 3817 1061 9787 7851 7326 6042 3737 1465 393 4889 4560 7553 664 7792 6151 4747 3453 5103 1942 4118 3434 3346 1815 2936 5945 9082 4156 9180 9764 3808 110 8742 432 9190 7796 2571 2728 3380 8303 5460 9375 2830 7996 9563 7815 6442 9853 4381 1602 9911 7061 9952 5764 96 9356 1107 4486 2855 6493 8328 9165 1332 7235 470 8395 3206 1932 8433 7033 8723 8611 1744 8857 6985 2371 4681 260 1126 8977 135 4875 6123 4648 5366 4354 7351 4538 8933 4069 9440 2052 1219 6634 4545 2057 813 260 3580 930 650 645 5382 7108 949 5878 7795 1508 295 1147 2633 6646 4664 2690 1707 4558 3555 2773 3145 4333 3293 4361 88 8306 7549 3362 4941 5659 6086 1709 4621 4028 3579 2749 3388 9480 3320 5735 7866 9940 8423 4760 1546 4734 2981 7629 7251 1766 6057 9193 9832 7606 1276 8224 3616 8068 7724 3159 9084 5324 732 9263 4162 808 8173 2974 7109 9436 8361 3169 758 2709 515 5340 8649 2070 6458 8189 5663 791 3370 1371 3876 840 2372 5491 8060 2060 7305 6028 2847 7830 7472 1923 9435 925 7085 7567 4262 4331 7661 3575 5077 1152 8818 7345 7374 7908 7353 8394 2435 3428 8659 456 5330 464 7435 2294 1919 9752 9343 8954 1227 4562 8747 7536 2468 3979 3568 655 5239 7680 7554 1012 580 199 9014 3431 6446 9597 8329 4048 1342 2011 9065 6894 715 4468 8079 2965 8689 8989 8102 9870 3128 2012 733 9080 9369 9104 1411 5024 3755 6002 757 2211 2774 8951 8010 3289 8740 2422 7487 3316 4994 6454 3910 5071 2662 2680 1543 7973 8976 9756 1890 98 1173 6700 3846 9533 4178 9752 9948 2824 4811 2142 7266 2654 1091 4256 698 4267 1255 5936 3213 6088 6479 7674 5068 6556 9465 6679 6414 9809 7425 9668 6894 8053 7815 1286 4445 4531 5258 7315 4853 171 1064 5406 9620 9450 5084 9343 7710 3265 6265 6065 2540 5977 5330 757 6888 1695 1365 7520 4891 3729 1132 4742 2764 1576 2736 2961 1929 1637 6936 5699 6197 2937 5843 982 8578 1567 3863 7811 8234 3270 4333 980 9727 234 3964 1935 1375 9655 2917 5940 9433 7575 8840 4799 521 2371 883 5291 3523 2455 3993 2936 4393 6956 9475 5013 1445 8531 2149 5701 5770 7087 8324 3906 4381 8429 8466 3332 5715 1953 5848 1206 555 7772 3382 6645 9210 6615 3706 9069 5227 9350 7779 7981 3579 9442 6608 4900 5619 1596 358 7035 9505 2482 4108 2069 8593 322 4495 5710 1389 353 1954 4803 9139 1640 4075 3712 487 7199 9737 1920 3821 8330 5767 9280 7799 422 1157 5155 5956 5231 8470 3239 6057 6577 5168 789 3850 1731 8355 7758 2793 4034 2078 732 7616 7193 6227 7826 1296 8986 9213 9827 2998 6107 1383 5239 3249 4161 3104 4870 1029 8441 9772 4232 5658 67 5157 8964 6214 1839 6108 4019 6856 8271 619 6434 7608 8324 9121 8618 4869 9505 4998 5115 5195 2727 2368 3107 7241 1715 9923 2286 9755 7911 9089 9016 8565 2837 4139 1593 4627 7524 3733 3996 3362 9447 5261 7979 3210 5046 5192 1195 575 832 7700 5526 8562 7359 2146 8380 1176 6283 7311 9023 7234 1465 2840 6052 1588 9601 262 4946 5923 3094 8029 7842 2423 4400 8318 4143 6860 4485 6458 4004 8763 7815 2171 6069 4705 4679 1653 5622 4427 2194 8758 1489 2014 6186 7634 8491 2026 1100 7038 1249 7135 6630 9782 3588 4181 4008 2269 8303 2366 6046 5712 1835 7445 547 7572 7058 5059 9977 4449 4817 6342 8525 8367 1680 9996 7793 239 2030 5229 5051 1221 2292 126 8668 9691 1891 8596 5930 969 6576 6580 2788 5760 6792 1428 2850 1140 4608 656 7151 7313 8904 4167 9316 2862 5564 7261 5830 7897 9658 8367 6072 3396 8153 103 307 6427 4886 3032 1472 546 5658 1625 9826 2744 9735 7104 8415 5260 7204 3182 2065 2129 854 2384 2071 2931 5434 4899 2785 8393 42 2884 5754 25 3475 2668 2290 262 9021 3139 1478 8683 8848 662 1148 1026 7046 2925 3045 3221 8 2845 4030 4888 3062 3713 7765 2406 7969 5268 6293 9565 1949 7434 4895 8035 6456 8058 9631 1942 4259 2420 3399 8215 6177 6561 9967 7847 8737 7153 224 3581 743 9793 2742 5250 1896 6798 1369 8521 3974 2481 753 1067 9363 9039 6566 2074 9883 7376 2159 2018 7819 56 8908 3286 8680 3883 1462 978 3162 3753 3889 6851 9860 3033 800 9921 3475 4926 41 2788 6594 8300 1123 8478 2779 453 4661 7055 4818 582 9618 6590 8273 2966 9204 4581 5199 1040 8449 4787 6873 5767 6144 76 4123 3374 2718 3395 6172 3671 3475 8731 519 2781 8243 3262 2185 7788 2601 4272 1259 3226 1309 7328 967 9511 2191 1601 1437 8512 8414 1239 5939 6287 1994 3131 2174 6945 884 9006 6087 1452 5809 5088 7682 1477 877 3504 8699 6863 8273 7422 8284 1478 3862 4866 4856 9758 7972 9341 8448 9287 4070 4494 5538 3422 2106 5876 9387 1961 1047 4143 7645 5223 2268 4455 3099 9401 2629 6677 9215 9942 5762 4000 6700 3048 735 1907 896 9751 6727 9645 3341 3599 6726 4255 2107 2902 1197 7988 1708 4763 5209 3700 4108 9437 4062 2959 4244 5733 8613 2448 760 8649 2961 1014 7397 927 346 3331 4073 9241 8864 5055 6952 5152 2193 2620 737 6037 7114 6488 2224 3486 787 2514 7935 9375 7215 7605 2707 1848 7913 1622 7169 7729 1927 2548 5432 8565 4565 6174 198 3525 5501 3139 2862 2919 2101 7794 5638 6985 2084 1963 7346 2097 4284 6851 2398 967 602 969 7605 4323 5868 1883 3337 99 3057 447 1646 3732 800 1485 5477 6480 5558 8623 9118 2710 2823 1756 5538 7006 9035 444 7589 9597 8027 814 98 3109 6810 3911 2829 9220 2138 9185 1946 1013 4991 4590 9771 8903 4325 6292 7776 8430 4915 8340 2628 3699 7192 16 6419 8255 6002 1053 3785 6293 2295 511 1000 9389 5770 2554 3273 6221 1190 2647 1997 1507 2752 2002 8458 9115 7607 8994 4129 2961 3737 8239 9097 8699 6779 1851 1782 9930 5638 6039 5358 9850 6069 1338 8410 8798 9575 5698 3711 5504 7316 1803 3051 474 8590 7247 6788 7108 6797 9740 8027 9332 7307 2484 2338 4458 844 5329 7994 73 2156 374 7817 6055 1864 78 6187 1446 9176 8563 9682 8080 226 3314 9836 5802 2549 7060 7427 3603 7079 7550 4640 7334 554 156 1895 1399 8087 2143 8965 9842 5142 2253 8697 5427 9683 8174 7912 4445 5975 269 1178 9314 5304 3612 9521 1729 2130 5883 7032 6209 147 299 3361 6666 1789 1601 4341 6066 3830 5424 4026 2670 8854 2524 5467 4650 5626 4285 7716 5087 2860 1420 3335 8411 9122 7648 1354 8733 9856 4171 9522 4130 9312 9599 4089 6725 4834 3031 9157 3507 4598 6686 3697 7365 4742 5595 9944 2305 9234 8283 2704 4570 9533 90 9627 5233 7872 539 7906 7538 8847 16 5522 8734 4054 2051 2897 1768 2080 7156 7848 1577 8444 6569 4211 9775 5512 9554 6558 6480 8661 2263 6718 808 1840 8716 6829 9447 4920 39 1468 5830 7189 1815 8583 9035 6729 8287 7281 476 6971 2095 9341 4561 1389 8441 4608 8237 1264 9951 9654 4693 2286 9207 4130 5859 5435 6698 6476 7255 7638 1007 4949 8878 9019 8905 4215 4937 8610 2601 2350 3595 753 2535 7430 3579 7588 3606 6379 1999 8481 2701 2125 4847 8900 1642 4010 1072 8563 3455 8931 2214 2366 4148 1691 7093 4719 1578 6519 8177 8921 3929 2963 9402 9172 9683 8046 7949 1858 7408 8376 2322 3899 2847 4268 190 5415 948 2700 6047 8605 9931 508 9964 379 3467 204 9207 474 4620 1377 5979 8997 5770 4366 9420 5526 8706 2130 2858 9296 1736 7312 33 3609 1058 3826 6363 979 6907 486 9787 349 7526 5457 831 2345 1219 2780 4433 3391 9083 9133 4907 7523 8977 3953 3891 8637 6397 3506 9358 4022 9714 4305 7297 9588 5061 9089 6703 4486 6851 8878 5031 5423 9114 4026 8275 2878 179 5119 7755 6717 211 7654 6770 2277 6464 2996 5280 4710 3356 2632 324 1104 9331 5770 6073 6453 147 7152 4167 8077 2122 4781 3529 8039 8632 3617 6522 7397 7601 5036 1880 4703 8952 5420 7758 5013 7475 4702 5868 6096 7346 7677 5032 5486 8548 5348 564 2318 8860 4618 309 6347 2898 3342 9927 1155 5917 9464 6120 5381 3576 7976 3874 7722 5270 7515 7743 5705 5181 627 3672 2792 153 9054 5738 6648 4068 4477 8712 4316 9124 5990 2265 2531 4430 2494 2947 6199 6606 3078 2956 7441 4246 5603 6314 9188 5396 6537 2257 5481 1665 1074 3678 2053 8207 4133 2369 3397 4601 9554 837 1279 5649 3364 4860 4066 7153 1274 805 5049 6461 3640 4814 9188 2069 9009 7061 3588 5547 9627 6602 6491 2282 5720 5093 2750 1691 4072 8606 4847 5306 3307 5220 6685 9719 6678 8282 9968 5914 7196 4344 6269 3407 8928 108 7655 4142 3214 5461 2635 5574 2689 5318 1326 8439 5158 3589 9626 9688 2590 3075 5929 3629 4956 9974 1430 8061 8977 2523 9231 2384 9708 866 4134 63 2416 1435 5039 7943 929 9115 6239 2648 2365 9754 2692 3438 7023 4320 5478 7060 9632 6530 6620 7543 8164 1285 4067 9917 9377 3901 180 2382 8672 3389 6898 984 2951 5417 8853 3642 6173 1628 8481 2437 3223 8901 6651 2769 3207 3932 302 2055 4761 3025 9419 9428 6530 5229 2213 5564 8179 7787 831 6096 5030 7365 9984 2046 3908 7686 2554 7671 6052 2202 1914 7780 8018 5600 2487 5640 8909 9578 4357 7676 4597 160 9851 2494 1876 5673 3116 9183 537 1318 7714 4815 3678 7202 4672 7819 3088 4223 5096 7790 6636 9009 9246 1372 7264 1677 5108 8886 7931 352 3284 9266 1162 176 6608 5436 6779 5686 5873 6470 9565 8101 3610 5357 1905 4657 2121 1818 1981 8147 6265 2719 6169 7950 9632 5930 2211 4051 6265 7551 7946 4440 9363 2543 6502 7246 2350 2985 4719 5649 2721 9009 9259 8529 4517 2192 6499 6504 5847 9466 5985 9454 9491 5746 9591 5339 7471 8592 4080 3863 2505 4444 9738 4445 4623 5593 3761 5204 9885 5798 3377 9091 3872 4000 4296 9794 1364 1473 3272 6065 968 3877 6716 7036 6221 5987 1073 5890 6274 7649 1320 2905 7534 9233 5435 8213 7018 1756 6573 4581 6564 7516 3034 2935 9169 2325 452 7443 5686 9098 2194 1103 4515 5685 1426 9874 8011 495 5804 6505 8599 2904 797 5780 9629 1645 6094 3271 8734 6286 6582 8804 6607 5583 342 6312 7364 2093 2243 6300 6349 3327 903 7049 1898 1222 5647 6256 6101 3715 8074 8678 5600 7961 125 3555 8851 2030 2476 316 2389 7639 1718 377 630 8766 3648 1824 9816 9827 4038 2406 8555 9520 7222 8450 1288 960 2862 6253 4031 5462 1049 8408 8374 2488 5541 647 190 2189 72 5385 8033 5400 9981 4986 8990 9896 7781 639 2829 5467 8329 1252 7719 4028 2145 452 4669 8557 2004 1649 348
348 1649 2004 8557 4669 452 2145 4028 7719 1252 8329 5467 2829 639 7781 9896 8990 4986 9981 5400 8033 5385 72 2189 190 647 5541 2488 8374 8408 1049 5462 4031 6253 2862 960 1288 8450 7222 9520 8555 2406 4038 9827 9816 1824 3648 8766 630 377 1718 7639 2389 316 2476 2030 8851 3555 125 7961 5600 8678 8074 3715 6101 6256 5647 1222 1898 7049 903 3327 6349 6300 2243 2093 7364 6312 342 5583 6607 8804 6582 6286 8734 3271 6094 1645 9629 5780 797 2904 8599 6505 5804 495 8011 9874 1426 5685 4515 1103 2194 9098 5686 7443 452 2325 9169 2935 3034 7516 6564 4581 6573 1756 7018 8213 5435 9233 7534 2905 1320 7649 6274 5890 1073 5987 6221 7036 6716 3877 968 6065 3272 1473 1364 9794 4296 4000 3872 9091 3377 5798 9885 5204 3761 5593 4623 4445 9738 4444 2505 3863 4080 8592 7471 5339 9591 5746 9491 9454 5985 9466 5847 6504 6499 2192 4517 8529 9259 9009 2721 5649 4719 2985 2350 7246 6502 2543 9363 4440 7946 7551 6265 4051 2211 5930 9632 7950 6169 2719 6265 8147 1981 1818 2121 4657 1905 5357 3610 8101 9565 6470 5873 5686 6779 5436 6608 176 1162 9266 3284 352 7931 8886 5108 1677 7264 1372 9246 9009 6636 7790 5096 4223 3088 7819 4672 7202 3678 4815 7714 1318 537 9183 3116 5673 1876 2494 9851 160 4597 7676 4357 9578 8909 5640 2487 5600 8018 7780 1914 2202 6052 7671 2554 7686 3908 2046 9984 7365 5030 6096 831 7787 8179 5564 2213 5229 6530 9428 9419 3025 4761 2055 302 3932 3207 2769 6651 8901 3223 2437 8481 1628 6173 3642 8853 5417 2951 984 6898 3389 8672 2382 180 3901 9377 9917 4067 1285 8164 7543 6620 6530 9632 7060 5478 4320 7023 3438 2692 9754 2365 2648 6239 9115 929 7943 5039 1435 2416 63 4134 866 9708 2384 9231 2523 8977 8061 1430 9974 4956 3629 5929 3075 2590 9688 9626 3589 5158 8439 1326 5318 2689 5574 2635 5461 3214 4142 7655 108 8928 3407 6269 4344 7196 5914 9968 8282 6678 9719 6685 5220 3307 5306 4847 8606 4072 1691 2750 5093 5720 2282 6491 6602 9627 5547 3588 7061 9009 2069 9188 4814 3640 6461 5049 805 1274 7153 4066 4860 3364 5649 1279 837 9554 4601 3397 2369 4133 8207 2053 3678 1074 1665 5481 2257 6537 5396 9188 6314 5603 4246 7441 2956 3078 6606 6199 2947 2494 4430 2531 2265 5990 9124 4316 8712 4477 4068 6648 5738 9054 153 2792 3672 627 5181 5705 7743 7515 5270 7722 3874 7976 3576 5381 6120 9464 5917 1155 9927 3342 2898 6347 309 4618 8860 2318 564 5348 8548 5486 5032 7677 7346 6096 5868 4702 7475 5013 7758 5420 8952 4703 1880 5036 7601 7397 6522 3617 8632 8039 3529 4781 2122 8077 4167 7152 147 6453 6073 5770 9331 1104 324 2632 3356 4710 5280 2996 6464 2277 6770 7654 211 6717 7755 5119 179 2878 8275 4026 9114 5423 5031 8878 6851 4486 6703 9089 5061 9588 7297 4305 9714 4022 9358 3506 6397 8637 3891 3953 8977 7523 4907 9133 9083 3391 4433 2780 1219 2345 831 5457 7526 349 9787 486 6907 979 6363 3826 1058 3609 33 7312 1736 9296 2858 2130 8706 5526 9420 4366 5770 8997 5979 1377 4620 474 9207 204 3467 379 9964 508 9931 8605 6047 2700 948 5415 190 4268 2847 3899 2322 8376 7408 1858 7949 8046 9683 9172 9402 2963 3929 8921 8177 6519 1578 4719 7093 1691 4148 2366 2214 8931 3455 8563 1072 4010 1642 8900 4847 2125 2701 8481 1999 6379 3606 7588 3579 7430 2535 753 3595 2350 2601 8610 4937 4215 8905 9019 8878 4949 1007 7638 7255 6476 6698 5435 5859 4130 9207 2286 4693 9654 9951 1264 8237 4608 8441 1389 4561 9341 2095 6971 476 7281 8287 6729 9035 8583 1815 7189 5830 1468 39 4920 9447 6829 8716 1840 808 6718 2263 8661 6480 6558 9554 5512 9775 4211 6569 8444 1577 7848 7156 2080 1768 2897 2051 4054 8734 5522 16 8847 7538 7906 539 7872 5233 9627 90 9533 4570 2704 8283 9234 2305 9944 5595 4742 7365 3697 6686 4598 3507 9157 3031 4834 6725 4089 9599 9312 4130 9522 4171 9856 8733 1354 7648 9122 8411 3335 1420 2860 5087 7716 4285 5626 4650 5467 2524 8854 2670 4026 5424 3830 6066 4341 1601 1789 6666 3361 299 147 6209 7032 5883 2130 1729 9521 3612 5304 9314 1178 269 5975 4445 7912 8174 9683 5427 8697 2253 5142 9842 8965 2143 8087 1399 1895 156 554 7334 4640 7550 7079 3603 7427 7060 2549 5802 9836 3314 226 8080 9682 8563 9176 1446 6187 78 1864 6055 7817 374 2156 73 7994 5329 844 4458 2338 2484 7307 9332 8027 9740 6797 7108 6788 7247 8590 474 3051 1803 7316 5504 3711 5698 9575 8798 8410 1338 6069 9850 5358 6039 5638 9930 1782 1851 6779 8699 9097 8239 3737 2961 4129 8994 7607 9115 8458 2002 2752 1507 1997 2647 1190 6221 3273 2554 5770 9389 1000 511 2295 6293 3785 1053 6002 8255 6419 16 7192 3699 2628 8340 4915 8430 7776 6292 4325 8903 9771 4590 4991 1013 1946 9185 2138 9220 2829 3911 6810 3109 98 814 8027 9597 7589 444 9035 7006 5538 1756 2823 2710 9118 8623 5558 6480 5477 1485 800 3732 1646 447 3057 99 3337 1883 5868 4323 7605 969 602 967 2398 6851 4284 2097 7346 1963 2084 6985 5638 7794 2101 2919 2862 3139 5501 3525 198 6174 4565 8565 5432 2548 1927 7729 7169 1622 7913 1848 2707 7605 7215 9375 7935 2514 787 3486 2224 6488 7114 6037 737 2620 2193 5152 6952 5055 8864 9241 4073 3331 346 927 7397 1014 2961 8649 760 2448 8613 5733 4244 2959 4062 9437 4108 3700 5209 4763 1708 7988 1197 2902 2107 4255 6726 3599 3341 9645 6727 9751 896 1907 735 3048 6700 4000 5762 9942 9215 6677 2629 9401 3099 4455 2268 5223 7645 4143 1047 1961 9387 5876 2106 3422 5538 4494 4070 9287 8448 9341 7972 9758 4856 4866 3862 1478 8284 7422 8273 6863 8699 3504 877 1477 7682 5088 5809 1452 6087 9006 884 6945 2174 3131 1994 6287 5939 1239 8414 8512 1437 1601 2191 9511 967 7328 1309 3226 1259 4272 2601 7788 2185 3262 8243 2781 519 8731 3475 3671 6172 3395 2718 3374 4123 76 6144 5767 6873 4787 8449 1040 5199 4581 9204 2966 8273 6590 9618 582 4818 7055 4661 453 2779 8478 1123 8300 6594 2788 41 4926 3475 9921 800 3033 9860 6851 3889 3753 3162 978 1462 3883 8680 3286 8908 56 7819 2018 2159 7376 9883 2074 6566 9039 9363 1067 753 2481 3974 8521 1369 6798 1896 5250 2742 9793 743 3581 224 7153 8737 7847 9967 6561 6177 8215 3399 2420 4259 1942 9631 8058 6456 8035 4895 7434 1949 9565 6293 5268 7969 2406 7765 3713 3062 4888 4030 2845 8 3221 3045 2925 7046 1026 1148 662 8848 8683 1478 3139 9021 262 2290 2668 3475 25 5754 2884 42 8393 2785 4899 5434 2931 2071 2384 854 2129 2065 3182 7204 5260 8415 7104 9735 2744 9826 1625 5658 546 1472 3032 4886 6427 307 103 8153 3396 6072 8367 9658 7897 5830 7261 5564 2862 9316 4167 8904 7313 7151 656 4608 1140 2850 1428 6792 5760 2788 6580 6576 969 5930 8596 1891 9691 8668 126 2292 1221 5051 5229 2030 239 7793 9996 1680 8367 8525 6342 4817 4449 9977 5059 7058 7572 547 7445 1835 5712 6046 2366 8303 2269 4008 4181 3588 9782 6630 7135 1249 7038 1100 2026 8491 7634 6186 2014 1489 8758 2194 4427 5622 1653 4679 4705 6069 2171 7815 8763 4004 6458 4485 6860 4143 8318 4400 2423 7842 8029 3094 5923 4946 262 9601 1588 6052 2840 1465 7234 9023 7311 6283 1176 8380 2146 7359 8562 5526 7700 832 575 1195 5192 5046 3210 7979 5261 9447 3362 3996 3733 7524 4627 1593 4139 2837 8565 9016 9089 7911 9755 2286 9923 1715 7241 3107 2368 2727 5195 5115 4998 9505 4869 8618 9121 8324 7608 6434 619 8271 6856 4019 6108 1839 6214 8964 5157 67 5658 4232 9772 8441 1029 4870 3104 4161 3249 5239 1383 6107 2998 9827 9213 8986 1296 7826 6227 7193 7616 732 2078 4034 2793 7758 8355 1731 3850 789 5168 6577 6057 3239 8470 5231 5956 5155 1157 422 7799 9280 5767 8330 3821 1920 9737 7199 487 3712 4075 1640 9139 4803 1954 353 1389 5710 4495 322 8593 2069 4108 2482 9505 7035 358 1596 5619 4900 6608 9442 3579 7981 7779 9350 5227 9069 3706 6615 9210 6645 3382 7772 555 1206 5848 1953 5715 3332 8466 8429 4381 3906 8324 7087 5770 5701 2149 8531 1445 5013 9475 6956 4393 2936 3993 2455 3523 5291 883 2371 521 4799 8840 7575 9433 5940 2917 9655 1375 1935 3964 234 9727 980 4333 3270 8234 7811 3863 1567 8578 982 5843 2937 6197 5699 6936 1637 1929 2961 2736 1576 2764 4742 1132 3729 4891 7520 1365 1695 6888 757 5330 5977 2540 6065 6265 3265 7710 9343 5084 9450 9620 5406 1064 171 4853 7315 5258 4531 4445 1286 7815 8053 6894 9668 7425 9809 6414 6679 9465 6556 5068 7674 6479 6088 3213 5936 1255 4267 698 4256 1091 2654 7266 2142 4811 2824 9948 9752 4178 9533 3846 6700 1173 98 1890 9756 8976 7973 1543 2680 2662 5071 3910 6454 4994 3316 7487 2422 8740 3289 8010 8951 2774 2211 757 6002 3755 5024 1411 9104 9369 9080 733 2012 3128 9870 8102 8989 8689 2965 8079 4468 715 6894 9065 2011 1342 4048 8329 9597 6446 3431 9014 199 580 1012 7554 7680 5239 655 3568 3979 2468 7536 8747 4562 1227 8954 9343 9752 1919 2294 7435 464 5330 456 8659 3428 2435 8394 7353 7908 7374 7345 8818 1152 5077 3575 7661 4331 4262 7567 7085 925 9435 1923 7472 7830 2847 6028 7305 2060 8060 5491 2372 840 3876 1371 3370 791 5663 8189 6458 2070 8649 5340 515 2709 758 3169 8361 9436 7109 2974 8173 808 4162 9263 732 5324 9084 3159 7724 8068 3616 8224 1276 7606 9832 9193 6057 1766 7251 7629 2981 4734 1546 4760 8423 9940 7866 5735 3320 9480 3388 2749 3579 4028 4621 1709 6086 5659 4941 3362 7549 8306 88 4361 3293 4333 3145 2773 3555 4558 1707 2690 4664 6646 2633 1147 295 1508 7795 5878 949 7108 5382 645 650 930 3580 260 813 2057 4545 6634 1219 2052 9440 4069 8933 4538 7351 4354 5366 4648 6123 4875 135 8977 1126 260 4681 2371 6985 8857 1744 8611 8723 7033 8433 1932 3206 8395 470 7235 1332 9165 8328 6493 2855 4486 1107 9356 96 5764 9952 7061 9911 1602 4381 9853 6442 7815 9563 7996 2830 9375 5460 8303 3380 2728 2571 7796 9190 432 8742 110 3808 9764 9180 4156 9082 5945 2936 1815 3346 3434 4118 1942 5103 3453 4747 6151 7792 664 7553 4560 4889 393 1465 3737 6042 7326 7851 9787 1061 3817 9808 7637 3198 7662 5541 1521 9784 7665 7008 5683 1998 5622 3973 3224 475 145 541 8106 6998 6478 2509 24 2932 7512 6982 8883 3931 4877 5366 13 9213 2140 9862 4360 2902 6169 7739 7412 3919 6813 6820 9922 4769 4270 2274 1413 1120 3106 1961 8399 3319 4245 8731 708 6842 9803 8056 5578 8526 4755 673 759 8904 5884 6205 471 4395 9111 9893 9554 8913 8563 2214 9292 7782 7841 6356 4228 3998 8464 2529 9787 7646 2618 8809 5837 3646 6914 9372 1858 9253 490 3202 5279 9771 5178 1309 5564 4154 8695 4681 7429 3720 1464 6634 8339 6853 8634 7759 4168 4492 7189 2493 5620 6884 7629 1595 4854 6755 1858 1745 5791 4775 8082 1479 73 9631 7878 8562 6186 4767 43 1300 789 4324 8601 735 9451 2010 6074 453 3426 5850 8967 2424 822 6169 5232 7795 2563 1083 8277 7743 385 3836 8747 4682 8556 7592 9787 985 5685 2641 5452 2959 2831 1496 7825 5027 1413 4529 4112 7403 7704 1856 5086 9764 9689 9416 5015 5016 3347 6570 320 6721 3862 6213 5275 8094 1012 4365 7649 7379 2932 9883 443 7048 8645 1466 8321 6514 3588 4222 5330 6697 8273 6720 129 554 3278 1664 3054 4314 8464 7049 7891 4843 2996 9689 5216 1503 4777 2567 6793 9395 2956 9609 3236 8864 1522 9583 2785 5507 6203 2953 7673 2698 426 7580 51 7953 9396 3289 5795 6759 7625 162 5736 1425 7489 119 2684 8942 9095 9797 1183 138 1804 6181 2949 3860 8106 2218 8239 7602 944 1038 6723 4111 1868 980 3032 4297 6736 492 8205 3381 6162 4616 3627 195 8291 9192 3175 5000 9081 2940 8163 3021 8401 2992 6095 9721 1790 6020 686 6799 1623 4836 1935 2066 823 8095 8298 1450 354 4696 1494 9056 863 9554 1662 1052 5105 5177 3441 8552 2018 1524 9620 3700 4294 2216 3337 4042 2688 1884 8324 4973 7824 6639 8898 9193 7485 259 7691 5850 9388 8053 605 7439 2099 4808 9102 7706 6487 2216 8736 9390 9521 3912 9616 7930 9376 9585 4199 6922 8628 2273 6163 4741 1893 7393 1222 9490 2416 7047 5561 5492 7861 9545 433 5912 5168 6790 1459 3467 4321 5327 1736 3275 7531 7080 5676 2341 5001 8882 5414 4775 1927 8421 4269 5863 6085 7875 9923 3303 6191 1203 9249 1824 2943 1414 8110 8837 9924 7181 1646
348 1649 2004 8557 4669 452 2145 4028 7719 1252 8329 5467 2829 639 7781 9896 8990 4986 9981 5400 8033 5385 72 2189 190 647 5541 2488 8374 8408 1049 5462 4031 6253 2862 960 1288 8450 7222 9520 8555 2406 4038 9827 9816 1824 3648 8766 630 377 1718 7639 2389 316 2476 2030 8851 3555 125 7961 5600 8678 8074 3715 6101 6256 5647 1222 1898 7049 903 3327 6349 6300 2243 2093 7364 6312 342 5583 6607 8804 6582 6286 8734 3271 6094 1645 9629 5780 797 2904 8599 6505 5804 495 8011 9874 1426 5685 4515 1103 2194 9098 5686 7443 452 2325 9169 2935 3034 7516 6564 4581 6573 1756 7018 8213 5435 9233 7534 2905 1320 7649 6274 5890 1073 5987 6221 7036 6716 3877 968 6065 3272 1473 1364 9794 4296 4000 3872 9091 3377 5798 9885 5204 3761 5593 4623 4445 9738 4444 2505 3863 4080 8592 7471 5339 9591 5746 9491 9454 5985 9466 5847 6504 6499 2192 4517 8529 9259 9009 2721 5649 4719 2985 2350 7246 6502 2543 9363 4440 7946 7551 6265 4051 2211 5930 9632 7950 6169 2719 6265 8147 1981 1818 2121 4657 1905 5357 3610 8101 9565 6470 5873 5686 6779 5436 6608 176 1162 9266 3284 352 7931 8886 5108 1677 7264 1372 9246 9009 6636 7790 5096 4223 3088 7819 4672 7202 3678 4815 7714 1318 537 9183 3116 5673 1876 2494 9851 160 4597 7676 4357 9578 8909 5640 2487 5600 8018 7780 1914 2202 6052 7671 2554 7686 3908 2046 9984 7365 5030 6096 831 7787 8179 5564 2213 5229 6530 9428 9419 3025 4761 2055 302 3932 3207 2769 6651 8901 3223 2437 8481 1628 6173 3642 8853 5417 2951 984 6898 3389 8672 2382 180 3901 9377 9917 4067 1285 8164 7543 6620 6530 9632 7060 5478 4320 7023 3438 2692 9754 2365 2648 6239 9115 929 7943 5039 1435 2416 63 4134 866 9708 2384 9231 2523 8977 8061 1430 9974 4956 3629 5929 3075 2590 9688 9626 3589 5158 8439 1326 5318 2689 5574 2635 5461 3214 4142 7655 108 8928 3407 6269 4344 7196 5914 9968 8282 6678 9719 6685 5220 3307 5306 4847 8606 4072 1691 2750 5093 5720 2282 6491 6602 9627 5547 3588 7061 9009 2069 9188 4814 3640 6461 5049 805 1274 7153 4066 4860 3364 5649 1279 837 9554 4601 3397 2369 4133 8207 2053 3678 1074 1665 5481 2257 6537 5396 9188 6314 5603 4246 7441 2956 3078 6606 6199 2947 2494 4430 2531 2265 5990 9124 4316 8712 4477 4068 6648 5738 9054 153 2792 3672 627 5181 5705 7743 7515 5270 7722 3874 7976 3576 5381 6120 9464 5917 1155 9927 3342 2898 6347 309 4618 8860 2318 564 5348 8548 5486 5032 7677 7346 6096 5868 4702 7475 5013 7758 5420 8952 4703 1880 5036 7601 7397 6522 3617 8632 8039 3529 4781 2122 8077 4167 7152 147 6453 6073 5770 9331 1104 324 2632 3356 4710 5280 2996 6464 2277 6770 7654 211 6717 7755 5119 179 2878 8275 4026 9114 5423 5031 8878 6851 4486 6703 9089 5061 9588 7297 4305 9714 4022 9358 3506 6397 8637 3891 3953 8977 7523 4907 9133 9083 3391 4433 2780 1219 2345 831 5457 7526 349 9787 486 6907 979 6363 3826 1058 3609 33 7312 1736 9296 2858 2130 8706 5526 9420 4366 5770 8997 5979 1377 4620 474 9207 204 3467 379 9964 508 9931 8605 6047 2700 948 5415 190 4268 2847 3899 2322 8376 7408 1858 7949 8046 9683 9172 9402 2963 3929 8921 8177 6519 1578 4719 7093 1691 4148 2366 2214 8931 3455 8563 1072 4010 1642 8900 4847 2125 2701 8481 1999 6379 3606 7588 3579 7430 2535 753 3595 2350 2601 8610 4937 4215 8905 9019 8878 4949 1007 7638 7255 6476 6698 5435 5859 4130 9207 2286 4693 9654 9951 1264 8237 4608 8441 1389 4561 9341 2095 6971 476 7281 8287 6729 9035 8583 1815 7189 5830 1468 39 4920 9447 6829 8716 1840 808 6718 2263 8661 6480 6558 9554 5512 9775 4211 6569 8444 1577 7848 7156 2080 1768 2897 2051 4054 8734 5522 16 8847 7538 7906 539 7872 5233 9627 90 9533 4570 2704 8283 9234 2305 9944 5595 4742 7365 3697 6686 4598 3507 9157 3031 4834 6725 4089 9599 9312 4130 9522 4171 9856 8733 1354 7648 9122 8411 3335 1420 2860 5087 7716 4285 5626 4650 5467 2524 8854 2670 4026 5424 3830 6066 4341 1601 1789 6666 3361 299 147 6209 7032 5883 2130 1729 9521 3612 5304 9314 1178 269 5975 4445 7912 8174 9683 5427 8697 2253 5142 9842 8965 2143 8087 1399 1895 156 554 7334 4640 7550 7079 3603 7427 7060 2549 5802 9836 3314 226 8080 9682 8563 9176 1446 6187 78 1864 6055 7817 374 2156 73 7994 5329 844 4458 2338 2484 7307 9332 8027 9740 6797 7108 6788 7247 8590 474 3051 1803 7316 5504 3711 5698 9575 8798 8410 1338 6069 9850 5358 6039 5638 9930 1782 1851 6779 8699 9097 8239 3737 2961 4129 8994 7607 9115 8458 2002 2752 1507 1997 2647 1190 6221 3273 2554 5770 9389 1000 511 2295 6293 3785 1053 6002 8255 6419 16 7192 3699 2628 8340 4915 8430 7776 6292 4325 8903 9771 4590 4991 1013 1946 9185 2138 9220 2829 3911 6810 3109 98 814 8027 9597 7589 444 9035 7006 5538 1756 2823 2710 9118 8623 5558 6480 5477 1485 800 3732 1646 447 3057 99 3337 1883 5868 4323 7605 969 602 967 2398 6851 4284 2097 7346 1963 2084 6985 5638 7794 2101 2919 2862 3139 5501 3525 198 6174 4565 8565 5432 2548 1927 7729 7169 1622 7913 1848 2707 7605 7215 9375 7935 2514 787 3486 2224 6488 7114 6037 737 2620 2193 5152 6952 5055 8864 9241 4073 3331 346 927 7397 1014 2961 8649 760 2448 8613 5733 4244 2959 4062 9437 4108 3700 5209 4763 1708 7988 1197 2902 2107 4255 6726 3599 3341 9645 6727 9751 896 1907 735 3048 6700 4000 5762 9942 9215 6677 2629 9401 3099 4455 2268 5223 7645 4143 1047 1961 9387 5876 2106 3422 5538 4494 4070 9287 8448 9341 7972 9758 4856 4866 3862 1478 8284 7422 8273 6863 8699 3504 877 1477 7682 5088 5809 1452 6087 9006 884 6945 2174 3131 1994 6287 5939 1239 8414 8512 1437 1601 2191 9511 967 7328 1309 3226 1259 4272 2601 7788 2185 3262 8243 2781 519 8731 3475 3671 6172 3395 2718 3374 4123 76 6144 5767 6873 4787 8449 1040 5199 4581 9204 2966 8273 6590 9618 582 4818 7055 4661 453 2779 8478 1123 8300 6594 2788 41 4926 3475 9921 800 3033 9860 6851 3889 3753 3162 978 1462 3883 8680 3286 8908 56 7819 2018 2159 7376 9883 2074 6566 9039 9363 1067 753 2481 3974 8521 1369 6798 1896 5250 2742 9793 743 3581 224 7153 8737 7847 9967 6561 6177 8215 3399 2420 4259 1942 9631 8058 6456 8035 4895 7434 1949 9565 6293 5268 7969 2406 7765 3713 3062 4888 4030 2845 8 3221 3045 2925 7046 1026 1148 662 8848 8683 1478 3139 9021 262 2290 2668 3475 25 5754 2884 42 8393 2785 4899 5434 2931 2071 2384 854 2129 2065 3182 7204 5260 8415 7104 9735 2744 9826 1625 5658 546 1472 3032 4886 6427 307 103 8153 3396 6072 8367 9658 7897 5830 7261 5564 2862 9316 4167 8904 7313 7151 656 4608 1140 2850 1428 6792 5760 2788 6580 6576 969 5930 8596 1891 9691 8668 126 2292 1221 5051 5229 2030 239 7793 9996 1680 8367 8525 6342 4817 4449 9977 5059 7058 7572 547 7445 1835 5712 6046 2366 8303 2269 4008 4181 3588 9782 6630 7135 1249 7038 1100 2026 8491 7634 6186 2014 1489 8758 2194 4427 5622 1653 4679 4705 6069 2171 7815 8763 4004 6458 4485 6860 4143 8318 4400 2423 7842 8029 3094 5923 4946 262 9601 1588 6052 2840 1465 7234 9023 7311 6283 1176 8380 2146 7359 8562 5526 7700 832 575 1195 5192 5046 3210 7979 5261 9447 3362 3996 3733 7524 4627 1593 4139 2837 8565 9016 9089 7911 9755 2286 9923 1715 7241 3107 2368 2727 5195 5115 4998 9505 4869 8618 9121 8324 7608 6434 619 8271 6856 4019 6108 1839 6214 8964 5157 67 5658 4232 9772 8441 1029 4870 3104 4161 3249 5239 1383 6107 2998 9827 9213 8986 1296 7826 6227 7193 7616 732 2078 4034 2793 7758 8355 1731 3850 789 5168 6577 6057 3239 8470 5231 5956 5155 1157 422 7799 9280 5767 8330 3821 1920 9737 7199 487 3712 4075 1640 9139 4803 1954 353 1389 5710 4495 322 8593 2069 4108 2482 9505 7035 358 1596 5619 4900 6608 9442 3579 7981 7779 9350 5227 9069 3706 6615 9210 6645 3382 7772 555 1206 5848 1953 5715 3332 8466 8429 4381 3906 8324 7087 5770 5701 2149 8531 1445 5013 9475 6956 4393 2936 3993 2455 3523 5291 883 2371 521 4799 8840 7575 9433 5940 2917 9655 1375 1935 3964 234 9727 980 4333 3270 8234 7811 3863 1567 8578 982 5843 2937 6197 5699 6936 1637 1929 2961 2736 1576 2764 4742 1132 3729 4891 7520 1365 1695 6888 757 5330 5977 2540 6065 6265 3265 7710 9343 5084 9450 9620 5406 1064 171 4853 7315 5258 4531 4445 1286 7815 8053 6894 9668 7425 9809 6414 6679 9465 6556 5068 7674 6479 6088 3213 5936 1255 4267 698 4256 1091 2654 7266 2142 4811 2824 9948 9752 4178 9533 3846 6700 1173 98 1890 9756 8976 7973 1543 2680 2662 5071 3910 6454 4994 3316 7487 2422 8740 3289 8010 8951 2774 2211 757 6002 3755 5024 1411 9104 9369 9080 733 2012 3128 9870 8102 8989 8689 2965 8079 4468 715 6894 9065 2011 1342 4048 8329 9597 6446 3431 9014 199 580 1012 7554 7680 5239 655 3568 3979 2468 7536 8747 4562 1227 8954 9343 9752 1919 2294 7435 464 5330 456 8659 3428 2435 8394 7353 7908 7374 7345 8818 1152 5077 3575 7661 4331 4262 7567 7085 925 9435 1923 7472 7830 2847 6028 7305 2060 8060 5491 2372 840 3876 1371 3370 791 5663 8189 6458 2070 8649 5340 515 2709 758 3169 8361 9436 7109 2974 8173 808 4162 9263 732 5324 9084 3159 7724 8068 3616 8224 1276 7606 9832 9193 6057 1766 7251 7629 2981 4734 1546 4760 8423 9940 7866 5735 3320 9480 3388 2749 3579 4028 4621 1709 6086 5659 4941 3362 7549 8306 88 4361 3293 4333 3145 2773 3555 4558 1707 2690 4664 6646 2633 1147 295 1508 7795 5878 949 7108 5382 645 650 930 3580 260 813 2057 4545 6634 1219 2052 9440 4069 8933 4538 7351 4354 5366 4648 6123 4875 135 8977 1126 260 4681 2371 6985 8857 1744 8611 8723 7033 8433 1932 3206 8395 470 7235 1332 9165 8328 6493 2855 4486 1107 9356 96 5764 9952 7061 9911 1602 4381 9853 6442 7815 9563 7996 2830 9375 5460 8303 3380 2728 2571 7796 9190 432 8742 110 3808 9764 9180 4156 9082 5945 2936 1815 3346 3434 4118 1942 5103 3453 4747 6151 7792 664 7553 4560 4889 393 1465 3737 6042 7326 7851 9787 1061 3817 9808 7637 3198 7662 5541 1521 9784 7665 7008 5683 1998 5622 3973 3224 475 145 541 8106 6998 6478 2509 24 2932 7512 6982 8883 3931 4877 5366 13 9213 2140 9862 4360 2902 6169 7739 7412 3919 6813 6820 9922 4769 4270 2274 1413 1120 3106 1961 8399 3319 4245 8731 708 6842 9803 8056 5578 8526 4755 673 759 8904 5884 6205 471 4395 9111 9893 9554 8913 8563 2214 9292 7782 7841 6356 4228 3998 8464 2529 9787 7646 2618 8809 5837 3646 6914 9372 1858 9253 490 3202 5279 9771 5178 1309 5564 4154 8695 4681 7429 3720 1464 6634 8339 6853 8634 7759 4168 4492 7189 2493 5620 6884 7629 1595 4854 6755 1858 1745 5791 4775 8082 1479 73 9631 7878 8562 6186 4767 43 1300 789 4324 8601 735 9451 2010 6074 453 3426 5850 8967 2424 822 6169 5232 7795 2563 1083 8277 7743 385 3836 8747 4682 8556 7592 9787 985 5685 2641 5452 2959 2831 1496 7825 5027 1413 4529 4112 7403 7704 1856 5086 9764 9689 9416 5015 5016 3347 6570 320 6721 3862 6213 5275 8094 1012 4365 7649 7379 2932 9883 443 7048 8645 1466 8321 6514 3588 4222 5330 6697 8273 6720 129 554 3278 1664 3054 4314 8464 7049 7891 4843 2996 9689 5216 1503 4777 2567 6793 9395 2956 9609 3236 8864 1522 9583 2785 5507 6203 2953 7673 2698 426 7580 51 7953 9396 3289 5795 6759 7625 162 5736 1425 7489 119 2684 8942 9095 9797 1183 138 1804 6181 2949 3860 8106 2218 8239 7602 944 1038 6723 4111 1868 980 3032 4297 6736 492 8205 3381 6162 4616 3627 195 8291 9192 3175 5000 9081 2940 8163 3021 8401 2992 6095 9721 1790 6020 686 6799 1623 4836 1935 2066 823 8095 8298 1450 354 4696 1494 9056 863 9554 1662 1052 5105 5177 3441 8552 2018 1524 9620 3700 4294 2216 3337 4042 2688 1884 8324 4973 7824 6639 8898 9193 7485 259 7691 5850 9388 8053 605 7439 2099 4808 9102 7706 6487 2216 8736 9390 9521 3912 9616 7930 9376 9585 4199 6922 8628 2273 6163 4741 1893 7393 1222 9490 2416 7047 5561 5492 7861 9545 433 5912 5168 6790 1459 3467 4321 5327 1736 3275 7531 7080 5676 2341 5001 8882 5414 4775 1927 8421 4269 5863 6085 7875 9923 3303 6191 1203 9249 1824 2943 1414 8110 8837 9924 7181 1646
1646 7181 9924 8837 8110 1414 2943 1824 9249 1203 6191 3303 9923 7875 6085 5863 4269 8421 1927 4775 5414 8882 5001 2341 5676 7080 7531 3275 1736 5327 4321 3467 1459 6790 5168 5912 433 9545 7861 5492 5561 7047 2416 9490 1222 7393 1893 4741 6163 2273 8628 6922 4199 9585 9376 7930 9616 3912 9521 9390 8736 2216 6487 7706 9102 4808 2099 7439 605 8053 9388 5850 7691 259 7485 9193 8898 6639 7824 4973 8324 1884 2688 4042 3337 2216 4294 3700 9620 1524 2018 8552 3441 5177 5105 1052 1662 9554 863 9056 1494 4696 354 1450 8298 8095 823 2066 1935 4836 1623 6799 686 6020 1790 9721 6095 2992 8401 3021 8163 2940 9081 5000 3175 9192 8291 195 3627 4616 6162 3381 8205 492 6736 4297 3032 980 1868 4111 6723 1038 944 7602 8239 2218 8106 3860 2949 6181 1804 138 1183 9797 9095 8942 2684 119 7489 1425 5736 162 7625 6759 5795 3289 9396 7953 51 7580 426 2698 7673 2953 6203 5507 2785 9583 1522 8864 3236 9609 2956 9395 6793 2567 4777 1503 5216 9689 2996 4843 7891 7049 8464 4314 3054 1664 3278 554 129 6720 8273 6697 5330 4222 3588 6514 8321 1466 8645 7048 443 9883 2932 7379 7649 4365 1012 8094 5275 6213 3862 6721 320 6570 3347 5016 5015 9416 9689 9764 5086 1856 7704 7403 4112 4529 1413 5027 7825 1496 2831 2959 5452 2641 5685 985 9787 7592 8556 4682 8747 3836 385 7743 8277 1083 2563 7795 5232 6169 822 2424 8967 5850 3426 453 6074 2010 9451 735 8601 4324 789 1300 43 4767 6186 8562 7878 9631 73 1479 8082 4775 5791 1745 1858 6755 4854 1595 7629 6884 5620 2493 7189 4492 4168 7759 8634 6853 8339 6634 1464 3720 7429 4681 8695 4154 5564 1309 5178 9771 5279 3202 490 9253 1858 9372 6914 3646 5837 8809 2618 7646 9787 2529 8464 3998 4228 6356 7841 7782 9292 2214 8563 8913 9554 9893 9111 4395 471 6205 5884 8904 759 673 4755 8526 5578 8056 9803 6842 708 8731 4245 3319 8399 1961 3106 1120 1413 2274 4270 4769 9922 6820 6813 3919 7412 7739 6169 2902 4360 9862 2140 9213 13 5366 4877 3931 8883 6982 7512 2932 24 2509 6478 6998 8106 541 145 475 3224 3973 5622 1998 5683 7008 7665 9784 1521 5541 7662 3198 7637 9808 3817 1061 9787 7851 7326 6042 3737 1465 393 4889 4560 7553 664 7792 6151 4747 3453 5103 1942 4118 3434 3346 1815 2936 5945 9082 4156 9180 9764 3808 110 8742 432 9190 7796 2571 2728 3380 8303 5460 9375 2830 7996 9563 7815 6442 9853 4381 1602 9911 7061 9952 5764 96 9356 1107 4486 2855 6493 8328 9165 1332 7235 470 8395 3206 1932 8433 7033 8723 8611 1744 8857 6985 2371 4681 260 1126 8977 135 4875 6123 4648 5366 4354 7351 4538 8933 4069 9440 2052 1219 6634 4545 2057 813 260 3580 930 650 645 5382 7108 949 5878 7795 1508 295 1147 2633 6646 4664 2690 1707 4558 3555 2773 3145 4333 3293 4361 88 8306 7549 3362 4941 5659 6086 1709 4621 4028 3579 2749 3388 9480 3320 5735 7866 9940 8423 4760 1546 4734 2981 7629 7251 1766 6057 9193 9832 7606 1276 8224 3616 8068 7724 3159 9084 5324 732 9263 4162 808 8173 2974 7109 9436 8361 3169 758 2709 515 5340 8649 2070 6458 8189 5663 791 3370 1371 3876 840 2372 5491 8060 2060 7305 6028 2847 7830 7472 1923 9435 925 7085 7567 4262 4331 7661 3575 5077 1152 8818 7345 7374 7908 7353 8394 2435 3428 8659 456 5330 464 7435 2294 1919 9752 9343 8954 1227 4562 8747 7536 2468 3979 3568 655 5239 7680 7554 1012 580 199 9014 3431 6446 9597 8329 4048 1342 2011 9065 6894 715 4468 8079 2965 8689 8989 8102 9870 3128 2012 733 9080 9369 9104 1411 5024 3755 6002 757 2211 2774 8951 8010 3289 8740 2422 7487 3316 4994 6454 3910 5071 2662 2680 1543 7973 8976 9756 1890 98 1173 6700 3846 9533 4178 9752 9948 2824 4811 2142 7266 2654 1091 4256 698 4267 1255 5936 3213 6088 6479 7674 5068 6556 9465 6679 6414 9809 7425 9668 6894 8053 7815 1286 4445 4531 5258 7315 4853 171 1064 5406 9620 9450 5084 9343 7710 3265 6265 6065 2540 5977 5330 757 6888 1695 1365 7520 4891 3729 1132 4742 2764 1576 2736 2961 1929 1637 6936 5699 6197 2937 5843 982 8578 1567 3863 7811 8234 3270 4333 980 9727 234 3964 1935 1375 9655 2917 5940 9433 7575 8840 4799 521 2371 883 5291 3523 2455 3993 2936 4393 6956 9475 5013 1445 8531 2149 5701 5770 7087 8324 3906 4381 8429 8466 3332 5715 1953 5848 1206 555 7772 3382 6645 9210 6615 3706 9069 5227 9350 7779 7981 3579 9442 6608 4900 5619 1596 358 7035 9505 2482 4108 2069 8593 322 4495 5710 1389 353 1954 4803 9139 1640 4075 3712 487 7199 9737 1920 3821 8330 5767 9280 7799 422 1157 5155 5956 5231 8470 3239 6057 6577 5168 789 3850 1731 8355 7758 2793 4034 2078 732 7616 7193 6227 7826 1296 8986 9213 9827 2998 6107 1383 5239 3249 4161 3104 4870 1029 8441 9772 4232 5658 67 5157 8964 6214 1839 6108 4019 6856 8271 619 6434 7608 8324 9121 8618 4869 9505 4998 5115 5195 2727 2368 3107 7241 1715 9923 2286 9755 7911 9089 9016 8565 2837 4139 1593 4627 7524 3733 3996 3362 9447 5261 7979 3210 5046 5192 1195 575 832 7700 5526 8562 7359 2146 8380 1176 6283 7311 9023 7234 1465 2840 6052 1588 9601 262 4946 5923 3094 8029 7842 2423 4400 8318 4143 6860 4485 6458 4004 8763 7815 2171 6069 4705 4679 1653 5622 4427 2194 8758 1489 2014 6186 7634 8491 2026 1100 7038 1249 7135 6630 9782 3588 4181 4008 2269 8303 2366 6046 5712 1835 7445 547 7572 7058 5059 9977 4449 4817 6342 8525 8367 1680 9996 7793 239 2030 5229 5051 1221 2292 126 8668 9691 1891 8596 5930 969 6576 6580 2788 5760 6792 1428 2850 1140 4608 656 7151 7313 8904 4167 9316 2862 5564 7261 5830 7897 9658 8367 6072 3396 8153 103 307 6427 4886 3032 1472 546 5658 1625 9826 2744 9735 7104 8415 5260 7204 3182 2065 2129 854 2384 2071 2931 5434 4899 2785 8393 42 2884 5754 25 3475 2668 2290 262 9021 3139 1478 8683 8848 662 1148 1026 7046 2925 3045 3221 8 2845 4030 4888 3062 3713 7765 2406 7969 5268 6293 9565 1949 7434 4895 8035 6456 8058 9631 1942 4259 2420 3399 8215 6177 6561 9967 7847 8737 7153 224 3581 743 9793 2742 5250 1896 6798 1369 8521 3974 2481 753 1067 9363 9039 6566 2074 9883 7376 2159 2018 7819 56 8908 3286 8680 3883 1462 978 3162 3753 3889 6851 9860 3033 800 9921 3475 4926 41 2788 6594 8300 1123 8478 2779 453 4661 7055 4818 582 9618 6590 8273 2966 9204 4581 5199 1040 8449 4787 6873 5767 6144 76 4123 3374 2718 3395 6172 3671 3475 8731 519 2781 8243 3262 2185 7788 2601 4272 1259 3226 1309 7328 967 9511 2191 1601 1437 8512 8414 1239 5939 6287 1994 3131 2174 6945 884 9006 6087 1452 5809 5088 7682 1477 877 3504 8699 6863 8273 7422 8284 1478 3862 4866 4856 9758 7972 9341 8448 9287 4070 4494 5538 3422 2106 5876 9387 1961 1047 4143 7645 5223 2268 4455 3099 9401 2629 6677 9215 9942 5762 4000 6700 3048 735 1907 896 9751 6727 9645 3341 3599 6726 4255 2107 2902 1197 7988 1708 4763 5209 3700 4108 9437 4062 2959 4244 5733 8613 2448 760 8649 2961 1014 7397 927 346 3331 4073 9241 8864 5055 6952 5152 2193 2620 737 6037 7114 6488 2224 3486 787 2514 7935 9375 7215 7605 2707 1848 7913 1622 7169 7729 1927 2548 5432 8565 4565 6174 198 3525 5501 3139 2862 2919 2101 7794 5638 6985 2084 1963 7346 2097 4284 6851 2398 967 602 969 7605 4323 5868 1883 3337 99 3057 447 1646 3732 800 1485 5477 6480 5558 8623 9118 2710 2823 1756 5538 7006 9035 444 7589 9597 8027 814 98 3109 6810 3911 2829 9220 2138 9185 1946 1013 4991 4590 9771 8903 4325 6292 7776 8430 4915 8340 2628 3699 7192 16 6419 8255 6002 1053 3785 6293 2295 511 1000 9389 5770 2554 3273 6221 1190 2647 1997 1507 2752 2002 8458 9115 7607 8994 4129 2961 3737 8239 9097 8699 6779 1851 1782 9930 5638 6039 5358 9850 6069 1338 8410 8798 9575 5698 3711 5504 7316 1803 3051 474 8590 7247 6788 7108 6797 9740 8027 9332 7307 2484 2338 4458 844 5329 7994 73 2156 374 7817 6055 1864 78 6187 1446 9176 8563 9682 8080 226 3314 9836 5802 2549 7060 7427 3603 7079 7550 4640 7334 554 156 1895 1399 8087 2143 8965 9842 5142 2253 8697 5427 9683 8174 7912 4445 5975 269 1178 9314 5304 3612 9521 1729 2130 5883 7032 6209 147 299 3361 6666 1789 1601 4341 6066 3830 5424 4026 2670 8854 2524 5467 4650 5626 4285 7716 5087 2860 1420 3335 8411 9122 7648 1354 8733 9856 4171 9522 4130 9312 9599 4089 6725 4834 3031 9157 3507 4598 6686 3697 7365 4742 5595 9944 2305 9234 8283 2704 4570 9533 90 9627 5233 7872 539 7906 7538 8847 16 5522 8734 4054 2051 2897 1768 2080 7156 7848 1577 8444 6569 4211 9775 5512 9554 6558 6480 8661 2263 6718 808 1840 8716 6829 9447 4920 39 1468 5830 7189 1815 8583 9035 6729 8287 7281 476 6971 2095 9341 4561 1389 8441 4608 8237 1264 9951 9654 4693 2286 9207 4130 5859 5435 6698 6476 7255 7638 1007 4949 8878 9019 8905 4215 4937 8610 2601 2350 3595 753 2535 7430 3579 7588 3606 6379 1999 8481 2701 2125 4847 8900 1642 4010 1072 8563 3455 8931 2214 2366 4148 1691 7093 4719 1578 6519 8177 8921 3929 2963 9402 9172 9683 8046 7949 1858 7408 8376 2322 3899 2847 4268 190 5415 948 2700 6047 8605 9931 508 9964 379 3467 204 9207 474 4620 1377 5979 8997 5770 4366 9420 5526 8706 2130 2858 9296 1736 7312 33 3609 1058 3826 6363 979 6907 486 9787 349 7526 5457 831 2345 1219 2780 4433 3391 9083 9133 4907 7523 8977 3953 3891 8637 6397 3506 9358 4022 9714 4305 7297 9588 5061 9089 6703 4486 6851 8878 5031 5423 9114 4026 8275 2878 179 5119 7755 6717 211 7654 6770 2277 6464 2996 5280 4710 3356 2632 324 1104 9331 5770 6073 6453 147 7152 4167 8077 2122 4781 3529 8039 8632 3617 6522 7397 7601 5036 1880 4703 8952 5420 7758 5013 7475 4702 5868 6096 7346 7677 5032 5486 8548 5348 564 2318 8860 4618 309 6347 2898 3342 9927 1155 5917 9464 6120 5381 3576 7976 3874 7722 5270 7515 7743 5705 5181 627 3672 2792 153 9054 5738 6648 4068 4477 8712 4316 9124 5990 2265 2531 4430 2494 2947 6199 6606 3078 2956 7441 4246 5603 6314 9188 5396 6537 2257 5481 1665 1074 3678 2053 8207 4133 2369 3397 4601 9554 837 1279 5649 3364 4860 4066 7153 1274 805 5049 6461 3640 4814 9188 2069 9009 7061 3588 5547 9627 6602 6491 2282 5720 5093 2750 1691 4072 8606 4847 5306 3307 5220 6685 9719 6678 8282 9968 5914 7196 4344 6269 3407 8928 108 7655 4142 3214 5461 2635 5574 2689 5318 1326 8439 5158 3589 9626 9688 2590 3075 5929 3629 4956 9974 1430 8061 8977 2523 9231 2384 9708 866 4134 63 2416 1435 5039 7943 929 9115 6239 2648 2365 9754 2692 3438 7023 4320 5478 7060 9632 6530 6620 7543 8164 1285 4067 9917 9377 3901 180 2382 8672 3389 6898 984 2951 5417 8853 3642 6173 1628 8481 2437 3223 8901 6651 2769 3207 3932 302 2055 4761 3025 9419 9428 6530 5229 2213 5564 8179 7787 831 6096 5030 7365 9984 2046 3908 7686 2554 7671 6052 2202 1914 7780 8018 5600 2487 5640 8909 9578 4357 7676 4597 160 9851 2494 1876 5673 3116 9183 537 1318 7714 4815 3678 7202 4672 7819 3088 4223 5096 7790 6636 9009 9246 1372 7264 1677 5108 8886 7931 352 3284 9266 1162 176 6608 5436 6779 5686 5873 6470 9565 8101 3610 5357 1905 4657 2121 1818 1981 8147 6265 2719 6169 7950 9632 5930 2211 4051 6265 7551 7946 4440 9363 2543 6502 7246 2350 2985 4719 5649 2721 9009 9259 8529 4517 2192 6499 6504 5847 9466 5985 9454 9491 5746 9591 5339 7471 8592 4080 3863 2505 4444 9738 4445 4623 5593 3761 5204 9885 5798 3377 9091 3872 4000 4296 9794 1364 1473 3272 6065 968 3877 6716 7036 6221 5987 1073 5890 6274 7649 1320 2905 7534 9233 5435 8213 7018 1756 6573 4581 6564 7516 3034 2935 9169 2325 452 7443 5686 9098 2194 1103 4515 5685 1426 9874 8011 495 5804 6505 8599 2904 797 5780 9629 1645 6094 3271 8734 6286 6582 8804 6607 5583 342 6312 7364 2093 2243 6300 6349 3327 903 7049 1898 1222 5647 6256 6101 3715 8074 8678 5600 7961 125 3555 8851 2030 2476 316 2389 7639 1718 377 630 8766 3648 1824 9816 9827 4038 2406 8555 9520 7222 8450 1288 960 2862 6253 4031 5462 1049 8408 8374 2488 5541 647 190 2189 72 5385 8033 5400 9981 4986 8990 9896 7781 639 2829 5467 8329 1252 7719 4028 2145 452 4669 8557 2004 1649 348
348 1649 2004 8557 4669 452 2145 4028 7719 1252 8329 5467 2829 639 7781 9896 8990 4986 9981 5400 8033 5385 72 2189 190 647 5541 2488 8374 8408 1049 5462 4031 6253 2862 960 1288 8450 7222 9520 8555 2406 4038 9827 9816 1824 3648 8766 630 377 1718 7639 2389 316 2476 2030 8851 3555 125 7961 5600 8678 8074 3715 6101 6256 5647 1222 1898 7049 903 3327 6349 6300 2243 2093 7364 6312 342 5583 6607 8804 6582 6286 8734 3271 6094 1645 9629 5780 797 2904 8599 6505 5804 495 8011 9874 1426 5685 4515 1103 2194 9098 5686 7443 452 2325 9169 2935 3034 7516 6564 4581 6573 1756 7018 8213 5435 9233 7534 2905 1320 7649 6274 5890 1073 5987 6221 7036 6716 3877 968 6065 3272 1473 1364 9794 4296 4000 3872 9091 3377 5798 9885 5204 3761 5593 4623 4445 9738 4444 2505 3863 4080 8592 7471 5339 9591 5746 9491 9454 5985 9466 5847 6504 6499 2192 4517 8529 9259 9009 2721 5649 4719 2985 2350 7246 6502 2543 9363 4440 7946 7551 6265 4051 2211 5930 9632 7950 6169 2719 6265 8147 1981 1818 2121 4657 1905 5357 3610 8101 9565 6470 5873 5686 6779 5436 6608 176 1162 9266 3284 352 7931 8886 5108 1677 7264 1372 9246 9009 6636 7790 5096 4223 3088 7819 4672 7202 3678 4815 7714 1318 537 9183 3116 5673 1876 2494 9851 160 4597 7676 4357 9578 8909 5640 2487 5600 8018 7780 1914 2202 6052 7671 2554 7686 3908 2046 9984 7365 5030 6096 831 7787 8179 5564 2213 5229 6530 9428 9419 3025 4761 2055 302 3932 3207 2769 6651 8901 3223 2437 8481 1628 6173 3642 8853 5417 2951 984 6898 3389 8672 2382 180 3901 9377 9917 4067 1285 8164 7543 6620 6530 9632 7060 5478 4320 7023 3438 2692 9754 2365 2648 6239 9115 929 7943 5039 1435 2416 63 4134 866 9708 2384 9231 2523 8977 8061 1430 9974 4956 3629 5929 3075 2590 9688 9626 3589 5158 8439 1326 5318 2689 5574 2635 5461 3214 4142 7655 108 8928 3407 6269 4344 7196 5914 9968 8282 6678 9719 6685 5220 3307 5306 4847 8606 4072 1691 2750 5093 5720 2282 6491 6602 9627 5547 3588 7061 9009 2069 9188 4814 3640 6461 5049 805 1274 7153 4066 4860 3364 5649 1279 837 9554 4601 3397 2369 4133 8207 2053 3678 1074 1665 5481 2257 6537 5396 9188 6314 5603 4246 7441 2956 3078 6606 6199 2947 2494 4430 2531 2265 5990 9124 4316 8712 4477 4068 6648 5738 9054 153 2792 3672 627 5181 5705 7743 7515 5270 7722 3874 7976 3576 5381 6120 9464 5917 1155 9927 3342 2898 6347 309 4618 8860 2318 564 5348 8548 5486 5032 7677 7346 6096 5868 4702 7475 5013 7758 5420 8952 4703 1880 5036 7601 7397 6522 3617 8632 8039 3529 4781 2122 8077 4167 7152 147 6453 6073 5770 9331 1104 324 2632 3356 4710 5280 2996 6464 2277 6770 7654 211 6717 7755 5119 179 2878 8275 4026 9114 5423 5031 8878 6851 4486 6703 9089 5061 9588 7297 4305 9714 4022 9358 3506 6397 8637 3891 3953 8977 7523 4907 9133 9083 3391 4433 2780 1219 2345 831 5457 7526 349 9787 486 6907 979 6363 3826 1058 3609 33 7312 1736 9296 2858 2130 8706 5526 9420 4366 5770 8997 5979 1377 4620 474 9207 204 3467 379 9964 508 9931 8605 6047 2700 948 5415 190 4268 2847 3899 2322 8376 7408 1858 7949 8046 9683 9172 9402 2963 3929 8921 8177 6519 1578 4719 7093 1691 4148 2366 2214 8931 3455 8563 1072 4010 1642 8900 4847 2125 2701 8481 1999 6379 3606 7588 3579 7430 2535 753 3595 2350 2601 8610 4937 4215 8905 9019 8878 4949 1007 7638 7255 6476 6698 5435 5859 4130 9207 2286 4693 9654 9951 1264 8237 4608 8441 1389 4561 9341 2095 6971 476 7281 8287 6729 9035 8583 1815 7189 5830 1468 39 4920 9447 6829 8716 1840 808 6718 2263 8661 6480 6558 9554 5512 9775 4211 6569 8444 1577 7848 7156 2080 1768 2897 2051 4054 8734 5522 16 8847 7538 7906 539 7872 5233 9627 90 9533 4570 2704 8283 9234 2305 9944 5595 4742 7365 3697 6686 4598 3507 9157 3031 4834 6725 4089 9599 9312 4130 9522 4171 9856 8733 1354 7648 9122 8411 3335 1420 2860 5087 7716 4285 5626 4650 5467 2524 8854 2670 4026 5424 3830 6066 4341 1601 1789 6666 3361 299 147 6209 7032 5883 2130 1729 9521 3612 5304 9314 1178 269 5975 4445 7912 8174 9683 5427 8697 2253 5142 9842 8965 2143 8087 1399 1895 156 554 7334 4640 7550 7079 3603 7427 7060 2549 5802 9836 3314 226 8080 9682 8563 9176 1446 6187 78 1864 6055 7817 374 2156 73 7994 5329 844 4458 2338 2484 7307 9332 8027 9740 6797 7108 6788 7247 8590 474 3051 1803 7316 5504 3711 5698 9575 8798 8410 1338 6069 9850 5358 6039 5638 9930 1782 1851 6779 8699 9097 8239 3737 2961 4129 8994 7607 9115 8458 2002 2752 1507 1997 2647 1190 6221 3273 2554 5770 9389 1000 511 2295 6293 3785 1053 6002 8255 6419 16 7192 3699 2628 8340 4915 8430 7776 6292 4325 8903 9771 4590 4991 1013 1946 9185 2138 9220 2829 3911 6810 3109 98 814 8027 9597 7589 444 9035 7006 5538 1756 2823 2710 9118 8623 5558 6480 5477 1485 800 3732 1646 447 3057 99 3337 1883 5868 4323 7605 969 602 967 2398 6851 4284 2097 7346 1963 2084 6985 5638 7794 2101 2919 2862 3139 5501 3525 198 6174 4565 8565 5432 2548 1927 7729 7169 1622 7913 1848 2707 7605 7215 9375 7935 2514 787 3486 2224 6488 7114 6037 737 2620 2193 5152 6952 5055 8864 9241 4073 3331 346 927 7397 1014 2961 8649 760 2448 8613 5733 4244 2959 4062 9437 4108 3700 5209 4763 1708 7988 1197 2902 2107 4255 6726 3599 3341 9645 6727 9751 896 1907 735 3048 6700 4000 5762 9942 9215 6677 2629 9401 3099 4455 2268 5223 7645 4143 1047 1961 9387 5876 2106 3422 5538 4494 4070 9287 8448 9341 7972 9758 4856 4866 3862 1478 8284 7422 8273 6863 8699 3504 877 1477 7682 5088 5809 1452 6087 9006 884 6945 2174 3131 1994 6287 5939 1239 8414 8512 1437 1601 2191 9511 967 7328 1309 3226 1259 4272 2601 7788 2185 3262 8243 2781 519 8731 3475 3671 6172 3395 2718 3374 4123 76 6144 5767 6873 4787 8449 1040 5199 4581 9204 2966 8273 6590 9618 582 4818 7055 4661 453 2779 8478 1123 8300 6594 2788 41 4926 3475 9921 800 3033 9860 6851 3889 3753 3162 978 1462 3883 8680 3286 8908 56 7819 2018 2159 7376 9883 2074 6566 9039 9363 1067 753 2481 3974 8521 1369 6798 1896 5250 2742 9793 743 3581 224 7153 8737 7847 9967 6561 6177 8215 3399 2420 4259 1942 9631 8058 6456 8035 4895 7434 1949 9565 6293 5268 7969 2406 7765 3713 3062 4888 4030 2845 8 3221 3045 2925 7046 1026 1148 662 8848 8683 1478 3139 9021 262 2290 2668 3475 25 5754 2884 42 8393 2785 4899 5434 2931 2071 2384 854 2129 2065 3182 7204 5260 8415 7104 9735 2744 9826 1625 5658 546 1472 3032 4886 6427 307 103 8153 3396 6072 8367 9658 7897 5830 7261 5564 2862 9316 4167 8904 7313 7151 656 4608 1140 2850 1428 6792 5760 2788 6580 6576 969 5930 8596 1891 9691 8668 126 2292 1221 5051 5229 2030 239 7793 9996 1680 8367 8525 6342 4817 4449 9977 5059 7058 7572 547 7445 1835 5712 6046 2366 8303 2269 4008 4181 3588 9782 6630 7135 1249 7038 1100 2026 8491 7634 6186 2014 1489 8758 2194 4427 5622 1653 4679 4705 6069 2171 7815 8763 4004 6458 4485 6860 4143 8318 4400 2423 7842 8029 3094 5923 4946 262 9601 1588 6052 2840 1465 7234 9023 7311 6283 1176 8380 2146 7359 8562 5526 7700 832 575 1195 5192 5046 3210 7979 5261 9447 3362 3996 3733 7524 4627 1593 4139 2837 8565 9016 9089 7911 9755 2286 9923 1715 7241 3107 2368 2727 5195 5115 4998 9505 4869 8618 9121 8324 7608 6434 619 8271 6856 4019 6108 1839 6214 8964 5157 67 5658 4232 9772 8441 1029 4870 3104 4161 3249 5239 1383 6107 2998 9827 9213 8986 1296 7826 6227 7193 7616 732 2078 4034 2793 7758 8355 1731 3850 789 5168 6577 6057 3239 8470 5231 5956 5155 1157 422 7799 9280 5767 8330 3821 1920 9737 7199 487 3712 4075 1640 9139 4803 1954 353 1389 5710 4495 322 8593 2069 4108 2482 9505 7035 358 1596 5619 4900 6608 9442 3579 7981 7779 9350 5227 9069 3706 6615 9210 6645 3382 7772 555 1206 5848 1953 5715 3332 8466 8429 4381 3906 8324 7087 5770 5701 2149 8531 1445 5013 9475 6956 4393 2936 3993 2455 3523 5291 883 2371 521 4799 8840 7575 9433 5940 2917 9655 1375 1935 3964 234 9727 980 4333 3270 8234 7811 3863 1567 8578 982 5843 2937 6197 5699 6936 1637 1929 2961 2736 1576 2764 4742 1132 3729 4891 7520 1365 1695 6888 757 5330 5977 2540 6065 6265 3265 7710 9343 5084 9450 9620 5406 1064 171 4853 7315 5258 4531 4445 1286 7815 8053 6894 9668 7425 9809 6414 6679 9465 6556 5068 7674 6479 6088 3213 5936 1255 4267 698 4256 1091 2654 7266 2142 4811 2824 9948 9752 4178 9533 3846 6700 1173 98 1890 9756 8976 7973 1543 2680 2662 5071 3910 6454 4994 3316 7487 2422 8740 3289 8010 8951 2774 2211 757 6002 3755 5024 1411 9104 9369 9080 733 2012 3128 9870 8102 8989 8689 2965 8079 4468 715 6894 9065 2011 1342 4048 8329 9597 6446 3431 9014 199 580 1012 7554 7680 5239 655 3568 3979 2468 7536 8747 4562 1227 8954 9343 9752 1919 2294 7435 464 5330 456 8659 3428 2435 8394 7353 7908 7374 7345 8818 1152 5077 3575 7661 4331 4262 7567 7085 925 9435 1923 7472 7830 2847 6028 7305 2060 8060 5491 2372 840 3876 1371 3370 791 5663 8189 6458 2070 8649 5340 515 2709 758 3169 8361 9436 7109 2974 8173 808 4162 9263 732 5324 9084 3159 7724 8068 3616 8224 1276 7606 9832 9193 6057 1766 7251 7629 2981 4734 1546 4760 8423 9940 7866 5735 3320 9480 3388 2749 3579 4028 4621 1709 6086 5659 4941 3362 7549 8306 88 4361 3293 4333 3145 2773 3555 4558 1707 2690 4664 6646 2633 1147 295 1508 7795 5878 949 7108 5382 645 650 930 3580 260 813 2057 4545 6634 1219 2052 9440 4069 8933 4538 7351 4354 5366 4648 6123 4875 135 8977 1126 260 4681 2371 6985 8857 1744 8611 8723 7033 8433 1932 3206 8395 470 7235 1332 9165 8328 6493 2855 4486 1107 9356 96 5764 9952 7061 9911 1602 4381 9853 6442 7815 9563 7996 2830 9375 5460 8303 3380 2728 2571 7796 9190 432 8742 110 3808 9764 9180 4156 9082 5945 2936 1815 3346 3434 4118 1942 5103 3453 4747 6151 7792 664 7553 4560 4889 393 1465 3737 6042 7326 7851 9787 1061 3817 9808 7637 3198 7662 5541 1521 9784 7665 7008 5683 1998 5622 3973 3224 475 145 541 8106 6998 6478 2509 24 2932 7512 6982 8883 3931 4877 5366 13 9213 2140 9862 4360 2902 6169 7739 7412 3919 6813 6820 9922 4769 4270 2274 1413 1120 3106 1961 8399 3319 4245 8731 708 6842 9803 8056 5578 8526 4755 673 759 8904 5884 6205 471 4395 9111 9893 9554 8913 8563 2214 9292 7782 7841 6356 4228 3998 8464 2529 9787 7646 2618 8809 5837 3646 6914 9372 1858 9253 490 3202 5279 9771 5178 1309 5564 4154 8695 4681 7429 3720 1464 6634 8339 6853 8634 7759 4168 4492 7189 2493 5620 6884 7629 1595 4854 6755 1858 1745 5791 4775 8082 1479 73 9631 7878 8562 6186 4767 43 1300 789 4324 8601 735 9451 2010 6074 453 3426 5850 8967 2424 822 6169 5232 7795 2563 1083 8277 7743 385 3836 8747 4682 8556 7592 9787 985 5685 2641 5452 2959 2831 1496 7825 5027 1413 4529 4112 7403 7704 1856 5086 9764 9689 9416 5015 5016 3347 6570 320 6721 3862 6213 5275 8094 1012 4365 7649 7379 2932 9883 443 7048 8645 1466 8321 6514 3588 4222 5330 6697 8273 6720 129 554 3278 1664 3054 4314 8464 7049 7891 4843 2996 9689 5216 1503 4777 2567 6793 9395 2956 9609 3236 8864 1522 9583 2785 5507 6203 2953 7673 2698 426 7580 51 7953 9396 3289 5795 6759 7625 162 5736 1425 7489 119 2684 8942 9095 9797 1183 138 1804 6181 2949 3860 8106 2218 8239 7602 944 1038 6723 4111 1868 980 3032 4297 6736 492 8205 3381 6162 4616 3627 195 8291 9192 3175 5000 9081 2940 8163 3021 8401 2992 6095 9721 1790 6020 686 6799 1623 4836 1935 2066 823 8095 8298 1450 354 4696 1494 9056 863 9554 1662 1052 5105 5177 3441 8552 2018 1524 9620 3700 4294 2216 3337 4042 2688 1884 8324 4973 7824 6639 8898 9193 7485 259 7691 5850 9388 8053 605 7439 2099 4808 9102 7706 6487 2216 8736 9390 9521 3912 9616 7930 9376 9585 4199 6922 8628 2273 6163 4741 1893 7393 1222 9490 2416 7047 5561 5492 7861 9545 433 5912 5168 6790 1459 3467 4321 5327 1736 3275 7531 7080 5676 2341 5001 8882 5414 4775 1927 8421 4269 5863 6085 7875 9923 3303 6191 1203 9249 1824 2943 1414 8110 8837 9924 7181 1646
