7352
2080
4295
2079
2082
2715
2081
NOT_FOUND
2082
8453
128
7493
2079
NOT_FOUND
NOT_FOUND
2079
2079
2079
NOT_FOUND
240
2081
2638
99
9927
2081
5904
2080
8406
2080
2080
6956
9807
9545
8561
8357
1838
2075
4798
3719
2075
NOT_FOUND
NOT_FOUND
NOT_FOUND
3919
8085
2074
7281
1805
8931
8044
3648
2074
2239
1
6313
2072
4883
2071
9146
NOT_FOUND
8979
6856
2070
9748
5763
3178
1282
2071
NOT_FOUND
2500
6093
8370
2069
3402
7334
3193
6736
2066
2066
3429
2065
2067
NOT_FOUND
2496
2079
NOT_FOUND
NOT_FOUND
2065
2067
NOT_FOUND
2069
NOT_FOUND
4974
9689
1926
2019
NOT_FOUND
2070
7871
2069
2069
3946
2068
NOT_FOUND
2382
1805
2068
4543
7932
3398
707
2065
9862
NOT_FOUND
8611
NOT_FOUND
NOT_FOUND
2066
2068
1674
2069
4943
2068
9986
NOT_FOUND
5619
7843
1901
1908
2071
2071
2071
NOT_FOUND
1929
NOT_FOUND
2172
5068
8440
7566
6458
2072
NOT_FOUND
NOT_FOUND
2072
9845
NOT_FOUND
9400
2071
1094
NOT_FOUND
5980
NOT_FOUND
2071
NOT_FOUND
3628
915
2072
NOT_FOUND
5801
NOT_FOUND
4896
NOT_FOUND
2071
NOT_FOUND
6576
2070
3033
NOT_FOUND
2069
2069
4232
NOT_FOUND
713
1169
2073
NOT_FOUND
670
2073
2073
NOT_FOUND
4168
NOT_FOUND
2565
2074
2074
3951
2076
2105
9964
2074
2405
2075
NOT_FOUND
3167
4641
9675
NOT_FOUND
7638
3633
NOT_FOUND
2204
1947
2579
2077
1250
NOT_FOUND
4
3721
6452
2074
NOT_FOUND
5230
2074
NOT_FOUND
NOT_FOUND
676
NOT_FOUND
2078
2080
2080
409
2081
NOT_FOUND
2083
390
NOT_FOUND
2084
6452
2083
2382
8294
1981
9312
8672
91
2082
7185
6784
6685
9735
2079
768
5191
NOT_FOUND
2657
2950
8057
1515
2074
8506
3713
NOT_FOUND
4209
7800
392
4639
NOT_FOUND
9851
5212
322
5812
7546
NOT_FOUND
5026
2073
732
5057
7318
NOT_FOUND
4151
2071
2071
2071
8938
1140
3111
6550
1089
6422
2068
1471
3614
2068
8933
2067
NOT_FOUND
2067
2070
2070
597
3932
7990
2072
2073
2073
8792
1655
NOT_FOUND
2072
2072
2072
9218
6606
4346
NOT_FOUND
2070
7892
4712
NOT_FOUND
5055
3341
2069
2069
4134
5219
4939
NOT_FOUND
2068
3598
2070
4286
524
8132
2067
NOT_FOUND
2067
NOT_FOUND
NOT_FOUND
4638
550
2066
2066
2066
27
1684
2067
2067
2068
7471
8574
2066
4103
NOT_FOUND
2065
2065
NOT_FOUND
NOT_FOUND
7127
5765
2063
1326
6572
3625
7409
866
NOT_FOUND
672
7890
857
8709
2061
NOT_FOUND
2061
2061
551
2061
9343
2060
2062
9141
2063
3759
604
NOT_FOUND
8151
1078
875
2068
9629
5657
6632
2067
NOT_FOUND
350
2066
4322
2066
2066
NOT_FOUND
2066
7132
4587
2066
6689
3040
NOT_FOUND
4431
1170
8733
3403
4820
2066
3679
NOT_FOUND
2228
7210
4664
8958
2063
4326
1520
4416
2188
3180
NOT_FOUND
NOT_FOUND
2063
2063
5291
6132
2062
5421
1800
5401
NOT_FOUND
957
2060
5554
425
2058
8491
2059
NOT_FOUND
NOT_FOUND
2061
2061
1956
NOT_FOUND
1572
NOT_FOUND
1553
9415
NOT_FOUND
NOT_FOUND
NOT_FOUND
1255
1814
2065
500
2067
NOT_FOUND
2067
1566
NOT_FOUND
866
2065
NOT_FOUND
2065
NOT_FOUND
2071
NOT_FOUND
9284
NOT_FOUND
8581
2070
NOT_FOUND
9621
7379
2069
3081
2069
NOT_FOUND
2070
2070
961
NOT_FOUND
NOT_FOUND
3421
6742
4599
328
2070
2070
8438
1379
851
3261
1706
617
2064
NOT_FOUND
2606
9886
42
5376
2062
2062
2062
2215
2063
NOT_FOUND
2064
537
NOT_FOUND
NOT_FOUND
9557
NOT_FOUND
NOT_FOUND
5343
2069
2069
2070
1887
344
4915
4641
9994
1043
NOT_FOUND
9848
1791
4613
NOT_FOUND
6114
141
1419
3853
7869
2065
2065
9028
2066
2067
7540
2753
2067
2067
NOT_FOUND
9245
6603
6531
543
2065
9463
2065
2068
8508
2068
9810
7492
8596
6724
NOT_FOUND
NOT_FOUND
2067
8952
NOT_FOUND
2067
2068
2068
6212
4529
6618
1532
5777
NOT_FOUND
NOT_FOUND
1293
7625
NOT_FOUND
2065
8983
1127
8930
9112
2062
NOT_FOUND
9826
2061
1735
NOT_FOUND
NOT_FOUND
5686
9644
2059
8881
2058
NOT_FOUND
2061
8637
2587
8118
7035
2059
5431
5671
2057
9840
1877
4604
4416
2054
512
3198
9251
NOT_FOUND
182
2052
NOT_FOUND
6408
2052
134
7767
NOT_FOUND
2053
1758
2052
5677
3280
NOT_FOUND
2052
6490
8898
3460
6048
2051
1754
NOT_FOUND
9771
2049
2049
1784
6683
5912
6636
1694
2047
67
3188
NOT_FOUND
3980
1468
5488
1054
3454
NOT_FOUND
1062
NOT_FOUND
1318
575
3411
34
NOT_FOUND
5272
2843
7272
1807
NOT_FOUND
597
2041
2002
6993
1475
6717
NOT_FOUND
2041
1495
2561
2389
956
7856
4610
4506
NOT_FOUND
3242
NOT_FOUND
2606
3191
2038
NOT_FOUND
2044
2046
5220
5967
4296
400
4102
8697
3192
1898
NOT_FOUND
NOT_FOUND
NOT_FOUND
1042
3053
2050
NOT_FOUND
2054
8452
2054
5824
2322
2052
2053
NOT_FOUND
NOT_FOUND
8095
NOT_FOUND
NOT_FOUND
2055
NOT_FOUND
8320
6339
2056
7079
3348
7984
NOT_FOUND
NOT_FOUND
2062
NOT_FOUND
2064
NOT_FOUND
2069
3661
2858
24
124
2065
NOT_FOUND
2065
9907
3060
3889
NOT_FOUND
566
2074
1567
NOT_FOUND
9336
NOT_FOUND
7522
NOT_FOUND
5455
4968
1979
3446
2114
2915
6300
2071
6576
NOT_FOUND
7394
2069
NOT_FOUND
9066
6836
8858
NOT_FOUND
6709
2066
7409
2066
991
NOT_FOUND
NOT_FOUND
3316
9908
8695
2063
NOT_FOUND
2036
9863
3171
2304
9766
NOT_FOUND
3326
1888
2061
2063
NOT_FOUND
2065
5181
8040
2064
2614
1680
1957
2065
169
NOT_FOUND
2065
8859
5044
6458
NOT_FOUND
1130
7956
3952
2283
3487
2062
2062
9433
NOT_FOUND
3281
2062
573
2062
2062
214
3389
2040
2060
NOT_FOUND
7775
2060
7177
9268
8574
1635
2061
NOT_FOUND
NOT_FOUND
6352
2064
2065
2777
2064
NOT_FOUND
2347
2065
9391
NOT_FOUND
8734
9522
6984
NOT_FOUND
2064
NOT_FOUND
2064
3347
9837
9011
NOT_FOUND
6418
3044
NOT_FOUND
2067
6760
1118
2066
9324
1163
2064
NOT_FOUND
362
8375
7750
2063
NOT_FOUND
1278
2064
5577
NOT_FOUND
NOT_FOUND
9168
7493
6516
NOT_FOUND
6266
7574
2062
5459
NOT_FOUND
7574
7096
1122
9497
3958
8790
2058
7567
2060
2193
3938
6544
2059
5083
7994
2059
NOT_FOUND
2060
1953
8624
8600
2058
8165
5626
8280
1898
928
3824
2060
2060
2060
2060
2229
NOT_FOUND
2059
2059
2060
5208
2059
2059
NOT_FOUND
2059
610
5271
NOT_FOUND
4396
6136
2063
2064
1198
4039
2491
6069
2062
6020
3875
2061
NOT_FOUND
NOT_FOUND
NOT_FOUND
NOT_FOUND
NOT_FOUND
NOT_FOUND
NOT_FOUND
1156
914
2062
7911
NOT_FOUND
2061
7051
4258
2063
NOT_FOUND
4280
7589
2062
9297
NOT_FOUND
2061
3815
NOT_FOUND
2060
NOT_FOUND
2060
5294
NOT_FOUND
1258
1371
NOT_FOUND
1755
5617
NOT_FOUND
2061
NOT_FOUND
NOT_FOUND
4059
NOT_FOUND
2063
2063
2063
NOT_FOUND
6941
2066
958
2067
2067
1001
2068
NOT_FOUND
1573
NOT_FOUND
2072
3941
1343
NOT_FOUND
1497
2070
NOT_FOUND
NOT_FOUND
4476
2620
4375
4195
1001
3874
2072
NOT_FOUND
826
NOT_FOUND
NOT_FOUND
5834
1449
2075
163
2074
2083
9193
4684
NOT_FOUND
2083
NOT_FOUND
4733
5492
NOT_FOUND
1721
7933
NOT_FOUND
1714
6023
NOT_FOUND
1771
7131
2084
2084
4908
1576
2083
NOT_FOUND
7527
4523
3748
5016
4245
2285
7200
2085
NOT_FOUND
NOT_FOUND
1111
2089
6974
777
1293
1380
4846
2087
7893
NOT_FOUND
907
1071
234
NOT_FOUND
9147
9930
1841
NOT_FOUND
7431
NOT_FOUND
3504
8246
2086
8341
6997
2087
2087
5730
4431
5623
9517
188
6223
9533
2453
6351
7113
NOT_FOUND
9583
8080
NOT_FOUND
2082
2084
722
NOT_FOUND
3210
2083
9707
5346
6233
6355
8447
NOT_FOUND
NOT_FOUND
NOT_FOUND
2083
2083
2083
2084
2085
2085
8901
7500
1524
NOT_FOUND
6930
417
7087
NOT_FOUND
8438
9946
3876
2579
NOT_FOUND
648
9251
5447
2083
NOT_FOUND
4477
NOT_FOUND
2084
9503
3949
1738
2085
9029
4934
2084
2084
NOT_FOUND
NOT_FOUND
NOT_FOUND
8770
2087
NOT_FOUND
NOT_FOUND
5721
2088
2091
4930
3319
4890
3717
2089
2703
NOT_FOUND
2088
7322
NOT_FOUND
1631
NOT_FOUND
4664
1090
2088
NOT_FOUND
5102
4341
1970
9689
NOT_FOUND
858
NOT_FOUND
4121
511
1732
2092
3401
NOT_FOUND
624
5747
7214
1110
NOT_FOUND
2602
2091
767
4460
NOT_FOUND
5052
6915
5672
1668
8403
NOT_FOUND
NOT_FOUND
NOT_FOUND
2091
NOT_FOUND
2093
78
2732
7585
2094
NOT_FOUND
7024
6627
2950
NOT_FOUND
NOT_FOUND
9878
6212
NOT_FOUND
2092
NOT_FOUND
155
6700
9183
2091
NOT_FOUND
NOT_FOUND
7153
9046
NOT_FOUND
NOT_FOUND
2089
2969
2816
2097
3500
NOT_FOUND
NOT_FOUND
8840
9011
3873
NOT_FOUND
2095
2097
9781
1972
3399
2095
9978
2095
NOT_FOUND
5895
6426
NOT_FOUND
2100
2801
7128
9912
2099
2099
88
1048
6452
9798
4607
5562
8946
NOT_FOUND
5649
NOT_FOUND
1478
575
9929
2095
1902
5214
NOT_FOUND
7382
2092
1290
2091
9042
4994
6360
2093
2093
2094
7489
NOT_FOUND
7155
5493
NOT_FOUND
1461
7940
1081
1525
3039
5146
2090
3541
2089
2091
2092
9148
1959
6515
2093
3454
2092
NOT_FOUND
6793
NOT_FOUND
1772
4150
NOT_FOUND
2095
NOT_FOUND
NOT_FOUND
NOT_FOUND
3000
9626
421
2093
9121
7744
NOT_FOUND
3920
7701
3992
1214
5341
NOT_FOUND
NOT_FOUND
2090
663
NOT_FOUND
490
9471
3650
2280
2087
8067
8628
NOT_FOUND
5883
2086
6127
2086
5905
2086
555
2945
6845
NOT_FOUND
NOT_FOUND
NOT_FOUND
NOT_FOUND
NOT_FOUND
2094
NOT_FOUND
9419
NOT_FOUND
3861
NOT_FOUND
NOT_FOUND
9440
2092
2093
6378
1945
NOT_FOUND
8990
7327
NOT_FOUND
NOT_FOUND
2095
2096
324
722
2096
2014
NOT_FOUND
7975 283 3882 4849 6954 8956 4334 7941 5407 871 7131 1121 7628 1082 3531 4591 4191 9837 3221 482 9921 1773 4863 4683 9614 2624 3597 6130 3002 3131 7812 9527 5226 2381 3070 8788 7980 1018 4346 2427 6777 9845 3150 4944 9432 9349 4304 3953 2452 8628 1694 6086 9405 9112 7692 9447 8131 6343 157 8461 5802 7657 3005 2639 3210 6703 3387 932 5073 1899 6763 7149 1249 393 2031 8476 1217 912 1806 9447 227 1438 4787 6302 8014 3295 9905 3172 8754 6091 6881 8550 1916 8751 6795 9704 4111 118 3156 1313 3566 7795 7792 2364 4545 3591 930 5190 6675 4316 5351 6629 4899 6163 4508 6657 7227 1924 314 3368 6705 9584 9033 9940 7216 7591 9704 3842 8489 6005 8390 130 2796 8123 4481 2020 4924 3203 5656 6745 7695 8125 9359 9402 3020 9764 6143 482 4348 3204 4864 6265 9474 1084 7349 5154 869 9594 1013 8101 3172 7004 1063 2166 1194 3065 1737 1774 9790 4831 7261 3736 3620 5160 8515 5335 870 5193 6535 2926 8583 2545 9717 9233 512 9335 6491 8107 432 5328 2424 1200 8839 819 7551 9190 1523 5553 9251 1531 4990 4864 9560 6717 7603 2346 4084 8084 4232 6937 8312 2468 7314 470 7605 7256 6671 3778 4198 3465 7880 2110 5738 1447 3779 9979 2449 498 7387 6237 9298 154 931 9078 9815 7418 8858 1130 1892 361 1833 1852 9473 124 4682 570 9094 299 1660 8834 6243 1020 4828 4116 4518 4496 2975 9312 2878 6028 4422 9865 3686 5094 2418 3589 7382 3239 349 7200 5503 6445 148 7613 5511 7280 2207 8420 5741 5305 7797 3076 435 4101 3189 159 3915 8149 8676 3751 9089 1360 9174 5225 7273 2692 8438 4974 5840 8098 2879 838 6855 7099 4574 7751 3394 6141 4805 2461 4861 5268 1910 6488 9135 7750 5866 2228 1468 8219 9163 3072 2858 3335 731 5632 3130 7345 1396 7196 3753 6806 144 3072 3394 239 4051 9968 852 9338 1405 5317 5461 4954 7305 3351 8329 2694 6960 5529 8021 2417 9618 7184 9417 3667 7373 8906 8179 7520 6323 2816 8857 839 7713 7517 564 7772 6112 3982 6754 8643 234 2620 8502 9032 8806 8071 2061 9986 5760 915 7742 4416 8248 1507 538 5363 4419 4621 1251 9294 727 9394 7841 7149 7265 9507 2366 3605 8462 8508 6032 6541 5964 2415 2920 2667 3993 6451 4547 6298 5470 9064 3962 5210 3460 422 1831 3898 9352 489 4557 711 9488 6297 4902 8970 3933 8483 6623 7911 771 4704 284 7714 3620 7281 6898 288 8423 4556 515 4175 8941 5686 1497 2814 6617 1765 8918 1935 7572 2598 7435 719 5541 5623 4391 8896 8497 9749 3526 5364 3535 3113 3149 1010 7501 5705 5106 7983 4947 201 6430 2679 186 2523 719 4185 5837 1417 336 5612 189 3606 8165 3456 4824 5272 8847 9352 4381 2918 1665 853 924 610 6382 7816 4568 720 8498 3668 8771 9443 2978 4756 3457 7819 2830 4812 9932 6528 4521 9850 5352 3313 7187 5561 5256 9602 4798 3640 9664 5793 372 1166 781 490 2121 6400 8585 6853 1618 3130 6444 6652 9605 5754 3573 4778 3248 4342 5974 3246 6049 3610 3291 5689 6352 5407 3851 8661 5532 3142 8223 4215 6362 9126 352 2393 3129 2257 240 5842 9436 937 156 3904 4440 9371 4887 3308 4442 8262 7439 2588 3529 14 976 5159 5436 2948 3202 2080 7306 1557 5800 8342 5432 8704 4843 6392 146 2086 4562 3205 7481 5225 4121 9116 6220 3619 2183 7422 6513 843 163 2775 9638 8179 9589 5707 4121 4731 3338 7691 3269 6305 947 7067 9163 3180 3408 5795 1572 7554 3362 7164 3650 7936 2148 2305 8140 2388 4631 4471 7816 7059 2565 1132 2966 7751 5896 7790 3876 4996 635 6798 8304 6539 5142 9465 6474 3121 4050 8532 9337 7552 6948 2211 9329 871 7507 3601 6907 8732 4173 7379 2073 3585 3379 7362 6322 5489 4288 6567 3569 2060 3212 8751 7809 9206 5783 1568 9231 503 7984 1107 3656 5576 9922 6475 1456 9797 2405 7598 3840 6605 9602 6568 5023 6950 3108 442 8535 1004 5556 2563 1935 2169 1421 8226 3281 8683 1209 8131 9708 6060 3451 566 2792 7085 5359 7274 3114 2540 6331 3469 2589 7034 2134 274 913 8743 2080 7573 9680 9593 8980 1500 151 5820 8653 3518 590 9567 5180 1610 6000 2493 9386 1136 8461 7985 6315 154 5607 1549 1938 7115 1878 6249 5445 8316 3805 9051 9793 9028 6671 7142 4180 8635 5539 7524 1220 3646 9557 876 9778 7884 3965 5551 168 106 6789 5587 113 7722 2739 7925 9213 8916 7632 2099 11 2708 5383 3597 398 9309 6768 1164 5158 4377 6828 3745 9607 7359 1990 6221 7405 3769 6887 4407 4387 8042 9076 8641 7121 6374 1987 8591 5560 324 1349 34 9406 4139 3546 5392 4619 8866 3753 5977 7894 1602 1624 7977 3454 6514 5814 362 8608 1012 9185 7831 7159 4532 9457 104 7684 3115 6215 3394 3188 3934 1485 3335 5834 8167 9195 4086 3091 2830 4980 282 8111 893 7697 5732 7979 7873 2723 5052 8517 5665 8579 7455 7772 1294 9864 4555 9123 4017 3951 5110 3216 4297 6642 3611 8234 3870 2596 7837 6432 8452 3274 8911 4958 2263 7007 4427 5449 4573 8511 4405 7404 1678 6400 5819 4870 109 8083 1751 6247 8513 6423 8794 7044 1770 4399 8355 1929 1255 1383 9125 8735 677 2613 9618 7729 7708 5447 8092 9689 2994 4876 1448 9936 3002 1015 2037 2503 1822 6127 5008 7375 7229 9125 4137 3 5499 9275 5099 8682 568 2009 2876 3236 6215 9421 3608 5577 4237 6000 661 2628 711 8708 7792 3622 9893 361 6897 3978 7104 5139 5285 8339 7863 7618 1218 7314 2094 7012 4753 5003 3467 2094 6279 4917 7082 8261 2173 2624 1401 9799 2505 1881 7013 476 1064 4543 4644 8666 9343 8453 3572 6396 767 6302 2381 8121 5911 1600 8601 3284 2940 7196 629 251 6038 651 8151 5574 7331 6086 1750 6894 3447 852 7729 460 7441 3144 1187 6829 4731 9091 4244 4671 525 4148 9395 5248 2739 6322 4175 1012 3534 2625 5252 1514 8962 7587 1494 5422 1189 4812 4567 9591 6827 8608 5388 2120 6254 3517 8793 30 1186 7509 7882 2434 7275 8443 9539 3912 1328 2150 4190 7553 5052 9043 1485 7834 8662 3173 3847 7419 5792 1879 6824 2948 6014 2334 9591 6721 106 6854 5182 3221 2627 7941 6058 5581 1606 6785 5966 2911 7318 6305 5740 8916 6554 4218 3663 9762 4759 8768 1880 9201 8184 2244 9139 6806 40 8563 363 7680 867 9369 7930 1330 4614 8452 7634 764 7081 2773 2603 1374 2054 6731 1060 7413 7452 1488 8912 7398 5026 9567 3428 4007 361 8726 7598 3533 7849 3978 4543 4505 7181 1805 2164 6197 1978 3113 3639 2003 5448 560 5524 6099 9456 5452 1653 265 6824 4687 1320 9948 2466 5311 4232 6693 7660 7565 9925 1319 7995 1275 3647 5123 5440 5668 2222 5214 1487 6181 5816 6111 5663 3318 6691 2826 1970 2333 5993 4050 4265 9501 3441 5260 8603 2939 9768 6549 9204 5127 8534 9924 1022 3212 9475 8082 4520 1412 8520 80 9290 2132 3760 7682 3986 1308 7029 4956 7764 9417 5009 802 1127 6991 9726 5186 3036 9897 4755 6716 1922 3124 1518 1201 9237 9294 3903 4315 304 8177 3984 5577 3456 3153 3069 940 4706 866 3521 297 5303 9182 7296 4604 5995 7001 270 9147 4314 2217 8274 5788 4698 1733 3110 1315 1098 6430 3578 8206 2799 3047 2060 7225 8531 3042 8109 3634 1068 2515 4266 3597 4776 170 2782 2009 9633 9949 3157 879 5736 425 842 7411 7519 4312 1856 7726 6718 895 1482 192 5044 4045 2939 5746 8304 1125 6234 6597 3134 7676 1859 5310 5347 1995 2881 2149 856 4426 2952 7986 7645 1054 5140 4438 1526 9281 2318 6482 8239 1298 1516 2778 8079 2829 2251 89 2546 9917 8502 7193 7974 8690 691 1975 9719 8678 6721 1092 627 6016 45 2246 9477 7502 8046 9999 4483 8051 3704 9732 5659 4568 8267 7287 5395 2424 2013 10000 1040 871 5307 7235 395 7618 1099 5754 3040 5909 6785 2197 4129 6085 3999 7495 4407 3875 6487 8669 6466 8943 3947 5285 7559 3728 5296 5255 6832 6896 8637 1765 5907 5305 5792 1440 7940 7451 234 6756 5843 5487 8195 8918 7592 7179 4363 6070 6900 530 5055 4519 3904 2122 5797 2696 6422 8682 3165 6792 2028 3157 4778 3173 7616 3077 2677 4939 8590 4918 4363 4580 2525 4801 5515 4431 5765 9119 1312 3365 835 7058 1638 7057 9088 2854 7076 4482 6720 3130 6375 2477 9384 5472 5773 7462 540 4538 338 8257 4474 1230 6449 2858 9612 5895 1536 8046 3739 2887 1755 8649 1576 5974 2484 9115 4974 5599 7847 7668 5402 6935 4627 6690 8749 2729 2975 4943 8737 2914 9018 9150 7299 5911 5435 2441 4351 5754 5628 8907 9540 7687 1715 1673 1239 8695 2016 2993 5532 8422 320 5753 9241 6111 4829 2419 5644 1959 1508 5028 3370 9938 8381 8386 4552 1158 4464 376 4675 7691 9830 5965 4310 9898 8532 2627 7726 7908 6063 4727 3699 2760 6639 4727 4231 2121 5249 8511 2932 199 6705 6707 6845 7367 4214 2878 7960 4838 2832 8381 1447 948 3794 3478 6783 2946 1283 7453 6321 1545 8691 1798 1039 2488 470 9649 3192 3481 6774 8863 7102 7663 3267 5458 5232 8279 274 7743 3730 9485 3996 1119 2430 3195 2618 8678 330 6763 6996 4875 9325 9257 1671 5170 5130 3734 5592 7895 5199 2272 8001 5730 5591 2752 2503 6750 8879 5452 8101 506 3938 8165 7615 6176 1246 4205 878 3811 3053 7049 1029 5769 9863 188 7866 8695 5897 1686 4330 7847 7680 1098 6045 4614 8119 1352 5086 7045 8015 4137 7252 4765 6846 4701 7150 169 8367 336 6669 2323 1655 7417 9332 4228 9554 2741 4778 4896 4749 1398 3650 2290 2010 7449 4195 4056 4136 2524 9277 6133 6101 457 9418 3001 4731 9897 2253 7934 8888 3263 7572 5432 67 8460 2388 5348 6595 8269 2483 2694 1186 6699 7322 9687 1262 3744 5537 7471 4474 2586 924 1405 2747 2767 8718 1268 820 2045 2262 7619 2400 1558 1586 7943 9080 8296 8274 8599 5276 5159 5757 7572 6815 3053 1593 6505 6599 543 933 6669 2444 6070 5951 3075 5678 7766 4072 222 3875 1171 1482 3502 8878 470 2699 4073 4404 2882 2441 9639 2429 595 8013 1577 8863 4383 3583 2038 2864 805 6217 6186 8802 5038 9401 4910 829 40 8869 8657 1133 1595 9389 223 6811 2213 8114 8568 1190 3142 3086 1093 132 4548 220 3891 10 4664 7390 7318 6353 5347 4914 6477 5946 9089 3902 7779 3133 1622 5741 4193 8802 6055 1825 9480 2194 4306 7122 3552 8641 9160 4254 7639 3220 5225 210 3350 2709 8578 9826 3312 2995 2993 4232 4397 5119 5038 6426 7966 2164 7091 4608 5410 3381 8122 5542 8319 2608 6111 2490 9435 5829 4168 4291 3388 7271 6860 6899 8138 6194 8990 9068 2220 3083 3927 2331 8553 3172 7839 9728 4717 2024 9247 9027 4016 9601 2259 5865 3774 7298 1535 2009 3524 6304 7220 4742 6283 9966 5741 291 7637 5814 1723 9578 4723 5167 8614 1760 7649 7178 5796 644 1644 6939 9220 548 2954 2822 27 2413 3535 7485 3326 8748 4420 1956 8649 4598 4288 5013 2472 7296 3884 8181 2519 3763 7579 884 5585 8394 3913 9709 8720 2627 9510 238 3389 2649 351 7784 477 4817 7912 7566 8816 3051 8421 1933 3681 2814 4424 9866 4844 9624 1241 1127 3450 8992 5301 7314 1542 6148 2558 1220 9832 6442 1200 3712 9261 8200 2379 987 3928 4618 5466 2384 4849 1217 8003 9800 7813 2349 2637 9232 6528 1890 4104 9732 2438 5487 2315 1012 3148 3327 963 5811 9392 7640 3092 2021 2535 1422 6361 1614 8645 4044 6665 7908 7313 463 2489 7432 6673 77 5744 4438 5967 2977 4256 76 5586 6745 3828 6031 9813 3063 4138 2334 4282 2202 9734 5820 9133 5877 8239 7564 3729 4125 6787 2591 8755 6688 456 6983 8433 8002 2278 3532 9931 7659 3027 9537 3243 9797 345 7994 3637 9617 6007 3248 9102 3176 4817 1187
7975 283 3882 4849 6954 8956 4334 7941 5407 871 7131 1121 7628 1082 3531 4591 4191 9837 3221 482 9921 1773 4863 4683 9614 2624 3597 6130 3002 3131 7812 9527 5226 2381 3070 8788 7980 1018 4346 2427 6777 9845 3150 4944 9432 9349 4304 3953 2452 8628 1694 6086 9405 9112 7692 9447 8131 6343 157 8461 5802 7657 3005 2639 3210 6703 3387 932 5073 1899 6763 7149 1249 393 2031 8476 1217 912 1806 9447 227 1438 4787 6302 8014 3295 9905 3172 8754 6091 6881 8550 1916 8751 6795 9704 4111 118 3156 1313 3566 7795 7792 2364 4545 3591 930 5190 6675 4316 5351 6629 4899 6163 4508 6657 7227 1924 314 3368 6705 9584 9033 9940 7216 7591 9704 3842 8489 6005 8390 130 2796 8123 4481 2020 4924 3203 5656 6745 7695 8125 9359 9402 3020 9764 6143 482 4348 3204 4864 6265 9474 1084 7349 5154 869 9594 1013 8101 3172 7004 1063 2166 1194 3065 1737 1774 9790 4831 7261 3736 3620 5160 8515 5335 870 5193 6535 2926 8583 2545 9717 9233 512 9335 6491 8107 432 5328 2424 1200 8839 819 7551 9190 1523 5553 9251 1531 4990 4864 9560 6717 7603 2346 4084 8084 4232 6937 8312 2468 7314 470 7605 7256 6671 3778 4198 3465 7880 2110 5738 1447 3779 9979 2449 498 7387 6237 9298 154 931 9078 9815 7418 8858 1130 1892 361 1833 1852 9473 124 4682 570 9094 299 1660 8834 6243 1020 4828 4116 4518 4496 2975 9312 2878 6028 4422 9865 3686 5094 2418 3589 7382 3239 349 7200 5503 6445 148 7613 5511 7280 2207 8420 5741 5305 7797 3076 435 4101 3189 159 3915 8149 8676 3751 9089 1360 9174 5225 7273 2692 8438 4974 5840 8098 2879 838 6855 7099 4574 7751 3394 6141 4805 2461 4861 5268 1910 6488 9135 7750 5866 2228 1468 8219 9163 3072 2858 3335 731 5632 3130 7345 1396 7196 3753 6806 144 3072 3394 239 4051 9968 852 9338 1405 5317 5461 4954 7305 3351 8329 2694 6960 5529 8021 2417 9618 7184 9417 3667 7373 8906 8179 7520 6323 2816 8857 839 7713 7517 564 7772 6112 3982 6754 8643 234 2620 8502 9032 8806 8071 2061 9986 5760 915 7742 4416 8248 1507 538 5363 4419 4621 1251 9294 727 9394 7841 7149 7265 9507 2366 3605 8462 8508 6032 6541 5964 2415 2920 2667 3993 6451 4547 6298 5470 9064 3962 5210 3460 422 1831 3898 9352 489 4557 711 9488 6297 4902 8970 3933 8483 6623 7911 771 4704 284 7714 3620 7281 6898 288 8423 4556 515 4175 8941 5686 1497 2814 6617 1765 8918 1935 7572 2598 7435 719 5541 5623 4391 8896 8497 9749 3526 5364 3535 3113 3149 1010 7501 5705 5106 7983 4947 201 6430 2679 186 2523 719 4185 5837 1417 336 5612 189 3606 8165 3456 4824 5272 8847 9352 4381 2918 1665 853 924 610 6382 7816 4568 720 8498 3668 8771 9443 2978 4756 3457 7819 2830 4812 9932 6528 4521 9850 5352 3313 7187 5561 5256 9602 4798 3640 9664 5793 372 1166 781 490 2121 6400 8585 6853 1618 3130 6444 6652 9605 5754 3573 4778 3248 4342 5974 3246 6049 3610 3291 5689 6352 5407 3851 8661 5532 3142 8223 4215 6362 9126 352 2393 3129 2257 240 5842 9436 937 156 3904 4440 9371 4887 3308 4442 8262 7439 2588 3529 14 976 5159 5436 2948 3202 2080 7306 1557 5800 8342 5432 8704 4843 6392 146 2086 4562 3205 7481 5225 4121 9116 6220 3619 2183 7422 6513 843 163 2775 9638 8179 9589 5707 4121 4731 3338 7691 3269 6305 947 7067 9163 3180 3408 5795 1572 7554 3362 7164 3650 7936 2148 2305 8140 2388 4631 4471 7816 7059 2565 1132 2966 7751 5896 7790 3876 4996 635 6798 8304 6539 5142 9465 6474 3121 4050 8532 9337 7552 6948 2211 9329 871 7507 3601 6907 8732 4173 7379 2073 3585 3379 7362 6322 5489 4288 6567 3569 2060 3212 8751 7809 9206 5783 1568 9231 503 7984 1107 3656 5576 9922 6475 1456 9797 2405 7598 3840 6605 9602 6568 5023 6950 3108 442 8535 1004 5556 2563 1935 2169 1421 8226 3281 8683 1209 8131 9708 6060 3451 566 2792 7085 5359 7274 3114 2540 6331 3469 2589 7034 2134 274 913 8743 2080 7573 9680 9593 8980 1500 151 5820 8653 3518 590 9567 5180 1610 6000 2493 9386 1136 8461 7985 6315 154 5607 1549 1938 7115 1878 6249 5445 8316 3805 9051 9793 9028 6671 7142 4180 8635 5539 7524 1220 3646 9557 876 9778 7884 3965 5551 168 106 6789 5587 113 7722 2739 7925 9213 8916 7632 2099 11 2708 5383 3597 398 9309 6768 1164 5158 4377 6828 3745 9607 7359 1990 6221 7405 3769 6887 4407 4387 8042 9076 8641 7121 6374 1987 8591 5560 324 1349 34 9406 4139 3546 5392 4619 8866 3753 5977 7894 1602 1624 7977 3454 6514 5814 362 8608 1012 9185 7831 7159 4532 9457 104 7684 3115 6215 3394 3188 3934 1485 3335 5834 8167 9195 4086 3091 2830 4980 282 8111 893 7697 5732 7979 7873 2723 5052 8517 5665 8579 7455 7772 1294 9864 4555 9123 4017 3951 5110 3216 4297 6642 3611 8234 3870 2596 7837 6432 8452 3274 8911 4958 2263 7007 4427 5449 4573 8511 4405 7404 1678 6400 5819 4870 109 8083 1751 6247 8513 6423 8794 7044 1770 4399 8355 1929 1255 1383 9125 8735 677 2613 9618 7729 7708 5447 8092 9689 2994 4876 1448 9936 3002 1015 2037 2503 1822 6127 5008 7375 7229 9125 4137 3 5499 9275 5099 8682 568 2009 2876 3236 6215 9421 3608 5577 4237 6000 661 2628 711 8708 7792 3622 9893 361 6897 3978 7104 5139 5285 8339 7863 7618 1218 7314 2094 7012 4753 5003 3467 2094 6279 4917 7082 8261 2173 2624 1401 9799 2505 1881 7013 476 1064 4543 4644 8666 9343 8453 3572 6396 767 6302 2381 8121 5911 1600 8601 3284 2940 7196 629 251 6038 651 8151 5574 7331 6086 1750 6894 3447 852 7729 460 7441 3144 1187 6829 4731 9091 4244 4671 525 4148 9395 5248 2739 6322 4175 1012 3534 2625 5252 1514 8962 7587 1494 5422 1189 4812 4567 9591 6827 8608 5388 2120 6254 3517 8793 30 1186 7509 7882 2434 7275 8443 9539 3912 1328 2150 4190 7553 5052 9043 1485 7834 8662 3173 3847 7419 5792 1879 6824 2948 6014 2334 9591 6721 106 6854 5182 3221 2627 7941 6058 5581 1606 6785 5966 2911 7318 6305 5740 8916 6554 4218 3663 9762 4759 8768 1880 9201 8184 2244 9139 6806 40 8563 363 7680 867 9369 7930 1330 4614 8452 7634 764 7081 2773 2603 1374 2054 6731 1060 7413 7452 1488 8912 7398 5026 9567 3428 4007 361 8726 7598 3533 7849 3978 4543 4505 7181 1805 2164 6197 1978 3113 3639 2003 5448 560 5524 6099 9456 5452 1653 265 6824 4687 1320 9948 2466 5311 4232 6693 7660 7565 9925 1319 7995 1275 3647 5123 5440 5668 2222 5214 1487 6181 5816 6111 5663 3318 6691 2826 1970 2333 5993 4050 4265 9501 3441 5260 8603 2939 9768 6549 9204 5127 8534 9924 1022 3212 9475 8082 4520 1412 8520 80 9290 2132 3760 7682 3986 1308 7029 4956 7764 9417 5009 802 1127 6991 9726 5186 3036 9897 4755 6716 1922 3124 1518 1201 9237 9294 3903 4315 304 8177 3984 5577 3456 3153 3069 940 4706 866 3521 297 5303 9182 7296 4604 5995 7001 270 9147 4314 2217 8274 5788 4698 1733 3110 1315 1098 6430 3578 8206 2799 3047 2060 7225 8531 3042 8109 3634 1068 2515 4266 3597 4776 170 2782 2009 9633 9949 3157 879 5736 425 842 7411 7519 4312 1856 7726 6718 895 1482 192 5044 4045 2939 5746 8304 1125 6234 6597 3134 7676 1859 5310 5347 1995 2881 2149 856 4426 2952 7986 7645 1054 5140 4438 1526 9281 2318 6482 8239 1298 1516 2778 8079 2829 2251 89 2546 9917 8502 7193 7974 8690 691 1975 9719 8678 6721 1092 627 6016 45 2246 9477 7502 8046 9999 4483 8051 3704 9732 5659 4568 8267 7287 5395 2424 2013 10000 1040 871 5307 7235 395 7618 1099 5754 3040 5909 6785 2197 4129 6085 3999 7495 4407 3875 6487 8669 6466 8943 3947 5285 7559 3728 5296 5255 6832 6896 8637 1765 5907 5305 5792 1440 7940 7451 234 6756 5843 5487 8195 8918 7592 7179 4363 6070 6900 530 5055 4519 3904 2122 5797 2696 6422 8682 3165 6792 2028 3157 4778 3173 7616 3077 2677 4939 8590 4918 4363 4580 2525 4801 5515 4431 5765 9119 1312 3365 835 7058 1638 7057 9088 2854 7076 4482 6720 3130 6375 2477 9384 5472 5773 7462 540 4538 338 8257 4474 1230 6449 2858 9612 5895 1536 8046 3739 2887 1755 8649 1576 5974 2484 9115 4974 5599 7847 7668 5402 6935 4627 6690 8749 2729 2975 4943 8737 2914 9018 9150 7299 5911 5435 2441 4351 5754 5628 8907 9540 7687 1715 1673 1239 8695 2016 2993 5532 8422 320 5753 9241 6111 4829 2419 5644 1959 1508 5028 3370 9938 8381 8386 4552 1158 4464 376 4675 7691 9830 5965 4310 9898 8532 2627 7726 7908 6063 4727 3699 2760 6639 4727 4231 2121 5249 8511 2932 199 6705 6707 6845 7367 4214 2878 7960 4838 2832 8381 1447 948 3794 3478 6783 2946 1283 7453 6321 1545 8691 1798 1039 2488 470 9649 3192 3481 6774 8863 7102 7663 3267 5458 5232 8279 274 7743 3730 9485 3996 1119 2430 3195 2618 8678 330 6763 6996 4875 9325 9257 1671 5170 5130 3734 5592 7895 5199 2272 8001 5730 5591 2752 2503 6750 8879 5452 8101 506 3938 8165 7615 6176 1246 4205 878 3811 3053 7049 1029 5769 9863 188 7866 8695 5897 1686 4330 7847 7680 1098 6045 4614 8119 1352 5086 7045 8015 4137 7252 4765 6846 4701 7150 169 8367 336 6669 2323 1655 7417 9332 4228 9554 2741 4778 4896 4749 1398 3650 2290 2010 7449 4195 4056 4136 2524 9277 6133 6101 457 9418 3001 4731 9897 2253 7934 8888 3263 7572 5432 67 8460 2388 5348 6595 8269 2483 2694 1186 6699 7322 9687 1262 3744 5537 7471 4474 2586 924 1405 2747 2767 8718 1268 820 2045 2262 7619 2400 1558 1586 7943 9080 8296 8274 8599 5276 5159 5757 7572 6815 3053 1593 6505 6599 543 933 6669 2444 6070 5951 3075 5678 7766 4072 222 3875 1171 1482 3502 8878 470 2699 4073 4404 2882 2441 9639 2429 595 8013 1577 8863 4383 3583 2038 2864 805 6217 6186 8802 5038 9401 4910 829 40 8869 8657 1133 1595 9389 223 6811 2213 8114 8568 1190 3142 3086 1093 132 4548 220 3891 10 4664 7390 7318 6353 5347 4914 6477 5946 9089 3902 7779 3133 1622 5741 4193 8802 6055 1825 9480 2194 4306 7122 3552 8641 9160 4254 7639 3220 5225 210 3350 2709 8578 9826 3312 2995 2993 4232 4397 5119 5038 6426 7966 2164 7091 4608 5410 3381 8122 5542 8319 2608 6111 2490 9435 5829 4168 4291 3388 7271 6860 6899 8138 6194 8990 9068 2220 3083 3927 2331 8553 3172 7839 9728 4717 2024 9247 9027 4016 9601 2259 5865 3774 7298 1535 2009 3524 6304 7220 4742 6283 9966 5741 291 7637 5814 1723 9578 4723 5167 8614 1760 7649 7178 5796 644 1644 6939 9220 548 2954 2822 27 2413 3535 7485 3326 8748 4420 1956 8649 4598 4288 5013 2472 7296 3884 8181 2519 3763 7579 884 5585 8394 3913 9709 8720 2627 9510 238 3389 2649 351 7784 477 4817 7912 7566 8816 3051 8421 1933 3681 2814 4424 9866 4844 9624 1241 1127 3450 8992 5301 7314 1542 6148 2558 1220 9832 6442 1200 3712 9261 8200 2379 987 3928 4618 5466 2384 4849 1217 8003 9800 7813 2349 2637 9232 6528 1890 4104 9732 2438 5487 2315 1012 3148 3327 963 5811 9392 7640 3092 2021 2535 1422 6361 1614 8645 4044 6665 7908 7313 463 2489 7432 6673 77 5744 4438 5967 2977 4256 76 5586 6745 3828 6031 9813 3063 4138 2334 4282 2202 9734 5820 9133 5877 8239 7564 3729 4125 6787 2591 8755 6688 456 6983 8433 8002 2278 3532 9931 7659 3027 9537 3243 9797 345 7994 3637 9617 6007 3248 9102 3176 4817 1187
1187 4817 3176 9102 3248 6007 9617 3637 7994 345 9797 3243 9537 3027 7659 9931 3532 2278 8002 8433 6983 456 6688 8755 2591 6787 4125 3729 7564 8239 5877 9133 5820 9734 2202 4282 2334 4138 3063 9813 6031 3828 6745 5586 76 4256 2977 5967 4438 5744 77 6673 7432 2489 463 7313 7908 6665 4044 8645 1614 6361 1422 2535 2021 3092 7640 9392 5811 963 3327 3148 1012 2315 5487 2438 9732 4104 1890 6528 9232 2637 2349 7813 9800 8003 1217 4849 2384 5466 4618 3928 987 2379 8200 9261 3712 1200 6442 9832 1220 2558 6148 1542 7314 5301 8992 3450 1127 1241 9624 4844 9866 4424 2814 3681 1933 8421 3051 8816 7566 7912 4817 477 7784 351 2649 3389 238 9510 2627 8720 9709 3913 8394 5585 884 7579 3763 2519 8181 3884 7296 2472 5013 4288 4598 8649 1956 4420 8748 3326 7485 3535 2413 27 2822 2954 548 9220 6939 1644 644 5796 7178 7649 1760 8614 5167 4723 9578 1723 5814 7637 291 5741 9966 6283 4742 7220 6304 3524 2009 1535 7298 3774 5865 2259 9601 4016 9027 9247 2024 4717 9728 7839 3172 8553 2331 3927 3083 2220 9068 8990 6194 8138 6899 6860 7271 3388 4291 4168 5829 9435 2490 6111 2608 8319 5542 8122 3381 5410 4608 7091 2164 7966 6426 5038 5119 4397 4232 2993 2995 3312 9826 8578 2709 3350 210 5225 3220 7639 4254 9160 8641 3552 7122 4306 2194 9480 1825 6055 8802 4193 5741 1622 3133 7779 3902 9089 5946 6477 4914 5347 6353 7318 7390 4664 10 3891 220 4548 132 1093 3086 3142 1190 8568 8114 2213 6811 223 9389 1595 1133 8657 8869 40 829 4910 9401 5038 8802 6186 6217 805 2864 2038 3583 4383 8863 1577 8013 595 2429 9639 2441 2882 4404 4073 2699 470 8878 3502 1482 1171 3875 222 4072 7766 5678 3075 5951 6070 2444 6669 933 543 6599 6505 1593 3053 6815 7572 5757 5159 5276 8599 8274 8296 9080 7943 1586 1558 2400 7619 2262 2045 820 1268 8718 2767 2747 1405 924 2586 4474 7471 5537 3744 1262 9687 7322 6699 1186 2694 2483 8269 6595 5348 2388 8460 67 5432 7572 3263 8888 7934 2253 9897 4731 3001 9418 457 6101 6133 9277 2524 4136 4056 4195 7449 2010 2290 3650 1398 4749 4896 4778 2741 9554 4228 9332 7417 1655 2323 6669 336 8367 169 7150 4701 6846 4765 7252 4137 8015 7045 5086 1352 8119 4614 6045 1098 7680 7847 4330 1686 5897 8695 7866 188 9863 5769 1029 7049 3053 3811 878 4205 1246 6176 7615 8165 3938 506 8101 5452 8879 6750 2503 2752 5591 5730 8001 2272 5199 7895 5592 3734 5130 5170 1671 9257 9325 4875 6996 6763 330 8678 2618 3195 2430 1119 3996 9485 3730 7743 274 8279 5232 5458 3267 7663 7102 8863 6774 3481 3192 9649 470 2488 1039 1798 8691 1545 6321 7453 1283 2946 6783 3478 3794 948 1447 8381 2832 4838 7960 2878 4214 7367 6845 6707 6705 199 2932 8511 5249 2121 4231 4727 6639 2760 3699 4727 6063 7908 7726 2627 8532 9898 4310 5965 9830 7691 4675 376 4464 1158 4552 8386 8381 9938 3370 5028 1508 1959 5644 2419 4829 6111 9241 5753 320 8422 5532 2993 2016 8695 1239 1673 1715 7687 9540 8907 5628 5754 4351 2441 5435 5911 7299 9150 9018 2914 8737 4943 2975 2729 8749 6690 4627 6935 5402 7668 7847 5599 4974 9115 2484 5974 1576 8649 1755 2887 3739 8046 1536 5895 9612 2858 6449 1230 4474 8257 338 4538 540 7462 5773 5472 9384 2477 6375 3130 6720 4482 7076 2854 9088 7057 1638 7058 835 3365 1312 9119 5765 4431 5515 4801 2525 4580 4363 4918 8590 4939 2677 3077 7616 3173 4778 3157 2028 6792 3165 8682 6422 2696 5797 2122 3904 4519 5055 530 6900 6070 4363 7179 7592 8918 8195 5487 5843 6756 234 7451 7940 1440 5792 5305 5907 1765 8637 6896 6832 5255 5296 3728 7559 5285 3947 8943 6466 8669 6487 3875 4407 7495 3999 6085 4129 2197 6785 5909 3040 5754 1099 7618 395 7235 5307 871 1040 10000 2013 2424 5395 7287 8267 4568 5659 9732 3704 8051 4483 9999 8046 7502 9477 2246 45 6016 627 1092 6721 8678 9719 1975 691 8690 7974 7193 8502 9917 2546 89 2251 2829 8079 2778 1516 1298 8239 6482 2318 9281 1526 4438 5140 1054 7645 7986 2952 4426 856 2149 2881 1995 5347 5310 1859 7676 3134 6597 6234 1125 8304 5746 2939 4045 5044 192 1482 895 6718 7726 1856 4312 7519 7411 842 425 5736 879 3157 9949 9633 2009 2782 170 4776 3597 4266 2515 1068 3634 8109 3042 8531 7225 2060 3047 2799 8206 3578 6430 1098 1315 3110 1733 4698 5788 8274 2217 4314 9147 270 7001 5995 4604 7296 9182 5303 297 3521 866 4706 940 3069 3153 3456 5577 3984 8177 304 4315 3903 9294 9237 1201 1518 3124 1922 6716 4755 9897 3036 5186 9726 6991 1127 802 5009 9417 7764 4956 7029 1308 3986 7682 3760 2132 9290 80 8520 1412 4520 8082 9475 3212 1022 9924 8534 5127 9204 6549 9768 2939 8603 5260 3441 9501 4265 4050 5993 2333 1970 2826 6691 3318 5663 6111 5816 6181 1487 5214 2222 5668 5440 5123 3647 1275 7995 1319 9925 7565 7660 6693 4232 5311 2466 9948 1320 4687 6824 265 1653 5452 9456 6099 5524 560 5448 2003 3639 3113 1978 6197 2164 1805 7181 4505 4543 3978 7849 3533 7598 8726 361 4007 3428 9567 5026 7398 8912 1488 7452 7413 1060 6731 2054 1374 2603 2773 7081 764 7634 8452 4614 1330 7930 9369 867 7680 363 8563 40 6806 9139 2244 8184 9201 1880 8768 4759 9762 3663 4218 6554 8916 5740 6305 7318 2911 5966 6785 1606 5581 6058 7941 2627 3221 5182 6854 106 6721 9591 2334 6014 2948 6824 1879 5792 7419 3847 3173 8662 7834 1485 9043 5052 7553 4190 2150 1328 3912 9539 8443 7275 2434 7882 7509 1186 30 8793 3517 6254 2120 5388 8608 6827 9591 4567 4812 1189 5422 1494 7587 8962 1514 5252 2625 3534 1012 4175 6322 2739 5248 9395 4148 525 4671 4244 9091 4731 6829 1187 3144 7441 460 7729 852 3447 6894 1750 6086 7331 5574 8151 651 6038 251 629 7196 2940 3284 8601 1600 5911 8121 2381 6302 767 6396 3572 8453 9343 8666 4644 4543 1064 476 7013 1881 2505 9799 1401 2624 2173 8261 7082 4917 6279 2094 3467 5003 4753 7012 2094 7314 1218 7618 7863 8339 5285 5139 7104 3978 6897 361 9893 3622 7792 8708 711 2628 661 6000 4237 5577 3608 9421 6215 3236 2876 2009 568 8682 5099 9275 5499 3 4137 9125 7229 7375 5008 6127 1822 2503 2037 1015 3002 9936 1448 4876 2994 9689 8092 5447 7708 7729 9618 2613 677 8735 9125 1383 1255 1929 8355 4399 1770 7044 8794 6423 8513 6247 1751 8083 109 4870 5819 6400 1678 7404 4405 8511 4573 5449 4427 7007 2263 4958 8911 3274 8452 6432 7837 2596 3870 8234 3611 6642 4297 3216 5110 3951 4017 9123 4555 9864 1294 7772 7455 8579 5665 8517 5052 2723 7873 7979 5732 7697 893 8111 282 4980 2830 3091 4086 9195 8167 5834 3335 1485 3934 3188 3394 6215 3115 7684 104 9457 4532 7159 7831 9185 1012 8608 362 5814 6514 3454 7977 1624 1602 7894 5977 3753 8866 4619 5392 3546 4139 9406 34 1349 324 5560 8591 1987 6374 7121 8641 9076 8042 4387 4407 6887 3769 7405 6221 1990 7359 9607 3745 6828 4377 5158 1164 6768 9309 398 3597 5383 2708 11 2099 7632 8916 9213 7925 2739 7722 113 5587 6789 106 168 5551 3965 7884 9778 876 9557 3646 1220 7524 5539 8635 4180 7142 6671 9028 9793 9051 3805 8316 5445 6249 1878 7115 1938 1549 5607 154 6315 7985 8461 1136 9386 2493 6000 1610 5180 9567 590 3518 8653 5820 151 1500 8980 9593 9680 7573 2080 8743 913 274 2134 7034 2589 3469 6331 2540 3114 7274 5359 7085 2792 566 3451 6060 9708 8131 1209 8683 3281 8226 1421 2169 1935 2563 5556 1004 8535 442 3108 6950 5023 6568 9602 6605 3840 7598 2405 9797 1456 6475 9922 5576 3656 1107 7984 503 9231 1568 5783 9206 7809 8751 3212 2060 3569 6567 4288 5489 6322 7362 3379 3585 2073 7379 4173 8732 6907 3601 7507 871 9329 2211 6948 7552 9337 8532 4050 3121 6474 9465 5142 6539 8304 6798 635 4996 3876 7790 5896 7751 2966 1132 2565 7059 7816 4471 4631 2388 8140 2305 2148 7936 3650 7164 3362 7554 1572 5795 3408 3180 9163 7067 947 6305 3269 7691 3338 4731 4121 5707 9589 8179 9638 2775 163 843 6513 7422 2183 3619 6220 9116 4121 5225 7481 3205 4562 2086 146 6392 4843 8704 5432 8342 5800 1557 7306 2080 3202 2948 5436 5159 976 14 3529 2588 7439 8262 4442 3308 4887 9371 4440 3904 156 937 9436 5842 240 2257 3129 2393 352 9126 6362 4215 8223 3142 5532 8661 3851 5407 6352 5689 3291 3610 6049 3246 5974 4342 3248 4778 3573 5754 9605 6652 6444 3130 1618 6853 8585 6400 2121 490 781 1166 372 5793 9664 3640 4798 9602 5256 5561 7187 3313 5352 9850 4521 6528 9932 4812 2830 7819 3457 4756 2978 9443 8771 3668 8498 720 4568 7816 6382 610 924 853 1665 2918 4381 9352 8847 5272 4824 3456 8165 3606 189 5612 336 1417 5837 4185 719 2523 186 2679 6430 201 4947 7983 5106 5705 7501 1010 3149 3113 3535 5364 3526 9749 8497 8896 4391 5623 5541 719 7435 2598 7572 1935 8918 1765 6617 2814 1497 5686 8941 4175 515 4556 8423 288 6898 7281 3620 7714 284 4704 771 7911 6623 8483 3933 8970 4902 6297 9488 711 4557 489 9352 3898 1831 422 3460 5210 3962 9064 5470 6298 4547 6451 3993 2667 2920 2415 5964 6541 6032 8508 8462 3605 2366 9507 7265 7149 7841 9394 727 9294 1251 4621 4419 5363 538 1507 8248 4416 7742 915 5760 9986 2061 8071 8806 9032 8502 2620 234 8643 6754 3982 6112 7772 564 7517 7713 839 8857 2816 6323 7520 8179 8906 7373 3667 9417 7184 9618 2417 8021 5529 6960 2694 8329 3351 7305 4954 5461 5317 1405 9338 852 9968 4051 239 3394 3072 144 6806 3753 7196 1396 7345 3130 5632 731 3335 2858 3072 9163 8219 1468 2228 5866 7750 9135 6488 1910 5268 4861 2461 4805 6141 3394 7751 4574 7099 6855 838 2879 8098 5840 4974 8438 2692 7273 5225 9174 1360 9089 3751 8676 8149 3915 159 3189 4101 435 3076 7797 5305 5741 8420 2207 7280 5511 7613 148 6445 5503 7200 349 3239 7382 3589 2418 5094 3686 9865 4422 6028 2878 9312 2975 4496 4518 4116 4828 1020 6243 8834 1660 299 9094 570 4682 124 9473 1852 1833 361 1892 1130 8858 7418 9815 9078 931 154 9298 6237 7387 498 2449 9979 3779 1447 5738 2110 7880 3465 4198 3778 6671 7256 7605 470 7314 2468 8312 6937 4232 8084 4084 2346 7603 6717 9560 4864 4990 1531 9251 5553 1523 9190 7551 819 8839 1200 2424 5328 432 8107 6491 9335 512 9233 9717 2545 8583 2926 6535 5193 870 5335 8515 5160 3620 3736 7261 4831 9790 1774 1737 3065 1194 2166 1063 7004 3172 8101 1013 9594 869 5154 7349 1084 9474 6265 4864 3204 4348 482 6143 9764 3020 9402 9359 8125 7695 6745 5656 3203 4924 2020 4481 8123 2796 130 8390 6005 8489 3842 9704 7591 7216 9940 9033 9584 6705 3368 314 1924 7227 6657 4508 6163 4899 6629 5351 4316 6675 5190 930 3591 4545 2364 7792 7795 3566 1313 3156 118 4111 9704 6795 8751 1916 8550 6881 6091 8754 3172 9905 3295 8014 6302 4787 1438 227 9447 1806 912 1217 8476 2031 393 1249 7149 6763 1899 5073 932 3387 6703 3210 2639 3005 7657 5802 8461 157 6343 8131 9447 7692 9112 9405 6086 1694 8628 2452 3953 4304 9349 9432 4944 3150 9845 6777 2427 4346 1018 7980 8788 3070 2381 5226 9527 7812 3131 3002 6130 3597 2624 9614 4683 4863 1773 9921 482 3221 9837 4191 4591 3531 1082 7628 1121 7131 871 5407 7941 4334 8956 6954 4849 3882 283 7975
7975 283 3882 4849 6954 8956 4334 7941 5407 871 7131 1121 7628 1082 3531 4591 4191 9837 3221 482 9921 1773 4863 4683 9614 2624 3597 6130 3002 3131 7812 9527 5226 2381 3070 8788 7980 1018 4346 2427 6777 9845 3150 4944 9432 9349 4304 3953 2452 8628 1694 6086 9405 9112 7692 9447 8131 6343 157 8461 5802 7657 3005 2639 3210 6703 3387 932 5073 1899 6763 7149 1249 393 2031 8476 1217 912 1806 9447 227 1438 4787 6302 8014 3295 9905 3172 8754 6091 6881 8550 1916 8751 6795 9704 4111 118 3156 1313 3566 7795 7792 2364 4545 3591 930 5190 6675 4316 5351 6629 4899 6163 4508 6657 7227 1924 314 3368 6705 9584 9033 9940 7216 7591 9704 3842 8489 6005 8390 130 2796 8123 4481 2020 4924 3203 5656 6745 7695 8125 9359 9402 3020 9764 6143 482 4348 3204 4864 6265 9474 1084 7349 5154 869 9594 1013 8101 3172 7004 1063 2166 1194 3065 1737 1774 9790 4831 7261 3736 3620 5160 8515 5335 870 5193 6535 2926 8583 2545 9717 9233 512 9335 6491 8107 432 5328 2424 1200 8839 819 7551 9190 1523 5553 9251 1531 4990 4864 9560 6717 7603 2346 4084 8084 4232 6937 8312 2468 7314 470 7605 7256 6671 3778 4198 3465 7880 2110 5738 1447 3779 9979 2449 498 7387 6237 9298 154 931 9078 9815 7418 8858 1130 1892 361 1833 1852 9473 124 4682 570 9094 299 1660 8834 6243 1020 4828 4116 4518 4496 2975 9312 2878 6028 4422 9865 3686 5094 2418 3589 7382 3239 349 7200 5503 6445 148 7613 5511 7280 2207 8420 5741 5305 7797 3076 435 4101 3189 159 3915 8149 8676 3751 9089 1360 9174 5225 7273 2692 8438 4974 5840 8098 2879 838 6855 7099 4574 7751 3394 6141 4805 2461 4861 5268 1910 6488 9135 7750 5866 2228 1468 8219 9163 3072 2858 3335 731 5632 3130 7345 1396 7196 3753 6806 144 3072 3394 239 4051 9968 852 9338 1405 5317 5461 4954 7305 3351 8329 2694 6960 5529 8021 2417 9618 7184 9417 3667 7373 8906 8179 7520 6323 2816 8857 839 7713 7517 564 7772 6112 3982 6754 8643 234 2620 8502 9032 8806 8071 2061 9986 5760 915 7742 4416 8248 1507 538 5363 4419 4621 1251 9294 727 9394 7841 7149 7265 9507 2366 3605 8462 8508 6032 6541 5964 2415 2920 2667 3993 6451 4547 6298 5470 9064 3962 5210 3460 422 1831 3898 9352 489 4557 711 9488 6297 4902 8970 3933 8483 6623 7911 771 4704 284 7714 3620 7281 6898 288 8423 4556 515 4175 8941 5686 1497 2814 6617 1765 8918 1935 7572 2598 7435 719 5541 5623 4391 8896 8497 9749 3526 5364 3535 3113 3149 1010 7501 5705 5106 7983 4947 201 6430 2679 186 2523 719 4185 5837 1417 336 5612 189 3606 8165 3456 4824 5272 8847 9352 4381 2918 1665 853 924 610 6382 7816 4568 720 8498 3668 8771 9443 2978 4756 3457 7819 2830 4812 9932 6528 4521 9850 5352 3313 7187 5561 5256 9602 4798 3640 9664 5793 372 1166 781 490 2121 6400 8585 6853 1618 3130 6444 6652 9605 5754 3573 4778 3248 4342 5974 3246 6049 3610 3291 5689 6352 5407 3851 8661 5532 3142 8223 4215 6362 9126 352 2393 3129 2257 240 5842 9436 937 156 3904 4440 9371 4887 3308 4442 8262 7439 2588 3529 14 976 5159 5436 2948 3202 2080 7306 1557 5800 8342 5432 8704 4843 6392 146 2086 4562 3205 7481 5225 4121 9116 6220 3619 2183 7422 6513 843 163 2775 9638 8179 9589 5707 4121 4731 3338 7691 3269 6305 947 7067 9163 3180 3408 5795 1572 7554 3362 7164 3650 7936 2148 2305 8140 2388 4631 4471 7816 7059 2565 1132 2966 7751 5896 7790 3876 4996 635 6798 8304 6539 5142 9465 6474 3121 4050 8532 9337 7552 6948 2211 9329 871 7507 3601 6907 8732 4173 7379 2073 3585 3379 7362 6322 5489 4288 6567 3569 2060 3212 8751 7809 9206 5783 1568 9231 503 7984 1107 3656 5576 9922 6475 1456 9797 2405 7598 3840 6605 9602 6568 5023 6950 3108 442 8535 1004 5556 2563 1935 2169 1421 8226 3281 8683 1209 8131 9708 6060 3451 566 2792 7085 5359 7274 3114 2540 6331 3469 2589 7034 2134 274 913 8743 2080 7573 9680 9593 8980 1500 151 5820 8653 3518 590 9567 5180 1610 6000 2493 9386 1136 8461 7985 6315 154 5607 1549 1938 7115 1878 6249 5445 8316 3805 9051 9793 9028 6671 7142 4180 8635 5539 7524 1220 3646 9557 876 9778 7884 3965 5551 168 106 6789 5587 113 7722 2739 7925 9213 8916 7632 2099 11 2708 5383 3597 398 9309 6768 1164 5158 4377 6828 3745 9607 7359 1990 6221 7405 3769 6887 4407 4387 8042 9076 8641 7121 6374 1987 8591 5560 324 1349 34 9406 4139 3546 5392 4619 8866 3753 5977 7894 1602 1624 7977 3454 6514 5814 362 8608 1012 9185 7831 7159 4532 9457 104 7684 3115 6215 3394 3188 3934 1485 3335 5834 8167 9195 4086 3091 2830 4980 282 8111 893 7697 5732 7979 7873 2723 5052 8517 5665 8579 7455 7772 1294 9864 4555 9123 4017 3951 5110 3216 4297 6642 3611 8234 3870 2596 7837 6432 8452 3274 8911 4958 2263 7007 4427 5449 4573 8511 4405 7404 1678 6400 5819 4870 109 8083 1751 6247 8513 6423 8794 7044 1770 4399 8355 1929 1255 1383 9125 8735 677 2613 9618 7729 7708 5447 8092 9689 2994 4876 1448 9936 3002 1015 2037 2503 1822 6127 5008 7375 7229 9125 4137 3 5499 9275 5099 8682 568 2009 2876 3236 6215 9421 3608 5577 4237 6000 661 2628 711 8708 7792 3622 9893 361 6897 3978 7104 5139 5285 8339 7863 7618 1218 7314 2094 7012 4753 5003 3467 2094 6279 4917 7082 8261 2173 2624 1401 9799 2505 1881 7013 476 1064 4543 4644 8666 9343 8453 3572 6396 767 6302 2381 8121 5911 1600 8601 3284 2940 7196 629 251 6038 651 8151 5574 7331 6086 1750 6894 3447 852 7729 460 7441 3144 1187 6829 4731 9091 4244 4671 525 4148 9395 5248 2739 6322 4175 1012 3534 2625 5252 1514 8962 7587 1494 5422 1189 4812 4567 9591 6827 8608 5388 2120 6254 3517 8793 30 1186 7509 7882 2434 7275 8443 9539 3912 1328 2150 4190 7553 5052 9043 1485 7834 8662 3173 3847 7419 5792 1879 6824 2948 6014 2334 9591 6721 106 6854 5182 3221 2627 7941 6058 5581 1606 6785 5966 2911 7318 6305 5740 8916 6554 4218 3663 9762 4759 8768 1880 9201 8184 2244 9139 6806 40 8563 363 7680 867 9369 7930 1330 4614 8452 7634 764 7081 2773 2603 1374 2054 6731 1060 7413 7452 1488 8912 7398 5026 9567 3428 4007 361 8726 7598 3533 7849 3978 4543 4505 7181 1805 2164 6197 1978 3113 3639 2003 5448 560 5524 6099 9456 5452 1653 265 6824 4687 1320 9948 2466 5311 4232 6693 7660 7565 9925 1319 7995 1275 3647 5123 5440 5668 2222 5214 1487 6181 5816 6111 5663 3318 6691 2826 1970 2333 5993 4050 4265 9501 3441 5260 8603 2939 9768 6549 9204 5127 8534 9924 1022 3212 9475 8082 4520 1412 8520 80 9290 2132 3760 7682 3986 1308 7029 4956 7764 9417 5009 802 1127 6991 9726 5186 3036 9897 4755 6716 1922 3124 1518 1201 9237 9294 3903 4315 304 8177 3984 5577 3456 3153 3069 940 4706 866 3521 297 5303 9182 7296 4604 5995 7001 270 9147 4314 2217 8274 5788 4698 1733 3110 1315 1098 6430 3578 8206 2799 3047 2060 7225 8531 3042 8109 3634 1068 2515 4266 3597 4776 170 2782 2009 9633 9949 3157 879 5736 425 842 7411 7519 4312 1856 7726 6718 895 1482 192 5044 4045 2939 5746 8304 1125 6234 6597 3134 7676 1859 5310 5347 1995 2881 2149 856 4426 2952 7986 7645 1054 5140 4438 1526 9281 2318 6482 8239 1298 1516 2778 8079 2829 2251 89 2546 9917 8502 7193 7974 8690 691 1975 9719 8678 6721 1092 627 6016 45 2246 9477 7502 8046 9999 4483 8051 3704 9732 5659 4568 8267 7287 5395 2424 2013 10000 1040 871 5307 7235 395 7618 1099 5754 3040 5909 6785 2197 4129 6085 3999 7495 4407 3875 6487 8669 6466 8943 3947 5285 7559 3728 5296 5255 6832 6896 8637 1765 5907 5305 5792 1440 7940 7451 234 6756 5843 5487 8195 8918 7592 7179 4363 6070 6900 530 5055 4519 3904 2122 5797 2696 6422 8682 3165 6792 2028 3157 4778 3173 7616 3077 2677 4939 8590 4918 4363 4580 2525 4801 5515 4431 5765 9119 1312 3365 835 7058 1638 7057 9088 2854 7076 4482 6720 3130 6375 2477 9384 5472 5773 7462 540 4538 338 8257 4474 1230 6449 2858 9612 5895 1536 8046 3739 2887 1755 8649 1576 5974 2484 9115 4974 5599 7847 7668 5402 6935 4627 6690 8749 2729 2975 4943 8737 2914 9018 9150 7299 5911 5435 2441 4351 5754 5628 8907 9540 7687 1715 1673 1239 8695 2016 2993 5532 8422 320 5753 9241 6111 4829 2419 5644 1959 1508 5028 3370 9938 8381 8386 4552 1158 4464 376 4675 7691 9830 5965 4310 9898 8532 2627 7726 7908 6063 4727 3699 2760 6639 4727 4231 2121 5249 8511 2932 199 6705 6707 6845 7367 4214 2878 7960 4838 2832 8381 1447 948 3794 3478 6783 2946 1283 7453 6321 1545 8691 1798 1039 2488 470 9649 3192 3481 6774 8863 7102 7663 3267 5458 5232 8279 274 7743 3730 9485 3996 1119 2430 3195 2618 8678 330 6763 6996 4875 9325 9257 1671 5170 5130 3734 5592 7895 5199 2272 8001 5730 5591 2752 2503 6750 8879 5452 8101 506 3938 8165 7615 6176 1246 4205 878 3811 3053 7049 1029 5769 9863 188 7866 8695 5897 1686 4330 7847 7680 1098 6045 4614 8119 1352 5086 7045 8015 4137 7252 4765 6846 4701 7150 169 8367 336 6669 2323 1655 7417 9332 4228 9554 2741 4778 4896 4749 1398 3650 2290 2010 7449 4195 4056 4136 2524 9277 6133 6101 457 9418 3001 4731 9897 2253 7934 8888 3263 7572 5432 67 8460 2388 5348 6595 8269 2483 2694 1186 6699 7322 9687 1262 3744 5537 7471 4474 2586 924 1405 2747 2767 8718 1268 820 2045 2262 7619 2400 1558 1586 7943 9080 8296 8274 8599 5276 5159 5757 7572 6815 3053 1593 6505 6599 543 933 6669 2444 6070 5951 3075 5678 7766 4072 222 3875 1171 1482 3502 8878 470 2699 4073 4404 2882 2441 9639 2429 595 8013 1577 8863 4383 3583 2038 2864 805 6217 6186 8802 5038 9401 4910 829 40 8869 8657 1133 1595 9389 223 6811 2213 8114 8568 1190 3142 3086 1093 132 4548 220 3891 10 4664 7390 7318 6353 5347 4914 6477 5946 9089 3902 7779 3133 1622 5741 4193 8802 6055 1825 9480 2194 4306 7122 3552 8641 9160 4254 7639 3220 5225 210 3350 2709 8578 9826 3312 2995 2993 4232 4397 5119 5038 6426 7966 2164 7091 4608 5410 3381 8122 5542 8319 2608 6111 2490 9435 5829 4168 4291 3388 7271 6860 6899 8138 6194 8990 9068 2220 3083 3927 2331 8553 3172 7839 9728 4717 2024 9247 9027 4016 9601 2259 5865 3774 7298 1535 2009 3524 6304 7220 4742 6283 9966 5741 291 7637 5814 1723 9578 4723 5167 8614 1760 7649 7178 5796 644 1644 6939 9220 548 2954 2822 27 2413 3535 7485 3326 8748 4420 1956 8649 4598 4288 5013 2472 7296 3884 8181 2519 3763 7579 884 5585 8394 3913 9709 8720 2627 9510 238 3389 2649 351 7784 477 4817 7912 7566 8816 3051 8421 1933 3681 2814 4424 9866 4844 9624 1241 1127 3450 8992 5301 7314 1542 6148 2558 1220 9832 6442 1200 3712 9261 8200 2379 987 3928 4618 5466 2384 4849 1217 8003 9800 7813 2349 2637 9232 6528 1890 4104 9732 2438 5487 2315 1012 3148 3327 963 5811 9392 7640 3092 2021 2535 1422 6361 1614 8645 4044 6665 7908 7313 463 2489 7432 6673 77 5744 4438 5967 2977 4256 76 5586 6745 3828 6031 9813 3063 4138 2334 4282 2202 9734 5820 9133 5877 8239 7564 3729 4125 6787 2591 8755 6688 456 6983 8433 8002 2278 3532 9931 7659 3027 9537 3243 9797 345 7994 3637 9617 6007 3248 9102 3176 4817 1187
1187 4817 3176 9102 3248 6007 9617 3637 7994 345 9797 3243 9537 3027 7659 9931 3532 2278 8002 8433 6983 456 6688 8755 2591 6787 4125 3729 7564 8239 5877 9133 5820 9734 2202 4282 2334 4138 3063 9813 6031 3828 6745 5586 76 4256 2977 5967 4438 5744 77 6673 7432 2489 463 7313 7908 6665 4044 8645 1614 6361 1422 2535 2021 3092 7640 9392 5811 963 3327 3148 1012 2315 5487 2438 9732 4104 1890 6528 9232 2637 2349 7813 9800 8003 1217 4849 2384 5466 4618 3928 987 2379 8200 9261 3712 1200 6442 9832 1220 2558 6148 1542 7314 5301 8992 3450 1127 1241 9624 4844 9866 4424 2814 3681 1933 8421 3051 8816 7566 7912 4817 477 7784 351 2649 3389 238 9510 2627 8720 9709 3913 8394 5585 884 7579 3763 2519 8181 3884 7296 2472 5013 4288 4598 8649 1956 4420 8748 3326 7485 3535 2413 27 2822 2954 548 9220 6939 1644 644 5796 7178 7649 1760 8614 5167 4723 9578 1723 5814 7637 291 5741 9966 6283 4742 7220 6304 3524 2009 1535 7298 3774 5865 2259 9601 4016 9027 9247 2024 4717 9728 7839 3172 8553 2331 3927 3083 2220 9068 8990 6194 8138 6899 6860 7271 3388 4291 4168 5829 9435 2490 6111 2608 8319 5542 8122 3381 5410 4608 7091 2164 7966 6426 5038 5119 4397 4232 2993 2995 3312 9826 8578 2709 3350 210 5225 3220 7639 4254 9160 8641 3552 7122 4306 2194 9480 1825 6055 8802 4193 5741 1622 3133 7779 3902 9089 5946 6477 4914 5347 6353 7318 7390 4664 10 3891 220 4548 132 1093 3086 3142 1190 8568 8114 2213 6811 223 9389 1595 1133 8657 8869 40 829 4910 9401 5038 8802 6186 6217 805 2864 2038 3583 4383 8863 1577 8013 595 2429 9639 2441 2882 4404 4073 2699 470 8878 3502 1482 1171 3875 222 4072 7766 5678 3075 5951 6070 2444 6669 933 543 6599 6505 1593 3053 6815 7572 5757 5159 5276 8599 8274 8296 9080 7943 1586 1558 2400 7619 2262 2045 820 1268 8718 2767 2747 1405 924 2586 4474 7471 5537 3744 1262 9687 7322 6699 1186 2694 2483 8269 6595 5348 2388 8460 67 5432 7572 3263 8888 7934 2253 9897 4731 3001 9418 457 6101 6133 9277 2524 4136 4056 4195 7449 2010 2290 3650 1398 4749 4896 4778 2741 9554 4228 9332 7417 1655 2323 6669 336 8367 169 7150 4701 6846 4765 7252 4137 8015 7045 5086 1352 8119 4614 6045 1098 7680 7847 4330 1686 5897 8695 7866 188 9863 5769 1029 7049 3053 3811 878 4205 1246 6176 7615 8165 3938 506 8101 5452 8879 6750 2503 2752 5591 5730 8001 2272 5199 7895 5592 3734 5130 5170 1671 9257 9325 4875 6996 6763 330 8678 2618 3195 2430 1119 3996 9485 3730 7743 274 8279 5232 5458 3267 7663 7102 8863 6774 3481 3192 9649 470 2488 1039 1798 8691 1545 6321 7453 1283 2946 6783 3478 3794 948 1447 8381 2832 4838 7960 2878 4214 7367 6845 6707 6705 199 2932 8511 5249 2121 4231 4727 6639 2760 3699 4727 6063 7908 7726 2627 8532 9898 4310 5965 9830 7691 4675 376 4464 1158 4552 8386 8381 9938 3370 5028 1508 1959 5644 2419 4829 6111 9241 5753 320 8422 5532 2993 2016 8695 1239 1673 1715 7687 9540 8907 5628 5754 4351 2441 5435 5911 7299 9150 9018 2914 8737 4943 2975 2729 8749 6690 4627 6935 5402 7668 7847 5599 4974 9115 2484 5974 1576 8649 1755 2887 3739 8046 1536 5895 9612 2858 6449 1230 4474 8257 338 4538 540 7462 5773 5472 9384 2477 6375 3130 6720 4482 7076 2854 9088 7057 1638 7058 835 3365 1312 9119 5765 4431 5515 4801 2525 4580 4363 4918 8590 4939 2677 3077 7616 3173 4778 3157 2028 6792 3165 8682 6422 2696 5797 2122 3904 4519 5055 530 6900 6070 4363 7179 7592 8918 8195 5487 5843 6756 234 7451 7940 1440 5792 5305 5907 1765 8637 6896 6832 5255 5296 3728 7559 5285 3947 8943 6466 8669 6487 3875 4407 7495 3999 6085 4129 2197 6785 5909 3040 5754 1099 7618 395 7235 5307 871 1040 10000 2013 2424 5395 7287 8267 4568 5659 9732 3704 8051 4483 9999 8046 7502 9477 2246 45 6016 627 1092 6721 8678 9719 1975 691 8690 7974 7193 8502 9917 2546 89 2251 2829 8079 2778 1516 1298 8239 6482 2318 9281 1526 4438 5140 1054 7645 7986 2952 4426 856 2149 2881 1995 5347 5310 1859 7676 3134 6597 6234 1125 8304 5746 2939 4045 5044 192 1482 895 6718 7726 1856 4312 7519 7411 842 425 5736 879 3157 9949 9633 2009 2782 170 4776 3597 4266 2515 1068 3634 8109 3042 8531 7225 2060 3047 2799 8206 3578 6430 1098 1315 3110 1733 4698 5788 8274 2217 4314 9147 270 7001 5995 4604 7296 9182 5303 297 3521 866 4706 940 3069 3153 3456 5577 3984 8177 304 4315 3903 9294 9237 1201 1518 3124 1922 6716 4755 9897 3036 5186 9726 6991 1127 802 5009 9417 7764 4956 7029 1308 3986 7682 3760 2132 9290 80 8520 1412 4520 8082 9475 3212 1022 9924 8534 5127 9204 6549 9768 2939 8603 5260 3441 9501 4265 4050 5993 2333 1970 2826 6691 3318 5663 6111 5816 6181 1487 5214 2222 5668 5440 5123 3647 1275 7995 1319 9925 7565 7660 6693 4232 5311 2466 9948 1320 4687 6824 265 1653 5452 9456 6099 5524 560 5448 2003 3639 3113 1978 6197 2164 1805 7181 4505 4543 3978 7849 3533 7598 8726 361 4007 3428 9567 5026 7398 8912 1488 7452 7413 1060 6731 2054 1374 2603 2773 7081 764 7634 8452 4614 1330 7930 9369 867 7680 363 8563 40 6806 9139 2244 8184 9201 1880 8768 4759 9762 3663 4218 6554 8916 5740 6305 7318 2911 5966 6785 1606 5581 6058 7941 2627 3221 5182 6854 106 6721 9591 2334 6014 2948 6824 1879 5792 7419 3847 3173 8662 7834 1485 9043 5052 7553 4190 2150 1328 3912 9539 8443 7275 2434 7882 7509 1186 30 8793 3517 6254 2120 5388 8608 6827 9591 4567 4812 1189 5422 1494 7587 8962 1514 5252 2625 3534 1012 4175 6322 2739 5248 9395 4148 525 4671 4244 9091 4731 6829 1187 3144 7441 460 7729 852 3447 6894 1750 6086 7331 5574 8151 651 6038 251 629 7196 2940 3284 8601 1600 5911 8121 2381 6302 767 6396 3572 8453 9343 8666 4644 4543 1064 476 7013 1881 2505 9799 1401 2624 2173 8261 7082 4917 6279 2094 3467 5003 4753 7012 2094 7314 1218 7618 7863 8339 5285 5139 7104 3978 6897 361 9893 3622 7792 8708 711 2628 661 6000 4237 5577 3608 9421 6215 3236 2876 2009 568 8682 5099 9275 5499 3 4137 9125 7229 7375 5008 6127 1822 2503 2037 1015 3002 9936 1448 4876 2994 9689 8092 5447 7708 7729 9618 2613 677 8735 9125 1383 1255 1929 8355 4399 1770 7044 8794 6423 8513 6247 1751 8083 109 4870 5819 6400 1678 7404 4405 8511 4573 5449 4427 7007 2263 4958 8911 3274 8452 6432 7837 2596 3870 8234 3611 6642 4297 3216 5110 3951 4017 9123 4555 9864 1294 7772 7455 8579 5665 8517 5052 2723 7873 7979 5732 7697 893 8111 282 4980 2830 3091 4086 9195 8167 5834 3335 1485 3934 3188 3394 6215 3115 7684 104 9457 4532 7159 7831 9185 1012 8608 362 5814 6514 3454 7977 1624 1602 7894 5977 3753 8866 4619 5392 3546 4139 9406 34 1349 324 5560 8591 1987 6374 7121 8641 9076 8042 4387 4407 6887 3769 7405 6221 1990 7359 9607 3745 6828 4377 5158 1164 6768 9309 398 3597 5383 2708 11 2099 7632 8916 9213 7925 2739 7722 113 5587 6789 106 168 5551 3965 7884 9778 876 9557 3646 1220 7524 5539 8635 4180 7142 6671 9028 9793 9051 3805 8316 5445 6249 1878 7115 1938 1549 5607 154 6315 7985 8461 1136 9386 2493 6000 1610 5180 9567 590 3518 8653 5820 151 1500 8980 9593 9680 7573 2080 8743 913 274 2134 7034 2589 3469 6331 2540 3114 7274 5359 7085 2792 566 3451 6060 9708 8131 1209 8683 3281 8226 1421 2169 1935 2563 5556 1004 8535 442 3108 6950 5023 6568 9602 6605 3840 7598 2405 9797 1456 6475 9922 5576 3656 1107 7984 503 9231 1568 5783 9206 7809 8751 3212 2060 3569 6567 4288 5489 6322 7362 3379 3585 2073 7379 4173 8732 6907 3601 7507 871 9329 2211 6948 7552 9337 8532 4050 3121 6474 9465 5142 6539 8304 6798 635 4996 3876 7790 5896 7751 2966 1132 2565 7059 7816 4471 4631 2388 8140 2305 2148 7936 3650 7164 3362 7554 1572 5795 3408 3180 9163 7067 947 6305 3269 7691 3338 4731 4121 5707 9589 8179 9638 2775 163 843 6513 7422 2183 3619 6220 9116 4121 5225 7481 3205 4562 2086 146 6392 4843 8704 5432 8342 5800 1557 7306 2080 3202 2948 5436 5159 976 14 3529 2588 7439 8262 4442 3308 4887 9371 4440 3904 156 937 9436 5842 240 2257 3129 2393 352 9126 6362 4215 8223 3142 5532 8661 3851 5407 6352 5689 3291 3610 6049 3246 5974 4342 3248 4778 3573 5754 9605 6652 6444 3130 1618 6853 8585 6400 2121 490 781 1166 372 5793 9664 3640 4798 9602 5256 5561 7187 3313 5352 9850 4521 6528 9932 4812 2830 7819 3457 4756 2978 9443 8771 3668 8498 720 4568 7816 6382 610 924 853 1665 2918 4381 9352 8847 5272 4824 3456 8165 3606 189 5612 336 1417 5837 4185 719 2523 186 2679 6430 201 4947 7983 5106 5705 7501 1010 3149 3113 3535 5364 3526 9749 8497 8896 4391 5623 5541 719 7435 2598 7572 1935 8918 1765 6617 2814 1497 5686 8941 4175 515 4556 8423 288 6898 7281 3620 7714 284 4704 771 7911 6623 8483 3933 8970 4902 6297 9488 711 4557 489 9352 3898 1831 422 3460 5210 3962 9064 5470 6298 4547 6451 3993 2667 2920 2415 5964 6541 6032 8508 8462 3605 2366 9507 7265 7149 7841 9394 727 9294 1251 4621 4419 5363 538 1507 8248 4416 7742 915 5760 9986 2061 8071 8806 9032 8502 2620 234 8643 6754 3982 6112 7772 564 7517 7713 839 8857 2816 6323 7520 8179 8906 7373 3667 9417 7184 9618 2417 8021 5529 6960 2694 8329 3351 7305 4954 5461 5317 1405 9338 852 9968 4051 239 3394 3072 144 6806 3753 7196 1396 7345 3130 5632 731 3335 2858 3072 9163 8219 1468 2228 5866 7750 9135 6488 1910 5268 4861 2461 4805 6141 3394 7751 4574 7099 6855 838 2879 8098 5840 4974 8438 2692 7273 5225 9174 1360 9089 3751 8676 8149 3915 159 3189 4101 435 3076 7797 5305 5741 8420 2207 7280 5511 7613 148 6445 5503 7200 349 3239 7382 3589 2418 5094 3686 9865 4422 6028 2878 9312 2975 4496 4518 4116 4828 1020 6243 8834 1660 299 9094 570 4682 124 9473 1852 1833 361 1892 1130 8858 7418 9815 9078 931 154 9298 6237 7387 498 2449 9979 3779 1447 5738 2110 7880 3465 4198 3778 6671 7256 7605 470 7314 2468 8312 6937 4232 8084 4084 2346 7603 6717 9560 4864 4990 1531 9251 5553 1523 9190 7551 819 8839 1200 2424 5328 432 8107 6491 9335 512 9233 9717 2545 8583 2926 6535 5193 870 5335 8515 5160 3620 3736 7261 4831 9790 1774 1737 3065 1194 2166 1063 7004 3172 8101 1013 9594 869 5154 7349 1084 9474 6265 4864 3204 4348 482 6143 9764 3020 9402 9359 8125 7695 6745 5656 3203 4924 2020 4481 8123 2796 130 8390 6005 8489 3842 9704 7591 7216 9940 9033 9584 6705 3368 314 1924 7227 6657 4508 6163 4899 6629 5351 4316 6675 5190 930 3591 4545 2364 7792 7795 3566 1313 3156 118 4111 9704 6795 8751 1916 8550 6881 6091 8754 3172 9905 3295 8014 6302 4787 1438 227 9447 1806 912 1217 8476 2031 393 1249 7149 6763 1899 5073 932 3387 6703 3210 2639 3005 7657 5802 8461 157 6343 8131 9447 7692 9112 9405 6086 1694 8628 2452 3953 4304 9349 9432 4944 3150 9845 6777 2427 4346 1018 7980 8788 3070 2381 5226 9527 7812 3131 3002 6130 3597 2624 9614 4683 4863 1773 9921 482 3221 9837 4191 4591 3531 1082 7628 1121 7131 871 5407 7941 4334 8956 6954 4849 3882 283 7975
