1148
1628
6685
1843
17
NOT_FOUND
1152
6105
NOT_FOUND
349
3198
1153
1975
2595
NOT_FOUND
NOT_FOUND
1151
9536
5424
1150
7538
1152
2528
5412
2084
8940
8014
1148
2967
2381
586
1147
4096
NOT_FOUND
NOT_FOUND
1150
8995
NOT_FOUND
NOT_FOUND
6355
4695
9079
669
937
7543
1149
8268
3400
871
4583
667
NOT_FOUND
1147
7967
1145
3906
1145
1845
2870
1146
NOT_FOUND
340
1147
8029
NOT_FOUND
6513
6524
1769
1145
NOT_FOUND
4270
477
NOT_FOUND
1144
1145
3950
NOT_FOUND
9220
220
9912
NOT_FOUND
1143
NOT_FOUND
1145
8849
2324
9862
NOT_FOUND
1143
1143
6610
1782
1141
622
4053
NOT_FOUND
5981
1141
1142
8684
1373
7372
6750
NOT_FOUND
NOT_FOUND
NOT_FOUND
1568
9750
1144
4264
198
4966
8338
1143
2713
NOT_FOUND
NOT_FOUND
6583
8952
5858
979
1140
7610
NOT_FOUND
6513
9228
1137
4095
NOT_FOUND
1136
1136
NOT_FOUND
7447
1135
1939
2103
NOT_FOUND
1433
NOT_FOUND
1132
8833
1133
2244
897
1137
1137
250
4172
9707
4073
NOT_FOUND
7575
1135
NOT_FOUND
762
4818
1954
6942
1134
1134
5045
1135
7640
8067
2433
1132
NOT_FOUND
1133
NOT_FOUND
4856
451
1133
6215
7279
1134
868
1136
NOT_FOUND
8115
NOT_FOUND
7870
4076
806
NOT_FOUND
2993
1796
1136
131
1136
5299
NOT_FOUND
NOT_FOUND
5945
8628
1136
1136
6253
8194
1135
1135
9953
NOT_FOUND
1135
8541
6779
4974
NOT_FOUND
NOT_FOUND
7859
NOT_FOUND
NOT_FOUND
7445
1133
1135
1136
3179
NOT_FOUND
1137
5479
262
NOT_FOUND
NOT_FOUND
5911
1135
6400
9482
NOT_FOUND
1135
3607
965
785
NOT_FOUND
NOT_FOUND
NOT_FOUND
8905
NOT_FOUND
1141
1141
1141
804
NOT_FOUND
1144
1144
NOT_FOUND
635
5317
1208
NOT_FOUND
409
1145
1147
7646
NOT_FOUND
1150
1152
5139
1981
NOT_FOUND
2416
NOT_FOUND
3833
7364
NOT_FOUND
9697
362
NOT_FOUND
593
5295
1190
3235
1153
1154
2266
8614
1449
NOT_FOUND
1155
1156
1157
8639
NOT_FOUND
5443
3730
NOT_FOUND
5443
NOT_FOUND
1159
3276
1159
1521
1626
4459
NOT_FOUND
6104
1156
1157
1157
1157
7426
2528
6885
1154
1156
1156
NOT_FOUND
6004
1155
1156
7401
NOT_FOUND
1159
NOT_FOUND
1161
4502
NOT_FOUND
5253
3555
NOT_FOUND
5628
1159
1159
8024
9026
1157
1157
7386
5644
NOT_FOUND
4236
4350
NOT_FOUND
1156
6074
1156
1156
1456
359
1157
NOT_FOUND
NOT_FOUND
NOT_FOUND
4394
1157
8910
7973
1157
NOT_FOUND
2995
NOT_FOUND
NOT_FOUND
9166
2223
1158
1154
NOT_FOUND
1160
NOT_FOUND
8974
5731
1160
634
NOT_FOUND
2279
NOT_FOUND
1050
4157
3043
913
1160
5339
1164
1164
1165
2804
5753
826
1163
3207
5253
8464
8723
7721
1162
1163
1163
8943
1164
NOT_FOUND
1167
1167
9639
2753
2875
1167
1167
NOT_FOUND
1168
1168
1168
4377
6377
8319
4368
1164
5265
1163
9546
1165
1165
9748
1164
NOT_FOUND
6856
1163
NOT_FOUND
4362
1163
5746
1164
NOT_FOUND
NOT_FOUND
4802
4900
5253
1161
NOT_FOUND
4842
8692
8558
9773
NOT_FOUND
6073
5802
9264
1158
1160
3263
1161
656
1163
NOT_FOUND
1165
NOT_FOUND
531
NOT_FOUND
1168
8409
NOT_FOUND
7779
5953
971
1165
NOT_FOUND
8613
1168
1168
NOT_FOUND
8839
7972
NOT_FOUND
748
4540
1166
3157
NOT_FOUND
8340
7690
NOT_FOUND
990
NOT_FOUND
NOT_FOUND
NOT_FOUND
1973
NOT_FOUND
7478
849
9707
1166
5273
1847
9321
NOT_FOUND
2762
NOT_FOUND
9624
5362
NOT_FOUND
1162
NOT_FOUND
1163
9671
NOT_FOUND
8652
1161
5855
3935
1162
4624
1164
6455
6143
13
NOT_FOUND
NOT_FOUND
1165
4794
4890
1165
7242
3418
1164
1165
1165
7568
9111
8620
1162
NOT_FOUND
3758
1162
NOT_FOUND
2204
1163
5850
1488
5603
5039
6617
4272
1160
1162
1162
NOT_FOUND
117
NOT_FOUND
5319
5316
NOT_FOUND
1164
1165
NOT_FOUND
6430
1166
8481
4744
225
NOT_FOUND
9602
1163
559
6760
6290
255
NOT_FOUND
2941
1321
7904
516
6287
2438
1163
1163
1163
8477
1163
1163
1188
4753
3518
9858
NOT_FOUND
8167
7264
NOT_FOUND
1165
NOT_FOUND
NOT_FOUND
4362
7418
1164
1164
1164
8508
NOT_FOUND
1164
1828
NOT_FOUND
1165
1165
5929
NOT_FOUND
4245
1165
3735
920
3384
6276
4218
1162
1162
NOT_FOUND
6693
2975
9991
543
2655
7039
3834
5671
1403
507
NOT_FOUND
1159
1160
7514
NOT_FOUND
316
1159
NOT_FOUND
2798
NOT_FOUND
1161
931
1161
1162
9510
1891
265
1161
5996
1163
5615
NOT_FOUND
6408
199
6695
1160
1517
NOT_FOUND
7264
8190
9763
1161
2262
1160
7862
1160
4002
4104
NOT_FOUND
1159
1160
4273
1161
NOT_FOUND
1161
1162
8299
NOT_FOUND
33
1372
1165
1165
2155
1165
3531
7376
NOT_FOUND
NOT_FOUND
NOT_FOUND
NOT_FOUND
4365
2527
NOT_FOUND
7798
NOT_FOUND
1176
NOT_FOUND
395
1176
7087
696
1150
868
NOT_FOUND
1404
4952
7340
1475
7186
1177
1180
8144
1179
NOT_FOUND
5738
NOT_FOUND
2445
NOT_FOUND
7670
1791
2775
1046
2903
1179
NOT_FOUND
5176
1181
4984
NOT_FOUND
NOT_FOUND
3373
1184
1185
5741
6269
1185
7364
6564
NOT_FOUND
1185
2167
NOT_FOUND
NOT_FOUND
9893
502
6320
5517
1183
1183
899
5878
3969
NOT_FOUND
900
1183
NOT_FOUND
952
NOT_FOUND
9295
8333
NOT_FOUND
1181
NOT_FOUND
4867
4128
1183
2585 3199 9824 5097 8308 8649 6839 4090 5447 2213 9214 9712 7147 2479 3798 3812 6537 9743 93 9474 2532 2672 6292 4457 7417 342 5716 6556 8288 9506 6900 1910 4708 6900 8784 6176 1056 3172 2543 631 1294 9819 7701 7594 4545 2346 1513 8954 2713 9085 5865 1530 547 4565 5980 5235 6448 8511 1358 292 5308 263 3531 1786 9780 8619 9806 6504 8133 7814 534 4425 1762 8753 7513 7539 9941 6983 9119 4292 8818 8307 1754 6411 4432 4128 3351 1793 2445 4480 4129 5420 2484 6204 4635 606 7484 258 5926 1578 9469 7078 1654 3492 7272 2701 3024 7419 1142 6059 2620 7216 7485 1638 3010 4128 2286 7736 7295 4483 4396 5792 6444 7669 451 7843 4021 6436 4211 7425 3169 7268 3524 8479 4222 8330 9152 5954 8118 9898 873 1174 8349 9626 5201 7461 9937 9025 9978 9498 8577 4120 8652 3380 4827 9051 4395 8090 2450 7978 5598 350 1303 199 717 5701 7404 7508 2422 9054 8218 406 7371 2142 7853 2043 5701 181 6345 1902 4091 3150 3849 4881 6406 6176 5248 1348 6247 2745 6509 8578 178 8214 9297 6966 2150 1590 4378 6724 2375 104 1338 9948 3681 26 7938 1959 2214 5029 8177 5987 2499 5889 8102 433 867 7308 2722 2769 2803 6514 7662 3898 3168 915 7458 5779 4663 1793 1561 4818 430 8565 6252 6027 2132 4293 8444 4111 3555 9303 6980 4940 8536 7120 8146 6355 5780 2987 2850 6047 2368 6074 3607 1105 8816 6545 6636 9807 892 9471 5070 3985 7342 2886 1296 3419 6174 5771 6134 1353 5255 864 3680 7235 6414 8435 7031 5785 726 8421 9562 2624 3548 1240 4839 3415 6662 1953 6660 3202 6735 5928 9809 9652 5820 5548 9947 2281 2686 2885 4824 6898 6871 4456 9740 3924 3422 8334 620 6362 2912 6198 7356 8569 2556 4601 7685 9880 2604 3200 1299 8530 3073 7955 1604 3375 284 8077 4080 5869 2891 2423 5844 8657 738 9617 4271 387 6938 1618 2240 9139 8685 2951 3342 9553 5763 6529 3095 8670 4740 6354 3704 7339 4946 958 2217 5134 6757 965 8314 160 2222 687 4420 7556 7475 8358 4658 298 6609 361 640 6295 1889 9075 891 6053 9184 9849 5389 6731 109 8536 7555 2095 8507 334 8001 1703 8080 6210 3059 2975 3701 7248 5675 184 8149 4107 5368 3087 7827 405 7163 9247 3504 8675 8008 260 5224 3444 9982 2221 9056 1236 1991 5337 5324 5750 6900 9056 2219 5187 4656 5133 1539 8000 818 2863 4017 6547 8244 392 4779 1403 9730 3955 4201 2167 4565 1810 2283 6061 8536 4058 5607 1116 7841 8525 5400 8744 8449 7128 8335 2735 787 3174 5838 1887 5537 6220 5437 7490 5690 9300 2662 5073 1256 804 4443 835 2381 8001 7791 7027 5501 6518 6752 772 8243 881 6719 5616 2729 9196 5103 4877 3753 8887 8121 4139 6042 5229 9234 2771 3354 5612 7639 3137 8541 9260 6719 8213 2576 7171 515 1955 7484 8379 2926 8576 2060 4452 6873 5992 2455 1173 9919 1932 9195 3655 2516 8510 339 3578 752 2538 691 5054 3902 6873 1848 6891 6068 2473 9652 6713 6480 6418 6500 296 2486 7828 1057 862 6371 4727 4904 1803 1180 9910 8325 6718 4900 3026 5324 2958 586 766 1287 6032 3194 7068 1356 4850 7036 774 7139 7770 2989 1097 1438 4207 4960 2450 506 3251 3497 2015 4734 276 5313 7515 6975 6847 6408 9883 3115 9486 7033 8078 5873 2366 5660 5441 5384 3755 5937 2056 7439 4575 3712 8724 9866 449 8232 7230 2618 2281 4160 8796 3117 9874 2215 4547 892 6488 4608 786 719 8378 6448 6568 6308 8302 1705 5365 4919 1130 4813 8114 3543 8796 4689 3363 8947 1214 5743 7348 7716 982 9915 2577 8817 9556 3167 3900 5096 4793 2269 4082 6360 5365 4511 1848 3137 6573 7867 2974 3991 4727 4327 329 2123 187 1983 2706 7223 626 8988 7831 4442 461 7898 6228 5662 268 5304 1586 6247 433 9402 8443 3674 810 7570 5749 121 7845 5850 6488 5778 5788 9941 7695 1485 6227 6002 1119 3680 1536 8904 7932 8112 7641 2050 5483 3780 3493 6891 5830 79 1430 3705 9588 5314 9754 7504 7093 1703 2838 1737 5977 660 1156 3633 2785 2793 6872 4885 1770 8311 3721 6996 2640 5369 7664 5709 28 2558 9113 7415 3277 3914 7624 2187 9707 5941 1130 3639 895 3406 6398 5939 6132 877 7697 4417 8010 5130 9542 777 3848 6614 4905 6209 870 9513 5723 9532 1342 8258 4130 2246 6811 4439 3387 9712 4116 2701 4731 2966 6472 8742 782 1791 5323 8492 5209 1018 309 3360 8639 2318 4989 4892 9198 3836 5992 484 4131 5370 4044 7805 2768 5636 7363 9160 2954 9167 9068 6033 8939 4867 8585 2377 549 2764 6485 1620 5480 7079 7267 5236 6898 5671 2009 9017 8098 9040 5677 4150 4835 6147 9813 1053 8479 9450 7220 4973 4083 8656 8943 9312 7487 8604 2796 3472 4471 3862 450 8142 1099 4648 1698 4133 7043 2261 3268 4713 2314 1540 6111 323 5110 7744 4934 7869 9252 6644 2496 4364 9822 5465 7761 9175 7212 9683 310 2020 4105 7033 7279 6192 8331 1595 7553 351 5754 6000 615 9059 9579 2395 9390 3593 7133 775 9104 2824 5163 7982 4346 7214 6594 5683 3534 2907 8379 4973 6773 6986 1067 6328 2164 5919 8119 485 9347 382 4114 2017 5329 4002 55 1013 3501 4531 4305 9120 9601 2639 135 1696 2877 3709 9264 2502 6444 4674 6627 4832 9673 6724 5482 2141 2039 7955 5259 2102 989 1773 7761 7282 733 7618 8800 864 8359 7313 1243 9585 3366 460 1285 3003 6964 2224 4812 87 255 5328 2987 6748 3115 3112 7575 6536 9771 1495 7922 2582 928 8279 6937 7488 9766 1177 3169 958 7478 7588 280 8962 8290 3432 1947 3953 9766 5197 1108 4107 9605 4547 5633 3226 3771 5600 7820 576 9713 1234 7155 5455 723 8390 3733 5955 8585 6726 9336 5552 1863 9205 5263 1624 3487 3828 7230 1650 5536 9715 5209 6959 2417 3723 8560 5434 8296 1037 1270 5239 1675 8845 5006 7632 2114 7391 3104 179 8845 1362 6477 8829 8432 4833 6697 5582 820 4721 3519 1753 7597 3329 7509 7983 7595 2995 8845 7294 678 6994 2374 4396 6307 4895 9757 8585 5997 9947 1711 8205 9908 8350 7783 3591 1412 7752 6449 8947 3984 9704 7690 1411 1078 855 4219 3661 2618 5135 5512 9680 8731 6770 5449 5306 3439 8960 8132 5329 2739 154 2795 7681 7637 1303 2091 6609 8802 3581 8653 8064 1375 7703 5391 5535 5573 9365 1964 4702 7678 5584 1417 3001 4844 7009 5562 5429 2823 4244 947 5045 1489 8111 9140 2315 6601 5659 9106 9584 8629 6933 7616 4448 2235 83 8550 1565 6645 1443 1304 8643 9601 1143 6835 1308 3430 1098 9887 8251 6215 605 7388 8440 3994 229 8971 7973 5428 4249
2585 3199 9824 5097 8308 8649 6839 4090 5447 2213 9214 9712 7147 2479 3798 3812 6537 9743 93 9474 2532 2672 6292 4457 7417 342 5716 6556 8288 9506 6900 1910 4708 6900 8784 6176 1056 3172 2543 631 1294 9819 7701 7594 4545 2346 1513 8954 2713 9085 5865 1530 547 4565 5980 5235 6448 8511 1358 292 5308 263 3531 1786 9780 8619 9806 6504 8133 7814 534 4425 1762 8753 7513 7539 9941 6983 9119 4292 8818 8307 1754 6411 4432 4128 3351 1793 2445 4480 4129 5420 2484 6204 4635 606 7484 258 5926 1578 9469 7078 1654 3492 7272 2701 3024 7419 1142 6059 2620 7216 7485 1638 3010 4128 2286 7736 7295 4483 4396 5792 6444 7669 451 7843 4021 6436 4211 7425 3169 7268 3524 8479 4222 8330 9152 5954 8118 9898 873 1174 8349 9626 5201 7461 9937 9025 9978 9498 8577 4120 8652 3380 4827 9051 4395 8090 2450 7978 5598 350 1303 199 717 5701 7404 7508 2422 9054 8218 406 7371 2142 7853 2043 5701 181 6345 1902 4091 3150 3849 4881 6406 6176 5248 1348 6247 2745 6509 8578 178 8214 9297 6966 2150 1590 4378 6724 2375 104 1338 9948 3681 26 7938 1959 2214 5029 8177 5987 2499 5889 8102 433 867 7308 2722 2769 2803 6514 7662 3898 3168 915 7458 5779 4663 1793 1561 4818 430 8565 6252 6027 2132 4293 8444 4111 3555 9303 6980 4940 8536 7120 8146 6355 5780 2987 2850 6047 2368 6074 3607 1105 8816 6545 6636 9807 892 9471 5070 3985 7342 2886 1296 3419 6174 5771 6134 1353 5255 864 3680 7235 6414 8435 7031 5785 726 8421 9562 2624 3548 1240 4839 3415 6662 1953 6660 3202 6735 5928 9809 9652 5820 5548 9947 2281 2686 2885 4824 6898 6871 4456 9740 3924 3422 8334 620 6362 2912 6198 7356 8569 2556 4601 7685 9880 2604 3200 1299 8530 3073 7955 1604 3375 284 8077 4080 5869 2891 2423 5844 8657 738 9617 4271 387 6938 1618 2240 9139 8685 2951 3342 9553 5763 6529 3095 8670 4740 6354 3704 7339 4946 958 2217 5134 6757 965 8314 160 2222 687 4420 7556 7475 8358 4658 298 6609 361 640 6295 1889 9075 891 6053 9184 9849 5389 6731 109 8536 7555 2095 8507 334 8001 1703 8080 6210 3059 2975 3701 7248 5675 184 8149 4107 5368 3087 7827 405 7163 9247 3504 8675 8008 260 5224 3444 9982 2221 9056 1236 1991 5337 5324 5750 6900 9056 2219 5187 4656 5133 1539 8000 818 2863 4017 6547 8244 392 4779 1403 9730 3955 4201 2167 4565 1810 2283 6061 8536 4058 5607 1116 7841 8525 5400 8744 8449 7128 8335 2735 787 3174 5838 1887 5537 6220 5437 7490 5690 9300 2662 5073 1256 804 4443 835 2381 8001 7791 7027 5501 6518 6752 772 8243 881 6719 5616 2729 9196 5103 4877 3753 8887 8121 4139 6042 5229 9234 2771 3354 5612 7639 3137 8541 9260 6719 8213 2576 7171 515 1955 7484 8379 2926 8576 2060 4452 6873 5992 2455 1173 9919 1932 9195 3655 2516 8510 339 3578 752 2538 691 5054 3902 6873 1848 6891 6068 2473 9652 6713 6480 6418 6500 296 2486 7828 1057 862 6371 4727 4904 1803 1180 9910 8325 6718 4900 3026 5324 2958 586 766 1287 6032 3194 7068 1356 4850 7036 774 7139 7770 2989 1097 1438 4207 4960 2450 506 3251 3497 2015 4734 276 5313 7515 6975 6847 6408 9883 3115 9486 7033 8078 5873 2366 5660 5441 5384 3755 5937 2056 7439 4575 3712 8724 9866 449 8232 7230 2618 2281 4160 8796 3117 9874 2215 4547 892 6488 4608 786 719 8378 6448 6568 6308 8302 1705 5365 4919 1130 4813 8114 3543 8796 4689 3363 8947 1214 5743 7348 7716 982 9915 2577 8817 9556 3167 3900 5096 4793 2269 4082 6360 5365 4511 1848 3137 6573 7867 2974 3991 4727 4327 329 2123 187 1983 2706 7223 626 8988 7831 4442 461 7898 6228 5662 268 5304 1586 6247 433 9402 8443 3674 810 7570 5749 121 7845 5850 6488 5778 5788 9941 7695 1485 6227 6002 1119 3680 1536 8904 7932 8112 7641 2050 5483 3780 3493 6891 5830 79 1430 3705 9588 5314 9754 7504 7093 1703 2838 1737 5977 660 1156 3633 2785 2793 6872 4885 1770 8311 3721 6996 2640 5369 7664 5709 28 2558 9113 7415 3277 3914 7624 2187 9707 5941 1130 3639 895 3406 6398 5939 6132 877 7697 4417 8010 5130 9542 777 3848 6614 4905 6209 870 9513 5723 9532 1342 8258 4130 2246 6811 4439 3387 9712 4116 2701 4731 2966 6472 8742 782 1791 5323 8492 5209 1018 309 3360 8639 2318 4989 4892 9198 3836 5992 484 4131 5370 4044 7805 2768 5636 7363 9160 2954 9167 9068 6033 8939 4867 8585 2377 549 2764 6485 1620 5480 7079 7267 5236 6898 5671 2009 9017 8098 9040 5677 4150 4835 6147 9813 1053 8479 9450 7220 4973 4083 8656 8943 9312 7487 8604 2796 3472 4471 3862 450 8142 1099 4648 1698 4133 7043 2261 3268 4713 2314 1540 6111 323 5110 7744 4934 7869 9252 6644 2496 4364 9822 5465 7761 9175 7212 9683 310 2020 4105 7033 7279 6192 8331 1595 7553 351 5754 6000 615 9059 9579 2395 9390 3593 7133 775 9104 2824 5163 7982 4346 7214 6594 5683 3534 2907 8379 4973 6773 6986 1067 6328 2164 5919 8119 485 9347 382 4114 2017 5329 4002 55 1013 3501 4531 4305 9120 9601 2639 135 1696 2877 3709 9264 2502 6444 4674 6627 4832 9673 6724 5482 2141 2039 7955 5259 2102 989 1773 7761 7282 733 7618 8800 864 8359 7313 1243 9585 3366 460 1285 3003 6964 2224 4812 87 255 5328 2987 6748 3115 3112 7575 6536 9771 1495 7922 2582 928 8279 6937 7488 9766 1177 3169 958 7478 7588 280 8962 8290 3432 1947 3953 9766 5197 1108 4107 9605 4547 5633 3226 3771 5600 7820 576 9713 1234 7155 5455 723 8390 3733 5955 8585 6726 9336 5552 1863 9205 5263 1624 3487 3828 7230 1650 5536 9715 5209 6959 2417 3723 8560 5434 8296 1037 1270 5239 1675 8845 5006 7632 2114 7391 3104 179 8845 1362 6477 8829 8432 4833 6697 5582 820 4721 3519 1753 7597 3329 7509 7983 7595 2995 8845 7294 678 6994 2374 4396 6307 4895 9757 8585 5997 9947 1711 8205 9908 8350 7783 3591 1412 7752 6449 8947 3984 9704 7690 1411 1078 855 4219 3661 2618 5135 5512 9680 8731 6770 5449 5306 3439 8960 8132 5329 2739 154 2795 7681 7637 1303 2091 6609 8802 3581 8653 8064 1375 7703 5391 5535 5573 9365 1964 4702 7678 5584 1417 3001 4844 7009 5562 5429 2823 4244 947 5045 1489 8111 9140 2315 6601 5659 9106 9584 8629 6933 7616 4448 2235 83 8550 1565 6645 1443 1304 8643 9601 1143 6835 1308 3430 1098 9887 8251 6215 605 7388 8440 3994 229 8971 7973 5428 4249
2585 3199 9824 5097 8308 8649 6839 4090 5447 2213 9214 9712 7147 2479 3798 3812 6537 9743 93 9474 2532 2672 6292 4457 7417 342 5716 6556 8288 9506 6900 1910 4708 6900 8784 6176 1056 3172 2543 631 1294 9819 7701 7594 4545 2346 1513 8954 2713 9085 5865 1530 547 4565 5980 5235 6448 8511 1358 292 5308 263 3531 1786 9780 8619 9806 6504 8133 7814 534 4425 1762 8753 7513 7539 9941 6983 9119 4292 8818 8307 1754 6411 4432 4128 3351 1793 2445 4480 4129 5420 2484 6204 4635 606 7484 258 5926 1578 9469 7078 1654 3492 7272 2701 3024 7419 1142 6059 2620 7216 7485 1638 3010 4128 2286 7736 7295 4483 4396 5792 6444 7669 451 7843 4021 6436 4211 7425 3169 7268 3524 8479 4222 8330 9152 5954 8118 9898 873 1174 8349 9626 5201 7461 9937 9025 9978 9498 8577 4120 8652 3380 4827 9051 4395 8090 2450 7978 5598 350 1303 199 717 5701 7404 7508 2422 9054 8218 406 7371 2142 7853 2043 5701 181 6345 1902 4091 3150 3849 4881 6406 6176 5248 1348 6247 2745 6509 8578 178 8214 9297 6966 2150 1590 4378 6724 2375 104 1338 9948 3681 26 7938 1959 2214 5029 8177 5987 2499 5889 8102 433 867 7308 2722 2769 2803 6514 7662 3898 3168 915 7458 5779 4663 1793 1561 4818 430 8565 6252 6027 2132 4293 8444 4111 3555 9303 6980 4940 8536 7120 8146 6355 5780 2987 2850 6047 2368 6074 3607 1105 8816 6545 6636 9807 892 9471 5070 3985 7342 2886 1296 3419 6174 5771 6134 1353 5255 864 3680 7235 6414 8435 7031 5785 726 8421 9562 2624 3548 1240 4839 3415 6662 1953 6660 3202 6735 5928 9809 9652 5820 5548 9947 2281 2686 2885 4824 6898 6871 4456 9740 3924 3422 8334 620 6362 2912 6198 7356 8569 2556 4601 7685 9880 2604 3200 1299 8530 3073 7955 1604 3375 284 8077 4080 5869 2891 2423 5844 8657 738 9617 4271 387 6938 1618 2240 9139 8685 2951 3342 9553 5763 6529 3095 8670 4740 6354 3704 7339 4946 958 2217 5134 6757 965 8314 160 2222 687 4420 7556 7475 8358 4658 298 6609 361 640 6295 1889 9075 891 6053 9184 9849 5389 6731 109 8536 7555 2095 8507 334 8001 1703 8080 6210 3059 2975 3701 7248 5675 184 8149 4107 5368 3087 7827 405 7163 9247 3504 8675 8008 260 5224 3444 9982 2221 9056 1236 1991 5337 5324 5750 6900 9056 2219 5187 4656 5133 1539 8000 818 2863 4017 6547 8244 392 4779 1403 9730 3955 4201 2167 4565 1810 2283 6061 8536 4058 5607 1116 7841 8525 5400 8744 8449 7128 8335 2735 787 3174 5838 1887 5537 6220 5437 7490 5690 9300 2662 5073 1256 804 4443 835 2381 8001 7791 7027 5501 6518 6752 772 8243 881 6719 5616 2729 9196 5103 4877 3753 8887 8121 4139 6042 5229 9234 2771 3354 5612 7639 3137 8541 9260 6719 8213 2576 7171 515 1955 7484 8379 2926 8576 2060 4452 6873 5992 2455 1173 9919 1932 9195 3655 2516 8510 339 3578 752 2538 691 5054 3902 6873 1848 6891 6068 2473 9652 6713 6480 6418 6500 296 2486 7828 1057 862 6371 4727 4904 1803 1180 9910 8325 6718 4900 3026 5324 2958 586 766 1287 6032 3194 7068 1356 4850 7036 774 7139 7770 2989 1097 1438 4207 4960 2450 506 3251 3497 2015 4734 276 5313 7515 6975 6847 6408 9883 3115 9486 7033 8078 5873 2366 5660 5441 5384 3755 5937 2056 7439 4575 3712 8724 9866 449 8232 7230 2618 2281 4160 8796 3117 9874 2215 4547 892 6488 4608 786 719 8378 6448 6568 6308 8302 1705 5365 4919 1130 4813 8114 3543 8796 4689 3363 8947 1214 5743 7348 7716 982 9915 2577 8817 9556 3167 3900 5096 4793 2269 4082 6360 5365 4511 1848 3137 6573 7867 2974 3991 4727 4327 329 2123 187 1983 2706 7223 626 8988 7831 4442 461 7898 6228 5662 268 5304 1586 6247 433 9402 8443 3674 810 7570 5749 121 7845 5850 6488 5778 5788 9941 7695 1485 6227 6002 1119 3680 1536 8904 7932 8112 7641 2050 5483 3780 3493 6891 5830 79 1430 3705 9588 5314 9754 7504 7093 1703 2838 1737 5977 660 1156 3633 2785 2793 6872 4885 1770 8311 3721 6996 2640 5369 7664 5709 28 2558 9113 7415 3277 3914 7624 2187 9707 5941 1130 3639 895 3406 6398 5939 6132 877 7697 4417 8010 5130 9542 777 3848 6614 4905 6209 870 9513 5723 9532 1342 8258 4130 2246 6811 4439 3387 9712 4116 2701 4731 2966 6472 8742 782 1791 5323 8492 5209 1018 309 3360 8639 2318 4989 4892 9198 3836 5992 484 4131 5370 4044 7805 2768 5636 7363 9160 2954 9167 9068 6033 8939 4867 8585 2377 549 2764 6485 1620 5480 7079 7267 5236 6898 5671 2009 9017 8098 9040 5677 4150 4835 6147 9813 1053 8479 9450 7220 4973 4083 8656 8943 9312 7487 8604 2796 3472 4471 3862 450 8142 1099 4648 1698 4133 7043 2261 3268 4713 2314 1540 6111 323 5110 7744 4934 7869 9252 6644 2496 4364 9822 5465 7761 9175 7212 9683 310 2020 4105 7033 7279 6192 8331 1595 7553 351 5754 6000 615 9059 9579 2395 9390 3593 7133 775 9104 2824 5163 7982 4346 7214 6594 5683 3534 2907 8379 4973 6773 6986 1067 6328 2164 5919 8119 485 9347 382 4114 2017 5329 4002 55 1013 3501 4531 4305 9120 9601 2639 135 1696 2877 3709 9264 2502 6444 4674 6627 4832 9673 6724 5482 2141 2039 7955 5259 2102 989 1773 7761 7282 733 7618 8800 864 8359 7313 1243 9585 3366 460 1285 3003 6964 2224 4812 87 255 5328 2987 6748 3115 3112 7575 6536 9771 1495 7922 2582 928 8279 6937 7488 9766 1177 3169 958 7478 7588 280 8962 8290 3432 1947 3953 9766 5197 1108 4107 9605 4547 5633 3226 3771 5600 7820 576 9713 1234 7155 5455 723 8390 3733 5955 8585 6726 9336 5552 1863 9205 5263 1624 3487 3828 7230 1650 5536 9715 5209 6959 2417 3723 8560 5434 8296 1037 1270 5239 1675 8845 5006 7632 2114 7391 3104 179 8845 1362 6477 8829 8432 4833 6697 5582 820 4721 3519 1753 7597 3329 7509 7983 7595 2995 8845 7294 678 6994 2374 4396 6307 4895 9757 8585 5997 9947 1711 8205 9908 8350 7783 3591 1412 7752 6449 8947 3984 9704 7690 1411 1078 855 4219 3661 2618 5135 5512 9680 8731 6770 5449 5306 3439 8960 8132 5329 2739 154 2795 7681 7637 1303 2091 6609 8802 3581 8653 8064 1375 7703 5391 5535 5573 9365 1964 4702 7678 5584 1417 3001 4844 7009 5562 5429 2823 4244 947 5045 1489 8111 9140 2315 6601 5659 9106 9584 8629 6933 7616 4448 2235 83 8550 1565 6645 1443 1304 8643 9601 1143 6835 1308 3430 1098 9887 8251 6215 605 7388 8440 3994 229 8971 7973 5428 4249
2585 3199 9824 5097 8308 8649 6839 4090 5447 2213 9214 9712 7147 2479 3798 3812 6537 9743 93 9474 2532 2672 6292 4457 7417 342 5716 6556 8288 9506 6900 1910 4708 6900 8784 6176 1056 3172 2543 631 1294 9819 7701 7594 4545 2346 1513 8954 2713 9085 5865 1530 547 4565 5980 5235 6448 8511 1358 292 5308 263 3531 1786 9780 8619 9806 6504 8133 7814 534 4425 1762 8753 7513 7539 9941 6983 9119 4292 8818 8307 1754 6411 4432 4128 3351 1793 2445 4480 4129 5420 2484 6204 4635 606 7484 258 5926 1578 9469 7078 1654 3492 7272 2701 3024 7419 1142 6059 2620 7216 7485 1638 3010 4128 2286 7736 7295 4483 4396 5792 6444 7669 451 7843 4021 6436 4211 7425 3169 7268 3524 8479 4222 8330 9152 5954 8118 9898 873 1174 8349 9626 5201 7461 9937 9025 9978 9498 8577 4120 8652 3380 4827 9051 4395 8090 2450 7978 5598 350 1303 199 717 5701 7404 7508 2422 9054 8218 406 7371 2142 7853 2043 5701 181 6345 1902 4091 3150 3849 4881 6406 6176 5248 1348 6247 2745 6509 8578 178 8214 9297 6966 2150 1590 4378 6724 2375 104 1338 9948 3681 26 7938 1959 2214 5029 8177 5987 2499 5889 8102 433 867 7308 2722 2769 2803 6514 7662 3898 3168 915 7458 5779 4663 1793 1561 4818 430 8565 6252 6027 2132 4293 8444 4111 3555 9303 6980 4940 8536 7120 8146 6355 5780 2987 2850 6047 2368 6074 3607 1105 8816 6545 6636 9807 892 9471 5070 3985 7342 2886 1296 3419 6174 5771 6134 1353 5255 864 3680 7235 6414 8435 7031 5785 726 8421 9562 2624 3548 1240 4839 3415 6662 1953 6660 3202 6735 5928 9809 9652 5820 5548 9947 2281 2686 2885 4824 6898 6871 4456 9740 3924 3422 8334 620 6362 2912 6198 7356 8569 2556 4601 7685 9880 2604 3200 1299 8530 3073 7955 1604 3375 284 8077 4080 5869 2891 2423 5844 8657 738 9617 4271 387 6938 1618 2240 9139 8685 2951 3342 9553 5763 6529 3095 8670 4740 6354 3704 7339 4946 958 2217 5134 6757 965 8314 160 2222 687 4420 7556 7475 8358 4658 298 6609 361 640 6295 1889 9075 891 6053 9184 9849 5389 6731 109 8536 7555 2095 8507 334 8001 1703 8080 6210 3059 2975 3701 7248 5675 184 8149 4107 5368 3087 7827 405 7163 9247 3504 8675 8008 260 5224 3444 9982 2221 9056 1236 1991 5337 5324 5750 6900 9056 2219 5187 4656 5133 1539 8000 818 2863 4017 6547 8244 392 4779 1403 9730 3955 4201 2167 4565 1810 2283 6061 8536 4058 5607 1116 7841 8525 5400 8744 8449 7128 8335 2735 787 3174 5838 1887 5537 6220 5437 7490 5690 9300 2662 5073 1256 804 4443 835 2381 8001 7791 7027 5501 6518 6752 772 8243 881 6719 5616 2729 9196 5103 4877 3753 8887 8121 4139 6042 5229 9234 2771 3354 5612 7639 3137 8541 9260 6719 8213 2576 7171 515 1955 7484 8379 2926 8576 2060 4452 6873 5992 2455 1173 9919 1932 9195 3655 2516 8510 339 3578 752 2538 691 5054 3902 6873 1848 6891 6068 2473 9652 6713 6480 6418 6500 296 2486 7828 1057 862 6371 4727 4904 1803 1180 9910 8325 6718 4900 3026 5324 2958 586 766 1287 6032 3194 7068 1356 4850 7036 774 7139 7770 2989 1097 1438 4207 4960 2450 506 3251 3497 2015 4734 276 5313 7515 6975 6847 6408 9883 3115 9486 7033 8078 5873 2366 5660 5441 5384 3755 5937 2056 7439 4575 3712 8724 9866 449 8232 7230 2618 2281 4160 8796 3117 9874 2215 4547 892 6488 4608 786 719 8378 6448 6568 6308 8302 1705 5365 4919 1130 4813 8114 3543 8796 4689 3363 8947 1214 5743 7348 7716 982 9915 2577 8817 9556 3167 3900 5096 4793 2269 4082 6360 5365 4511 1848 3137 6573 7867 2974 3991 4727 4327 329 2123 187 1983 2706 7223 626 8988 7831 4442 461 7898 6228 5662 268 5304 1586 6247 433 9402 8443 3674 810 7570 5749 121 7845 5850 6488 5778 5788 9941 7695 1485 6227 6002 1119 3680 1536 8904 7932 8112 7641 2050 5483 3780 3493 6891 5830 79 1430 3705 9588 5314 9754 7504 7093 1703 2838 1737 5977 660 1156 3633 2785 2793 6872 4885 1770 8311 3721 6996 2640 5369 7664 5709 28 2558 9113 7415 3277 3914 7624 2187 9707 5941 1130 3639 895 3406 6398 5939 6132 877 7697 4417 8010 5130 9542 777 3848 6614 4905 6209 870 9513 5723 9532 1342 8258 4130 2246 6811 4439 3387 9712 4116 2701 4731 2966 6472 8742 782 1791 5323 8492 5209 1018 309 3360 8639 2318 4989 4892 9198 3836 5992 484 4131 5370 4044 7805 2768 5636 7363 9160 2954 9167 9068 6033 8939 4867 8585 2377 549 2764 6485 1620 5480 7079 7267 5236 6898 5671 2009 9017 8098 9040 5677 4150 4835 6147 9813 1053 8479 9450 7220 4973 4083 8656 8943 9312 7487 8604 2796 3472 4471 3862 450 8142 1099 4648 1698 4133 7043 2261 3268 4713 2314 1540 6111 323 5110 7744 4934 7869 9252 6644 2496 4364 9822 5465 7761 9175 7212 9683 310 2020 4105 7033 7279 6192 8331 1595 7553 351 5754 6000 615 9059 9579 2395 9390 3593 7133 775 9104 2824 5163 7982 4346 7214 6594 5683 3534 2907 8379 4973 6773 6986 1067 6328 2164 5919 8119 485 9347 382 4114 2017 5329 4002 55 1013 3501 4531 4305 9120 9601 2639 135 1696 2877 3709 9264 2502 6444 4674 6627 4832 9673 6724 5482 2141 2039 7955 5259 2102 989 1773 7761 7282 733 7618 8800 864 8359 7313 1243 9585 3366 460 1285 3003 6964 2224 4812 87 255 5328 2987 6748 3115 3112 7575 6536 9771 1495 7922 2582 928 8279 6937 7488 9766 1177 3169 958 7478 7588 280 8962 8290 3432 1947 3953 9766 5197 1108 4107 9605 4547 5633 3226 3771 5600 7820 576 9713 1234 7155 5455 723 8390 3733 5955 8585 6726 9336 5552 1863 9205 5263 1624 3487 3828 7230 1650 5536 9715 5209 6959 2417 3723 8560 5434 8296 1037 1270 5239 1675 8845 5006 7632 2114 7391 3104 179 8845 1362 6477 8829 8432 4833 6697 5582 820 4721 3519 1753 7597 3329 7509 7983 7595 2995 8845 7294 678 6994 2374 4396 6307 4895 9757 8585 5997 9947 1711 8205 9908 8350 7783 3591 1412 7752 6449 8947 3984 9704 7690 1411 1078 855 4219 3661 2618 5135 5512 9680 8731 6770 5449 5306 3439 8960 8132 5329 2739 154 2795 7681 7637 1303 2091 6609 8802 3581 8653 8064 1375 7703 5391 5535 5573 9365 1964 4702 7678 5584 1417 3001 4844 7009 5562 5429 2823 4244 947 5045 1489 8111 9140 2315 6601 5659 9106 9584 8629 6933 7616 4448 2235 83 8550 1565 6645 1443 1304 8643 9601 1143 6835 1308 3430 1098 9887 8251 6215 605 7388 8440 3994 229 8971 7973 5428 4249
2585 3199 9824 5097 8308 8649 6839 4090 5447 2213 9214 9712 7147 2479 3798 3812 6537 9743 93 9474 2532 2672 6292 4457 7417 342 5716 6556 8288 9506 6900 1910 4708 6900 8784 6176 1056 3172 2543 631 1294 9819 7701 7594 4545 2346 1513 8954 2713 9085 5865 1530 547 4565 5980 5235 6448 8511 1358 292 5308 263 3531 1786 9780 8619 9806 6504 8133 7814 534 4425 1762 8753 7513 7539 9941 6983 9119 4292 8818 8307 1754 6411 4432 4128 3351 1793 2445 4480 4129 5420 2484 6204 4635 606 7484 258 5926 1578 9469 7078 1654 3492 7272 2701 3024 7419 1142 6059 2620 7216 7485 1638 3010 4128 2286 7736 7295 4483 4396 5792 6444 7669 451 7843 4021 6436 4211 7425 3169 7268 3524 8479 4222 8330 9152 5954 8118 9898 873 1174 8349 9626 5201 7461 9937 9025 9978 9498 8577 4120 8652 3380 4827 9051 4395 8090 2450 7978 5598 350 1303 199 717 5701 7404 7508 2422 9054 8218 406 7371 2142 7853 2043 5701 181 6345 1902 4091 3150 3849 4881 6406 6176 5248 1348 6247 2745 6509 8578 178 8214 9297 6966 2150 1590 4378 6724 2375 104 1338 9948 3681 26 7938 1959 2214 5029 8177 5987 2499 5889 8102 433 867 7308 2722 2769 2803 6514 7662 3898 3168 915 7458 5779 4663 1793 1561 4818 430 8565 6252 6027 2132 4293 8444 4111 3555 9303 6980 4940 8536 7120 8146 6355 5780 2987 2850 6047 2368 6074 3607 1105 8816 6545 6636 9807 892 9471 5070 3985 7342 2886 1296 3419 6174 5771 6134 1353 5255 864 3680 7235 6414 8435 7031 5785 726 8421 9562 2624 3548 1240 4839 3415 6662 1953 6660 3202 6735 5928 9809 9652 5820 5548 9947 2281 2686 2885 4824 6898 6871 4456 9740 3924 3422 8334 620 6362 2912 6198 7356 8569 2556 4601 7685 9880 2604 3200 1299 8530 3073 7955 1604 3375 284 8077 4080 5869 2891 2423 5844 8657 738 9617 4271 387 6938 1618 2240 9139 8685 2951 3342 9553 5763 6529 3095 8670 4740 6354 3704 7339 4946 958 2217 5134 6757 965 8314 160 2222 687 4420 7556 7475 8358 4658 298 6609 361 640 6295 1889 9075 891 6053 9184 9849 5389 6731 109 8536 7555 2095 8507 334 8001 1703 8080 6210 3059 2975 3701 7248 5675 184 8149 4107 5368 3087 7827 405 7163 9247 3504 8675 8008 260 5224 3444 9982 2221 9056 1236 1991 5337 5324 5750 6900 9056 2219 5187 4656 5133 1539 8000 818 2863 4017 6547 8244 392 4779 1403 9730 3955 4201 2167 4565 1810 2283 6061 8536 4058 5607 1116 7841 8525 5400 8744 8449 7128 8335 2735 787 3174 5838 1887 5537 6220 5437 7490 5690 9300 2662 5073 1256 804 4443 835 2381 8001 7791 7027 5501 6518 6752 772 8243 881 6719 5616 2729 9196 5103 4877 3753 8887 8121 4139 6042 5229 9234 2771 3354 5612 7639 3137 8541 9260 6719 8213 2576 7171 515 1955 7484 8379 2926 8576 2060 4452 6873 5992 2455 1173 9919 1932 9195 3655 2516 8510 339 3578 752 2538 691 5054 3902 6873 1848 6891 6068 2473 9652 6713 6480 6418 6500 296 2486 7828 1057 862 6371 4727 4904 1803 1180 9910 8325 6718 4900 3026 5324 2958 586 766 1287 6032 3194 7068 1356 4850 7036 774 7139 7770 2989 1097 1438 4207 4960 2450 506 3251 3497 2015 4734 276 5313 7515 6975 6847 6408 9883 3115 9486 7033 8078 5873 2366 5660 5441 5384 3755 5937 2056 7439 4575 3712 8724 9866 449 8232 7230 2618 2281 4160 8796 3117 9874 2215 4547 892 6488 4608 786 719 8378 6448 6568 6308 8302 1705 5365 4919 1130 4813 8114 3543 8796 4689 3363 8947 1214 5743 7348 7716 982 9915 2577 8817 9556 3167 3900 5096 4793 2269 4082 6360 5365 4511 1848 3137 6573 7867 2974 3991 4727 4327 329 2123 187 1983 2706 7223 626 8988 7831 4442 461 7898 6228 5662 268 5304 1586 6247 433 9402 8443 3674 810 7570 5749 121 7845 5850 6488 5778 5788 9941 7695 1485 6227 6002 1119 3680 1536 8904 7932 8112 7641 2050 5483 3780 3493 6891 5830 79 1430 3705 9588 5314 9754 7504 7093 1703 2838 1737 5977 660 1156 3633 2785 2793 6872 4885 1770 8311 3721 6996 2640 5369 7664 5709 28 2558 9113 7415 3277 3914 7624 2187 9707 5941 1130 3639 895 3406 6398 5939 6132 877 7697 4417 8010 5130 9542 777 3848 6614 4905 6209 870 9513 5723 9532 1342 8258 4130 2246 6811 4439 3387 9712 4116 2701 4731 2966 6472 8742 782 1791 5323 8492 5209 1018 309 3360 8639 2318 4989 4892 9198 3836 5992 484 4131 5370 4044 7805 2768 5636 7363 9160 2954 9167 9068 6033 8939 4867 8585 2377 549 2764 6485 1620 5480 7079 7267 5236 6898 5671 2009 9017 8098 9040 5677 4150 4835 6147 9813 1053 8479 9450 7220 4973 4083 8656 8943 9312 7487 8604 2796 3472 4471 3862 450 8142 1099 4648 1698 4133 7043 2261 3268 4713 2314 1540 6111 323 5110 7744 4934 7869 9252 6644 2496 4364 9822 5465 7761 9175 7212 9683 310 2020 4105 7033 7279 6192 8331 1595 7553 351 5754 6000 615 9059 9579 2395 9390 3593 7133 775 9104 2824 5163 7982 4346 7214 6594 5683 3534 2907 8379 4973 6773 6986 1067 6328 2164 5919 8119 485 9347 382 4114 2017 5329 4002 55 1013 3501 4531 4305 9120 9601 2639 135 1696 2877 3709 9264 2502 6444 4674 6627 4832 9673 6724 5482 2141 2039 7955 5259 2102 989 1773 7761 7282 733 7618 8800 864 8359 7313 1243 9585 3366 460 1285 3003 6964 2224 4812 87 255 5328 2987 6748 3115 3112 7575 6536 9771 1495 7922 2582 928 8279 6937 7488 9766 1177 3169 958 7478 7588 280 8962 8290 3432 1947 3953 9766 5197 1108 4107 9605 4547 5633 3226 3771 5600 7820 576 9713 1234 7155 5455 723 8390 3733 5955 8585 6726 9336 5552 1863 9205 5263 1624 3487 3828 7230 1650 5536 9715 5209 6959 2417 3723 8560 5434 8296 1037 1270 5239 1675 8845 5006 7632 2114 7391 3104 179 8845 1362 6477 8829 8432 4833 6697 5582 820 4721 3519 1753 7597 3329 7509 7983 7595 2995 8845 7294 678 6994 2374 4396 6307 4895 9757 8585 5997 9947 1711 8205 9908 8350 7783 3591 1412 7752 6449 8947 3984 9704 7690 1411 1078 855 4219 3661 2618 5135 5512 9680 8731 6770 5449 5306 3439 8960 8132 5329 2739 154 2795 7681 7637 1303 2091 6609 8802 3581 8653 8064 1375 7703 5391 5535 5573 9365 1964 4702 7678 5584 1417 3001 4844 7009 5562 5429 2823 4244 947 5045 1489 8111 9140 2315 6601 5659 9106 9584 8629 6933 7616 4448 2235 83 8550 1565 6645 1443 1304 8643 9601 1143 6835 1308 3430 1098 9887 8251 6215 605 7388 8440 3994 229 8971 7973 5428 4249
