1451
NOT_FOUND
1451
2986
1454
NOT_FOUND
1091
1459
NOT_FOUND
NOT_FOUND
NOT_FOUND
NOT_FOUND
1147
1455
8999
NOT_FOUND
8376
1456
1457
7417
NOT_FOUND
1457
4944
8515
5036
NOT_FOUND
132
8011
NOT_FOUND
9617
9578
1450
2607
4459
8224
NOT_FOUND
1891
1446
8841
NOT_FOUND
2649
2583
NOT_FOUND
NOT_FOUND
6846
NOT_FOUND
7871
1445
1448
NOT_FOUND
502
5151
1820
1450
1030
1462
NOT_FOUND
6374
NOT_FOUND
1450
2789
958
2205
1448
1448
4600
2804
1447
1447
670
1446
1446
4688
1445
7286
7717
9245
8167
1441
4652
NOT_FOUND
NOT_FOUND
NOT_FOUND
1211
1440
1440
4658
5105
5991
NOT_FOUND
7925
9662
1625
8447
5283
1437
7226
1438
688
7751
NOT_FOUND
4652
1439
8758
5361
3687
8766
3725
1435
1843
7440
4001
6573
1432
NOT_FOUND
1291
6448
1430
1430
5127
NOT_FOUND
6865
1144
3428
1426
4884
9597
NOT_FOUND
1426
1426
1426
NOT_FOUND
NOT_FOUND
8282
3975
NOT_FOUND
1425
NOT_FOUND
1425
9984
1427
1427
8676
3591
NOT_FOUND
7515
NOT_FOUND
NOT_FOUND
NOT_FOUND
4092
2161
1087
1176
2003
6316
1422
2833
NOT_FOUND
1422
NOT_FOUND
9117
2428
NOT_FOUND
1423
9026
897
7521
1424
NOT_FOUND
NOT_FOUND
9088
7234
1424
1426
9096
6884
1425
1425
NOT_FOUND
6727
881
8339
NOT_FOUND
3291
6007
6961
NOT_FOUND
1421
1421
2653
NOT_FOUND
NOT_FOUND
4640
NOT_FOUND
2331
NOT_FOUND
6187
4121
9478
NOT_FOUND
NOT_FOUND
518
6504
7460
1415
7460
4186
1416
3199
4658
240
7798
1321
5783
1412
1413
3228
1993
3480
1410
634
934
181
9082
9860
1407
4376
1406
NOT_FOUND
9353
1410
NOT_FOUND
6982
6121
3188
2844
1410
583
1411
NOT_FOUND
1411
NOT_FOUND
5823
1411
1411
3035
3509
1411
1411
4985
2466
NOT_FOUND
1412
1276
192
6272
1411
6536
NOT_FOUND
269
4660
3480
1413
1414
4085
1413
8627
5316
292
1413
1413
4853
1413
7345
4541
3756
NOT_FOUND
9472
NOT_FOUND
1409
1409
3259
5520
NOT_FOUND
1410
9586
NOT_FOUND
744
8007
9043
6385
1406
NOT_FOUND
5517
1098
NOT_FOUND
1909
NOT_FOUND
NOT_FOUND
NOT_FOUND
995
6204
7418
1202
9568
NOT_FOUND
8098
2868
NOT_FOUND
4155
1403
NOT_FOUND
8420
6886
NOT_FOUND
NOT_FOUND
NOT_FOUND
NOT_FOUND
1406
6229
NOT_FOUND
1050
6514
4933
1406
NOT_FOUND
1407
NOT_FOUND
1407
1409
7218
6206
1411
9677
1410
8822
5779
2137
1172
2209
603
NOT_FOUND
NOT_FOUND
1408
1408
4847
2674
5092
NOT_FOUND
NOT_FOUND
3094
NOT_FOUND
9623
608
NOT_FOUND
1180
1410
NOT_FOUND
9213
7353
1410
NOT_FOUND
1414
1414
1414
1414
NOT_FOUND
NOT_FOUND
4878
6521
2530
9397
1412
NOT_FOUND
7633
NOT_FOUND
7586
1417
NOT_FOUND
1417
394
3068
NOT_FOUND
7683
1416
1417
5644
1416
NOT_FOUND
5054
NOT_FOUND
173
1415
7448
2865
NOT_FOUND
4535
3151
1643
1414
1774
NOT_FOUND
5290
1607
NOT_FOUND
1412
423
NOT_FOUND
1414
NOT_FOUND
1414
1415
NOT_FOUND
623
NOT_FOUND
9975
1415
2311
1416
1416
NOT_FOUND
9291
NOT_FOUND
1416
9836
1319
6394
4681
1988
NOT_FOUND
1412
1412
1015
1411
1411
1411
7090
1097
NOT_FOUND
1409
2458
1641
NOT_FOUND
6121
NOT_FOUND
1408
1408
NOT_FOUND
1409
NOT_FOUND
5495
1410
3360
9054
1408
9707
1168
2868
NOT_FOUND
NOT_FOUND
NOT_FOUND
1447
6268
NOT_FOUND
7851
6608
5772
1408
9744
1410
1410
9038
NOT_FOUND
6087
9636
1407
3816
NOT_FOUND
7739
4065
9290
2255
NOT_FOUND
NOT_FOUND
9260
7281
1405
2842
2238
1404
1404
9544
4074
1404
1096
NOT_FOUND
NOT_FOUND
7425
1659
8192
3504
NOT_FOUND
NOT_FOUND
2279
6315
1406
NOT_FOUND
90
1407
7835
4121
9185
1406
119
1407
1407
4776
1069
216
NOT_FOUND
8142
4765
1406
NOT_FOUND
3787
1407
NOT_FOUND
701
9026
NOT_FOUND
3456
5608
1405
5838
2557
1403
1403
8451
NOT_FOUND
5412
1402
NOT_FOUND
1403
1403
1403
9882
1404
221
1403
6033
3276
8380
1402
1402
6519
3311
5487
NOT_FOUND
279
NOT_FOUND
8776
3262
3735
NOT_FOUND
6701
1769
7837
6960
6964
296
1399
4533
7380
NOT_FOUND
764
5445
1401
NOT_FOUND
2015
3398
1399
1399
2249
7417
1941
8862
NOT_FOUND
1411
1399
1992
2118
NOT_FOUND
7617
3273
1956
NOT_FOUND
1908
1398
1398
5341
437
2596
3396
6916
1395
8841
1394
1394
1394
8623
NOT_FOUND
1574
9365
8464
6235
1391
NOT_FOUND
8949
3867
4061
1391
NOT_FOUND
1391
6376
1390
5571
6231
2519
NOT_FOUND
6820
7427
1387
6493
NOT_FOUND
NOT_FOUND
1068
1387
8722
NOT_FOUND
1387
1197
1387
1387
1388
NOT_FOUND
1388
1388
3895
NOT_FOUND
1389
1390
NOT_FOUND
NOT_FOUND
1391
6979
3094
1389
1391
1391
7495
NOT_FOUND
1390
NOT_FOUND
9418
5072
1086
1388
5319
NOT_FOUND
NOT_FOUND
1388
6196
6972
NOT_FOUND
NOT_FOUND
1387
NOT_FOUND
NOT_FOUND
NOT_FOUND
1605
3041
1385
8464
NOT_FOUND
1385
172
204
8528
NOT_FOUND
5388
1385
4241
2765
9607
NOT_FOUND
1384
NOT_FOUND
1384
NOT_FOUND
7374
NOT_FOUND
2955
733
9444
1093
111
8720
1385
1385
9989
7338
1978
1382
1382
NOT_FOUND
4345
1388
7949
6518
2173
1387
1387
519
2825
8086
1386
1523
3635
7197
9588
NOT_FOUND
51
487
1386
3533
940
NOT_FOUND
8442
1389
1391
348
638
5772
1388
1388
1389
1389
3225
1672
NOT_FOUND
NOT_FOUND
7892
1387
6480
7101
NOT_FOUND
1388
1363
6814
1387
1202
456
6026
7836
5961
NOT_FOUND
1392
4857
9434
4031
9169
1389
1390
9638
1391
7964
NOT_FOUND
1390
NOT_FOUND
5560
1660
1388
8906
1448
1387
NOT_FOUND
6939
1387
1387
1623
6494
387
6612
7350
NOT_FOUND
827
7660
1385
NOT_FOUND
3548
1387
6339
1665
4606
6626
1391
5604
2976
5330
1596
NOT_FOUND
NOT_FOUND
1390
1391
1856
NOT_FOUND
1444
1393
4854
218
8295
1391
NOT_FOUND
476
372
1393
4723
3050
1391
1391
1393
7940
1392
NOT_FOUND
1019
8362
9562
2011
3994
232
6531
NOT_FOUND
NOT_FOUND
NOT_FOUND
2222
2330
7726
1392
1392
NOT_FOUND
4760
5348
NOT_FOUND
8637
NOT_FOUND
5311
1928
1389
NOT_FOUND
185
1390
8723
8732
8174
9458
1388
2071
8018
NOT_FOUND
NOT_FOUND
9158
NOT_FOUND
7351
2520
7284
NOT_FOUND
5604
6229
4251
1384
NOT_FOUND
1472
1133
NOT_FOUND
9720
NOT_FOUND
NOT_FOUND
3757
NOT_FOUND
1388
1388
1389
NOT_FOUND
1393
539
NOT_FOUND
8935
1277
5681
NOT_FOUND
7719
1391
2509
5759
3891
7913
181
2212
NOT_FOUND
4258
NOT_FOUND
1390
7075
3639
9707
NOT_FOUND
9649
7569
NOT_FOUND
8474
NOT_FOUND
286
1391
4744
1391
1391
2040
1391
7083
8368
1367
2646
NOT_FOUND
NOT_FOUND
7932
1389
NOT_FOUND
1393
1203
NOT_FOUND
3416
4599
9821
7960
NOT_FOUND
8348
6621
3801
6734
1397
1398
NOT_FOUND
53
1401
2176
6718
4201
997
8910
9915
1398
NOT_FOUND
3589
2197
1396
2549
NOT_FOUND
NOT_FOUND
5004
2523
8423
2926
3295
1395
1395
NOT_FOUND
1396
1396
1396
1396
1397
5475
8004
5050
1395
1395
95
1395
5502
NOT_FOUND
1395
1442
1395
5240
9205
NOT_FOUND
4770
1426
NOT_FOUND
2914 94 3748 1664 1390 2224 7350 10 6248 7238 1454 2977 5106 4348 4328 1386 9309 9682 9429 5185 6258 4804 9280 138 3488 3727 7521 6384 480 8322 2260 5663 1525 9018 9223 3539 9583 3815 86 1889 5505 6312 576 7065 4886 26 7303 1738 9995 1233 1339 3045 5714 247 19 202 7105 7767 6418 5550 1119 2682 7482 996 8958 2865 7478 1016 3820 5933 7017 2970 3642 2746 8739 7811 8137 9982 8393 7745 5932 3727 7565 4909 9502 58 4483 8199 2454 1382 4939 4934 8705 3442 8220 920 281 6686 3518 4544 419 5631 7026 34 4011 101 261 885 1708 6340 1958 8602 7327 3148 2102 5452 7443 4113 4251 6484 2065 5040 9195 9739 4378 489 9401 1346 1055 9231 30 2762 1733 3285 9379 8812 487 9238 5331 8194 1027 1910 6826 1724 3353 2589 3107 9072 1469 9247 2402 1298 300 5313 6146 1118 4175 6082 4521 1214 1305 2548 6107 1884 1562 2403 2008 5379 463 9915 5380 7348 9383 635 1743 4815 9478 9322 7156 7147 7474 7292 316 5003 5212 8044 7535 9681 9296 4818 1965 2063 5023 6681 6298 4075 1236 9503 8261 2657 2183 1039 3436 9676 4171 961 1194 7580 6516 5135 5566 9842 9018 8633 7652 4072 9127 8320 9991 1655 8238 7324 1748 7052 3975 5817 4253 3230 5097 6661 4517 4803 2795 9656 4121 6964 2033 8530 9350 3936 3454 7510 2907 9572 7626 9399 3687 2055 5099 7829 4245 1995 1977 7148 9231 249 2074 6595 2433 7024 4107 6870 697 6911 8976 6345 8975 9933 9187 405 2302 205 4457 7731 1482 6807 4429 7838 1417 4930 344 8900 4550 6745 5478 5029 6270 3761 1804 4934 1861 3628 7331 3711 1384 5245 3964 5388 1345 9809 815 2366 1691 9045 4810 8838 1555 9545 2243 5263 1710 4991 7372 5512 6739 9769 4755 4302 7204 6123 6473 9801 4377 3732 5901 7553 2353 9616 7337 3416 1157 5858 2341 5694 2923 1706 4116 92 9354 2409 1974 3631 1582 43 6794 6375 8274 4569 3256 2535 1104 8438 2735 5270 38 6254 7786 5845 2247 2827 3086 8042 9035 5177 6802 6190 2065 5627 8071 2747 8398 7905 5006 9283 4358 573 397 5326 1714 226 3407 7110 2320 1723 9800 5088 8958 778 444 327 4966 7484 2863 4192 149 426 6980 8657 6859 5727 4051 4990 7198 5656 3070 9847 1617 2158 8560 1911 2125 9555 1283 7206 1084 4577 9837 3130 3117 4331 6043 7039 1215 5726 375 5584 9355 9194 6788 6807 3806 502 6790 8382 5932 753 2194 5692 8227 9154 8942 3839 1764 7288 7686 8383 3583 7483 2527 8955 545 6417 6268 2860 504 852 7822 3126 9888 6608 2481 912 6039 7216 3486 9132 5731 6931 1689 143 3844 2203 7999 754 1653 1064 5083 5027 7731 1277 6051 8484 9831 4893 4338 3933 2337 6905 3082 2374 3793 9284 6062 763 1728 2838 1155 8969 2220 7650 9370 2391 9735 452 554 3421 3630 5995 337 1625 8086 6285 6740 4794 5129 1259 5165 2634 6846 1528 9132 4892 5004 4766 2956 8634 2071 5092 6409 5182 636 2744 7923 1072 8928 3287 8738 4016 9562 7758 9936 4853 5070 5272 7660 3953 2686 1361 5788 212 7319 1534 6466 4188 90 8639 9977 9871 7433 5441 7327 1321 2658 5161 8660 3085 9547 1313 1779 5697 2953 1283 3418 8230 7812 9773 9076 1203 1814 209 5260 5975 9274 2244 6784 9505 7192 7413 7952 9139 9770 6798 6624 3907 9231 4837 7268 1517 2139 5177 3664 2773 6015 8773 1418 1733 3602 5437 3070 9531 549 1562 1003 2088 1350 4157 6175 3981 8153 8308 1016 674 1052 9407 4275 3598 4545 7261 842 3841 8341 2323 9750 5678 2283 1656 8077 443 7111 2333 1739 3987 5264 114 3170 3638 3130 1483 782 1881 4731 2348 380 2958 6770 4 5972 8958 8126 2793 5257 1330 2306 1599 1361 6917 8487 379 4613 9290 9208 5779 4786 5693 3235 3338 4345 5282 5721 7130 535 8893 9111 4406 4473 1887 1276 2357 153 9496 4679 1425 2564 4425 3785 6376 4334 4277 913 838 4554 223 1290 9197 1510 9007 618 8110 806 8137 6045 7549 7046 6119 3521 1632 5373 9607 8081 8099 478 4221 9750 842 9116 2719 1313 8716 6641 2615 110 1520 3058 9990 8229 9484 1147 7201 7213 4204 7578 1648 225 6400 2557 504 3681 6547 5137 6155 5632 6966 463 8627 6685 7508 8774 5905 7322 3513 5904 5866 8519 5828 5968 1011 2626 4639 7871 8953 211 4062 3195 7741 4035 4522 4589 5490 5008 3497 9436 3184 9840 9291 1146 2657 4210 3684 9553 6469 7543 3220 2522 6578 9830 2799 2965 8313 467 7334 4888 458 6109 2439 1871 4616 4079 5677 8414 9843 156 8551 6514 240 8566 4150 8547 7270 3573 2034 6177 307 6894 2595 5348 4399 9211 4456 2961 9766 2157 5009 2632 3641 5259 8477 9195 5605 1107 4693 7690 5173 6593 1966 201 290 1069 4482 5118 6536 7888 495 4377 449 2569 6926 8044 3364 7849 6629 470 2561 4157 3 3558 6562 9388 1877 4687 9749 8541 2723 5402 3504 7700 2008 8525 8115 4902 8350 8855 8529 4977 875 2471 6846 7371 3284 4770 9883 9915 7113 9991 3894 3620 7473 3180 6494 7730 3757 9893 1190 2603 4683 2239 1701 8584 4690 467 6673 9036 1563 8396 4238 8614 8205 5033 5871 4645 2306 9288 4219 9997 8953 778 1589 8736 83 8318 6506 8655 3942 8727 447 69 402 7688 8196 7704 689 3120 7949 3399 6970 7321 3760 9370 8852 8325 1850 5653 6430 3366 8347 6998 7948 4422 8430 7115 6307 8336 4944 4303 4028 1023 7182 7879 4391 9505 5483 383 2079 8299 2729 384 8304 2616 9025 8183 9254 8207 6915 3012 7651 463 7526 626 1005 8360 3027 9021 4740 1955 923 6266 8319 9404 3852 4195 1967 5464 1451 1716 8982 2403 6506 6501 4380 4240 2919 7851 5673 7391 3083 3033 2702 9128 5230 6686 7232 9941 7836 6062 4717 5927 3386 4940 4030 151 1549 3543 4783 2422 6466 5108 913 497 6930 6183 5364 9824 9987 9900 2779 4869 2986 7323 3224 3168 2197 8159 5023 9779 1968 1151 3232 3712 1535 9829 8161 3228 5758 852 344 8590 8575 8190 333 4952 2024 2864 4920 4302 8319 1730 1446 6993 8990 9064 64 435 9187 1196 8935 6801 8730 8335 5813 362 59 1745 2858 6260 5188 1088 1084 4628 5381 8231 3605 8114 9538 4871 6046 7593 1172 3119 8109 5198 1578 1058 9973 6853 1774 8934 9853 4084 1010 6776 7619 1591 445 4037 1660 2201 2521 3947 6521 755 6982 62 6518 7130 7916 6328 5171 3893 3206 8674 9297 4509 6171 9966 9177 6791 7619 5900 6964 1072 9566 3765 3573 327 6524 9141 4330 9156 1037 7405 3126 4388 6607 8922 4544 1513 3091 4307 6400 5348 5993 9442 4999 773 241 631 2334 8321 1918 4652 8555 355 1800 8911 3906 9048 5747 9070 3951 8827 2375 1126 4870 9167 1173 5254 1599 6254 5944 3352 7696 117 6852 7377 1871 1408 167 8079 2302 8571 1062 6493 2320 9852 9965 5591 9428 7461 1477 3465 4475 8886 73 485 9638 6963 4768 3740 4171 1526 8609 4301 5609 2474 1512 6357 9059 8707 1953 9214 4139 6099 2705 5935 7195 8119 1394 4564 2530 440 1229 4415 8683 5128 1296 4108 5428 1503 3848 5695 2620 5954 4626 9008 3293 6677 969 3548 4140 2754 2073 1180 2768 797 7474 6731 5968 3074 4896 4807 2678 2762 367 2852 1368 2487 8128 7598 2642 5531 5853 1096 1794 5685 8571 6384 5937 6767 5016 8706 6704 6597 4643 3342 5640 6862 8353 897 5281 8788 4400 993 3541 4344 8369 9610 2262 4374 8048 476 1870 8756 4 5940 5440 7564 9534 8563 8616 5496 167 4925 6638 957 5830 6780 3511 6480 3536 9215 7505 6783 1875 3660 5857 1762 5604 5871 3704 8444 6505 1489 616 9584 1290 3525 467 2164 9936 7607 4983 1475 3534 518 349 4711 3909 940 2152 7763 7957 1862 451 2411 3871 3203 8129 3160 8002 4841 4199 1214 3442 4825 8130 4993 3762 7754 7590 259 7501 4813 7903 7631 568
568 7631 7903 4813 7501 259 7590 7754 3762 4993 8130 4825 3442 1214 4199 4841 8002 3160 8129 3203 3871 2411 451 1862 7957 7763 2152 940 3909 4711 349 518 3534 1475 4983 7607 9936 2164 467 3525 1290 9584 616 1489 6505 8444 3704 5871 5604 1762 5857 3660 1875 6783 7505 9215 3536 6480 3511 6780 5830 957 6638 4925 167 5496 8616 8563 9534 7564 5440 5940 4 8756 1870 476 8048 4374 2262 9610 8369 4344 3541 993 4400 8788 5281 897 8353 6862 5640 3342 4643 6597 6704 8706 5016 6767 5937 6384 8571 5685 1794 1096 5853 5531 2642 7598 8128 2487 1368 2852 367 2762 2678 4807 4896 3074 5968 6731 7474 797 2768 1180 2073 2754 4140 3548 969 6677 3293 9008 4626 5954 2620 5695 3848 1503 5428 4108 1296 5128 8683 4415 1229 440 2530 4564 1394 8119 7195 5935 2705 6099 4139 9214 1953 8707 9059 6357 1512 2474 5609 4301 8609 1526 4171 3740 4768 6963 9638 485 73 8886 4475 3465 1477 7461 9428 5591 9965 9852 2320 6493 1062 8571 2302 8079 167 1408 1871 7377 6852 117 7696 3352 5944 6254 1599 5254 1173 9167 4870 1126 2375 8827 3951 9070 5747 9048 3906 8911 1800 355 8555 4652 1918 8321 2334 631 241 773 4999 9442 5993 5348 6400 4307 3091 1513 4544 8922 6607 4388 3126 7405 1037 9156 4330 9141 6524 327 3573 3765 9566 1072 6964 5900 7619 6791 9177 9966 6171 4509 9297 8674 3206 3893 5171 6328 7916 7130 6518 62 6982 755 6521 3947 2521 2201 1660 4037 445 1591 7619 6776 1010 4084 9853 8934 1774 6853 9973 1058 1578 5198 8109 3119 1172 7593 6046 4871 9538 8114 3605 8231 5381 4628 1084 1088 5188 6260 2858 1745 59 362 5813 8335 8730 6801 8935 1196 9187 435 64 9064 8990 6993 1446 1730 8319 4302 4920 2864 2024 4952 333 8190 8575 8590 344 852 5758 3228 8161 9829 1535 3712 3232 1151 1968 9779 5023 8159 2197 3168 3224 7323 2986 4869 2779 9900 9987 9824 5364 6183 6930 497 913 5108 6466 2422 4783 3543 1549 151 4030 4940 3386 5927 4717 6062 7836 9941 7232 6686 5230 9128 2702 3033 3083 7391 5673 7851 2919 4240 4380 6501 6506 2403 8982 1716 1451 5464 1967 4195 3852 9404 8319 6266 923 1955 4740 9021 3027 8360 1005 626 7526 463 7651 3012 6915 8207 9254 8183 9025 2616 8304 384 2729 8299 2079 383 5483 9505 4391 7879 7182 1023 4028 4303 4944 8336 6307 7115 8430 4422 7948 6998 8347 3366 6430 5653 1850 8325 8852 9370 3760 7321 6970 3399 7949 3120 689 7704 8196 7688 402 69 447 8727 3942 8655 6506 8318 83 8736 1589 778 8953 9997 4219 9288 2306 4645 5871 5033 8205 8614 4238 8396 1563 9036 6673 467 4690 8584 1701 2239 4683 2603 1190 9893 3757 7730 6494 3180 7473 3620 3894 9991 7113 9915 9883 4770 3284 7371 6846 2471 875 4977 8529 8855 8350 4902 8115 8525 2008 7700 3504 5402 2723 8541 9749 4687 1877 9388 6562 3558 3 4157 2561 470 6629 7849 3364 8044 6926 2569 449 4377 495 7888 6536 5118 4482 1069 290 201 1966 6593 5173 7690 4693 1107 5605 9195 8477 5259 3641 2632 5009 2157 9766 2961 4456 9211 4399 5348 2595 6894 307 6177 2034 3573 7270 8547 4150 8566 240 6514 8551 156 9843 8414 5677 4079 4616 1871 2439 6109 458 4888 7334 467 8313 2965 2799 9830 6578 2522 3220 7543 6469 9553 3684 4210 2657 1146 9291 9840 3184 9436 3497 5008 5490 4589 4522 4035 7741 3195 4062 211 8953 7871 4639 2626 1011 5968 5828 8519 5866 5904 3513 7322 5905 8774 7508 6685 8627 463 6966 5632 6155 5137 6547 3681 504 2557 6400 225 1648 7578 4204 7213 7201 1147 9484 8229 9990 3058 1520 110 2615 6641 8716 1313 2719 9116 842 9750 4221 478 8099 8081 9607 5373 1632 3521 6119 7046 7549 6045 8137 806 8110 618 9007 1510 9197 1290 223 4554 838 913 4277 4334 6376 3785 4425 2564 1425 4679 9496 153 2357 1276 1887 4473 4406 9111 8893 535 7130 5721 5282 4345 3338 3235 5693 4786 5779 9208 9290 4613 379 8487 6917 1361 1599 2306 1330 5257 2793 8126 8958 5972 4 6770 2958 380 2348 4731 1881 782 1483 3130 3638 3170 114 5264 3987 1739 2333 7111 443 8077 1656 2283 5678 9750 2323 8341 3841 842 7261 4545 3598 4275 9407 1052 674 1016 8308 8153 3981 6175 4157 1350 2088 1003 1562 549 9531 3070 5437 3602 1733 1418 8773 6015 2773 3664 5177 2139 1517 7268 4837 9231 3907 6624 6798 9770 9139 7952 7413 7192 9505 6784 2244 9274 5975 5260 209 1814 1203 9076 9773 7812 8230 3418 1283 2953 5697 1779 1313 9547 3085 8660 5161 2658 1321 7327 5441 7433 9871 9977 8639 90 4188 6466 1534 7319 212 5788 1361 2686 3953 7660 5272 5070 4853 9936 7758 9562 4016 8738 3287 8928 1072 7923 2744 636 5182 6409 5092 2071 8634 2956 4766 5004 4892 9132 1528 6846 2634 5165 1259 5129 4794 6740 6285 8086 1625 337 5995 3630 3421 554 452 9735 2391 9370 7650 2220 8969 1155 2838 1728 763 6062 9284 3793 2374 3082 6905 2337 3933 4338 4893 9831 8484 6051 1277 7731 5027 5083 1064 1653 754 7999 2203 3844 143 1689 6931 5731 9132 3486 7216 6039 912 2481 6608 9888 3126 7822 852 504 2860 6268 6417 545 8955 2527 7483 3583 8383 7686 7288 1764 3839 8942 9154 8227 5692 2194 753 5932 8382 6790 502 3806 6807 6788 9194 9355 5584 375 5726 1215 7039 6043 4331 3117 3130 9837 4577 1084 7206 1283 9555 2125 1911 8560 2158 1617 9847 3070 5656 7198 4990 4051 5727 6859 8657 6980 426 149 4192 2863 7484 4966 327 444 778 8958 5088 9800 1723 2320 7110 3407 226 1714 5326 397 573 4358 9283 5006 7905 8398 2747 8071 5627 2065 6190 6802 5177 9035 8042 3086 2827 2247 5845 7786 6254 38 5270 2735 8438 1104 2535 3256 4569 8274 6375 6794 43 1582 3631 1974 2409 9354 92 4116 1706 2923 5694 2341 5858 1157 3416 7337 9616 2353 7553 5901 3732 4377 9801 6473 6123 7204 4302 4755 9769 6739 5512 7372 4991 1710 5263 2243 9545 1555 8838 4810 9045 1691 2366 815 9809 1345 5388 3964 5245 1384 3711 7331 3628 1861 4934 1804 3761 6270 5029 5478 6745 4550 8900 344 4930 1417 7838 4429 6807 1482 7731 4457 205 2302 405 9187 9933 8975 6345 8976 6911 697 6870 4107 7024 2433 6595 2074 249 9231 7148 1977 1995 4245 7829 5099 2055 3687 9399 7626 9572 2907 7510 3454 3936 9350 8530 2033 6964 4121 9656 2795 4803 4517 6661 5097 3230 4253 5817 3975 7052 1748 7324 8238 1655 9991 8320 9127 4072 7652 8633 9018 9842 5566 5135 6516 7580 1194 961 4171 9676 3436 1039 2183 2657 8261 9503 1236 4075 6298 6681 5023 2063 1965 4818 9296 9681 7535 8044 5212 5003 316 7292 7474 7147 7156 9322 9478 4815 1743 635 9383 7348 5380 9915 463 5379 2008 2403 1562 1884 6107 2548 1305 1214 4521 6082 4175 1118 6146 5313 300 1298 2402 9247 1469 9072 3107 2589 3353 1724 6826 1910 1027 8194 5331 9238 487 8812 9379 3285 1733 2762 30 9231 1055 1346 9401 489 4378 9739 9195 5040 2065 6484 4251 4113 7443 5452 2102 3148 7327 8602 1958 6340 1708 885 261 101 4011 34 7026 5631 419 4544 3518 6686 281 920 8220 3442 8705 4934 4939 1382 2454 8199 4483 58 9502 4909 7565 3727 5932 7745 8393 9982 8137 7811 8739 2746 3642 2970 7017 5933 3820 1016 7478 2865 8958 996 7482 2682 1119 5550 6418 7767 7105 202 19 247 5714 3045 1339 1233 9995 1738 7303 26 4886 7065 576 6312 5505 1889 86 3815 9583 3539 9223 9018 1525 5663 2260 8322 480 6384 7521 3727 3488 138 9280 4804 6258 5185 9429 9682 9309 1386 4328 4348 5106 2977 1454 7238 6248 10 7350 2224 1390 1664 3748 94 2914
568 7631 7903 4813 7501 259 7590 7754 3762 4993 8130 4825 3442 1214 4199 4841 8002 3160 8129 3203 3871 2411 451 1862 7957 7763 2152 940 3909 4711 349 518 3534 1475 4983 7607 9936 2164 467 3525 1290 9584 616 1489 6505 8444 3704 5871 5604 1762 5857 3660 1875 6783 7505 9215 3536 6480 3511 6780 5830 957 6638 4925 167 5496 8616 8563 9534 7564 5440 5940 4 8756 1870 476 8048 4374 2262 9610 8369 4344 3541 993 4400 8788 5281 897 8353 6862 5640 3342 4643 6597 6704 8706 5016 6767 5937 6384 8571 5685 1794 1096 5853 5531 2642 7598 8128 2487 1368 2852 367 2762 2678 4807 4896 3074 5968 6731 7474 797 2768 1180 2073 2754 4140 3548 969 6677 3293 9008 4626 5954 2620 5695 3848 1503 5428 4108 1296 5128 8683 4415 1229 440 2530 4564 1394 8119 7195 5935 2705 6099 4139 9214 1953 8707 9059 6357 1512 2474 5609 4301 8609 1526 4171 3740 4768 6963 9638 485 73 8886 4475 3465 1477 7461 9428 5591 9965 9852 2320 6493 1062 8571 2302 8079 167 1408 1871 7377 6852 117 7696 3352 5944 6254 1599 5254 1173 9167 4870 1126 2375 8827 3951 9070 5747 9048 3906 8911 1800 355 8555 4652 1918 8321 2334 631 241 773 4999 9442 5993 5348 6400 4307 3091 1513 4544 8922 6607 4388 3126 7405 1037 9156 4330 9141 6524 327 3573 3765 9566 1072 6964 5900 7619 6791 9177 9966 6171 4509 9297 8674 3206 3893 5171 6328 7916 7130 6518 62 6982 755 6521 3947 2521 2201 1660 4037 445 1591 7619 6776 1010 4084 9853 8934 1774 6853 9973 1058 1578 5198 8109 3119 1172 7593 6046 4871 9538 8114 3605 8231 5381 4628 1084 1088 5188 6260 2858 1745 59 362 5813 8335 8730 6801 8935 1196 9187 435 64 9064 8990 6993 1446 1730 8319 4302 4920 2864 2024 4952 333 8190 8575 8590 344 852 5758 3228 8161 9829 1535 3712 3232 1151 1968 9779 5023 8159 2197 3168 3224 7323 2986 4869 2779 9900 9987 9824 5364 6183 6930 497 913 5108 6466 2422 4783 3543 1549 151 4030 4940 3386 5927 4717 6062 7836 9941 7232 6686 5230 9128 2702 3033 3083 7391 5673 7851 2919 4240 4380 6501 6506 2403 8982 1716 1451 5464 1967 4195 3852 9404 8319 6266 923 1955 4740 9021 3027 8360 1005 626 7526 463 7651 3012 6915 8207 9254 8183 9025 2616 8304 384 2729 8299 2079 383 5483 9505 4391 7879 7182 1023 4028 4303 4944 8336 6307 7115 8430 4422 7948 6998 8347 3366 6430 5653 1850 8325 8852 9370 3760 7321 6970 3399 7949 3120 689 7704 8196 7688 402 69 447 8727 3942 8655 6506 8318 83 8736 1589 778 8953 9997 4219 9288 2306 4645 5871 5033 8205 8614 4238 8396 1563 9036 6673 467 4690 8584 1701 2239 4683 2603 1190 9893 3757 7730 6494 3180 7473 3620 3894 9991 7113 9915 9883 4770 3284 7371 6846 2471 875 4977 8529 8855 8350 4902 8115 8525 2008 7700 3504 5402 2723 8541 9749 4687 1877 9388 6562 3558 3 4157 2561 470 6629 7849 3364 8044 6926 2569 449 4377 495 7888 6536 5118 4482 1069 290 201 1966 6593 5173 7690 4693 1107 5605 9195 8477 5259 3641 2632 5009 2157 9766 2961 4456 9211 4399 5348 2595 6894 307 6177 2034 3573 7270 8547 4150 8566 240 6514 8551 156 9843 8414 5677 4079 4616 1871 2439 6109 458 4888 7334 467 8313 2965 2799 9830 6578 2522 3220 7543 6469 9553 3684 4210 2657 1146 9291 9840 3184 9436 3497 5008 5490 4589 4522 4035 7741 3195 4062 211 8953 7871 4639 2626 1011 5968 5828 8519 5866 5904 3513 7322 5905 8774 7508 6685 8627 463 6966 5632 6155 5137 6547 3681 504 2557 6400 225 1648 7578 4204 7213 7201 1147 9484 8229 9990 3058 1520 110 2615 6641 8716 1313 2719 9116 842 9750 4221 478 8099 8081 9607 5373 1632 3521 6119 7046 7549 6045 8137 806 8110 618 9007 1510 9197 1290 223 4554 838 913 4277 4334 6376 3785 4425 2564 1425 4679 9496 153 2357 1276 1887 4473 4406 9111 8893 535 7130 5721 5282 4345 3338 3235 5693 4786 5779 9208 9290 4613 379 8487 6917 1361 1599 2306 1330 5257 2793 8126 8958 5972 4 6770 2958 380 2348 4731 1881 782 1483 3130 3638 3170 114 5264 3987 1739 2333 7111 443 8077 1656 2283 5678 9750 2323 8341 3841 842 7261 4545 3598 4275 9407 1052 674 1016 8308 8153 3981 6175 4157 1350 2088 1003 1562 549 9531 3070 5437 3602 1733 1418 8773 6015 2773 3664 5177 2139 1517 7268 4837 9231 3907 6624 6798 9770 9139 7952 7413 7192 9505 6784 2244 9274 5975 5260 209 1814 1203 9076 9773 7812 8230 3418 1283 2953 5697 1779 1313 9547 3085 8660 5161 2658 1321 7327 5441 7433 9871 9977 8639 90 4188 6466 1534 7319 212 5788 1361 2686 3953 7660 5272 5070 4853 9936 7758 9562 4016 8738 3287 8928 1072 7923 2744 636 5182 6409 5092 2071 8634 2956 4766 5004 4892 9132 1528 6846 2634 5165 1259 5129 4794 6740 6285 8086 1625 337 5995 3630 3421 554 452 9735 2391 9370 7650 2220 8969 1155 2838 1728 763 6062 9284 3793 2374 3082 6905 2337 3933 4338 4893 9831 8484 6051 1277 7731 5027 5083 1064 1653 754 7999 2203 3844 143 1689 6931 5731 9132 3486 7216 6039 912 2481 6608 9888 3126 7822 852 504 2860 6268 6417 545 8955 2527 7483 3583 8383 7686 7288 1764 3839 8942 9154 8227 5692 2194 753 5932 8382 6790 502 3806 6807 6788 9194 9355 5584 375 5726 1215 7039 6043 4331 3117 3130 9837 4577 1084 7206 1283 9555 2125 1911 8560 2158 1617 9847 3070 5656 7198 4990 4051 5727 6859 8657 6980 426 149 4192 2863 7484 4966 327 444 778 8958 5088 9800 1723 2320 7110 3407 226 1714 5326 397 573 4358 9283 5006 7905 8398 2747 8071 5627 2065 6190 6802 5177 9035 8042 3086 2827 2247 5845 7786 6254 38 5270 2735 8438 1104 2535 3256 4569 8274 6375 6794 43 1582 3631 1974 2409 9354 92 4116 1706 2923 5694 2341 5858 1157 3416 7337 9616 2353 7553 5901 3732 4377 9801 6473 6123 7204 4302 4755 9769 6739 5512 7372 4991 1710 5263 2243 9545 1555 8838 4810 9045 1691 2366 815 9809 1345 5388 3964 5245 1384 3711 7331 3628 1861 4934 1804 3761 6270 5029 5478 6745 4550 8900 344 4930 1417 7838 4429 6807 1482 7731 4457 205 2302 405 9187 9933 8975 6345 8976 6911 697 6870 4107 7024 2433 6595 2074 249 9231 7148 1977 1995 4245 7829 5099 2055 3687 9399 7626 9572 2907 7510 3454 3936 9350 8530 2033 6964 4121 9656 2795 4803 4517 6661 5097 3230 4253 5817 3975 7052 1748 7324 8238 1655 9991 8320 9127 4072 7652 8633 9018 9842 5566 5135 6516 7580 1194 961 4171 9676 3436 1039 2183 2657 8261 9503 1236 4075 6298 6681 5023 2063 1965 4818 9296 9681 7535 8044 5212 5003 316 7292 7474 7147 7156 9322 9478 4815 1743 635 9383 7348 5380 9915 463 5379 2008 2403 1562 1884 6107 2548 1305 1214 4521 6082 4175 1118 6146 5313 300 1298 2402 9247 1469 9072 3107 2589 3353 1724 6826 1910 1027 8194 5331 9238 487 8812 9379 3285 1733 2762 30 9231 1055 1346 9401 489 4378 9739 9195 5040 2065 6484 4251 4113 7443 5452 2102 3148 7327 8602 1958 6340 1708 885 261 101 4011 34 7026 5631 419 4544 3518 6686 281 920 8220 3442 8705 4934 4939 1382 2454 8199 4483 58 9502 4909 7565 3727 5932 7745 8393 9982 8137 7811 8739 2746 3642 2970 7017 5933 3820 1016 7478 2865 8958 996 7482 2682 1119 5550 6418 7767 7105 202 19 247 5714 3045 1339 1233 9995 1738 7303 26 4886 7065 576 6312 5505 1889 86 3815 9583 3539 9223 9018 1525 5663 2260 8322 480 6384 7521 3727 3488 138 9280 4804 6258 5185 9429 9682 9309 1386 4328 4348 5106 2977 1454 7238 6248 10 7350 2224 1390 1664 3748 94 2914
568 7631 7903 4813 7501 259 7590 7754 3762 4993 8130 4825 3442 1214 4199 4841 8002 3160 8129 3203 3871 2411 451 1862 7957 7763 2152 940 3909 4711 349 518 3534 1475 4983 7607 9936 2164 467 3525 1290 9584 616 1489 6505 8444 3704 5871 5604 1762 5857 3660 1875 6783 7505 9215 3536 6480 3511 6780 5830 957 6638 4925 167 5496 8616 8563 9534 7564 5440 5940 4 8756 1870 476 8048 4374 2262 9610 8369 4344 3541 993 4400 8788 5281 897 8353 6862 5640 3342 4643 6597 6704 8706 5016 6767 5937 6384 8571 5685 1794 1096 5853 5531 2642 7598 8128 2487 1368 2852 367 2762 2678 4807 4896 3074 5968 6731 7474 797 2768 1180 2073 2754 4140 3548 969 6677 3293 9008 4626 5954 2620 5695 3848 1503 5428 4108 1296 5128 8683 4415 1229 440 2530 4564 1394 8119 7195 5935 2705 6099 4139 9214 1953 8707 9059 6357 1512 2474 5609 4301 8609 1526 4171 3740 4768 6963 9638 485 73 8886 4475 3465 1477 7461 9428 5591 9965 9852 2320 6493 1062 8571 2302 8079 167 1408 1871 7377 6852 117 7696 3352 5944 6254 1599 5254 1173 9167 4870 1126 2375 8827 3951 9070 5747 9048 3906 8911 1800 355 8555 4652 1918 8321 2334 631 241 773 4999 9442 5993 5348 6400 4307 3091 1513 4544 8922 6607 4388 3126 7405 1037 9156 4330 9141 6524 327 3573 3765 9566 1072 6964 5900 7619 6791 9177 9966 6171 4509 9297 8674 3206 3893 5171 6328 7916 7130 6518 62 6982 755 6521 3947 2521 2201 1660 4037 445 1591 7619 6776 1010 4084 9853 8934 1774 6853 9973 1058 1578 5198 8109 3119 1172 7593 6046 4871 9538 8114 3605 8231 5381 4628 1084 1088 5188 6260 2858 1745 59 362 5813 8335 8730 6801 8935 1196 9187 435 64 9064 8990 6993 1446 1730 8319 4302 4920 2864 2024 4952 333 8190 8575 8590 344 852 5758 3228 8161 9829 1535 3712 3232 1151 1968 9779 5023 8159 2197 3168 3224 7323 2986 4869 2779 9900 9987 9824 5364 6183 6930 497 913 5108 6466 2422 4783 3543 1549 151 4030 4940 3386 5927 4717 6062 7836 9941 7232 6686 5230 9128 2702 3033 3083 7391 5673 7851 2919 4240 4380 6501 6506 2403 8982 1716 1451 5464 1967 4195 3852 9404 8319 6266 923 1955 4740 9021 3027 8360 1005 626 7526 463 7651 3012 6915 8207 9254 8183 9025 2616 8304 384 2729 8299 2079 383 5483 9505 4391 7879 7182 1023 4028 4303 4944 8336 6307 7115 8430 4422 7948 6998 8347 3366 6430 5653 1850 8325 8852 9370 3760 7321 6970 3399 7949 3120 689 7704 8196 7688 402 69 447 8727 3942 8655 6506 8318 83 8736 1589 778 8953 9997 4219 9288 2306 4645 5871 5033 8205 8614 4238 8396 1563 9036 6673 467 4690 8584 1701 2239 4683 2603 1190 9893 3757 7730 6494 3180 7473 3620 3894 9991 7113 9915 9883 4770 3284 7371 6846 2471 875 4977 8529 8855 8350 4902 8115 8525 2008 7700 3504 5402 2723 8541 9749 4687 1877 9388 6562 3558 3 4157 2561 470 6629 7849 3364 8044 6926 2569 449 4377 495 7888 6536 5118 4482 1069 290 201 1966 6593 5173 7690 4693 1107 5605 9195 8477 5259 3641 2632 5009 2157 9766 2961 4456 9211 4399 5348 2595 6894 307 6177 2034 3573 7270 8547 4150 8566 240 6514 8551 156 9843 8414 5677 4079 4616 1871 2439 6109 458 4888 7334 467 8313 2965 2799 9830 6578 2522 3220 7543 6469 9553 3684 4210 2657 1146 9291 9840 3184 9436 3497 5008 5490 4589 4522 4035 7741 3195 4062 211 8953 7871 4639 2626 1011 5968 5828 8519 5866 5904 3513 7322 5905 8774 7508 6685 8627 463 6966 5632 6155 5137 6547 3681 504 2557 6400 225 1648 7578 4204 7213 7201 1147 9484 8229 9990 3058 1520 110 2615 6641 8716 1313 2719 9116 842 9750 4221 478 8099 8081 9607 5373 1632 3521 6119 7046 7549 6045 8137 806 8110 618 9007 1510 9197 1290 223 4554 838 913 4277 4334 6376 3785 4425 2564 1425 4679 9496 153 2357 1276 1887 4473 4406 9111 8893 535 7130 5721 5282 4345 3338 3235 5693 4786 5779 9208 9290 4613 379 8487 6917 1361 1599 2306 1330 5257 2793 8126 8958 5972 4 6770 2958 380 2348 4731 1881 782 1483 3130 3638 3170 114 5264 3987 1739 2333 7111 443 8077 1656 2283 5678 9750 2323 8341 3841 842 7261 4545 3598 4275 9407 1052 674 1016 8308 8153 3981 6175 4157 1350 2088 1003 1562 549 9531 3070 5437 3602 1733 1418 8773 6015 2773 3664 5177 2139 1517 7268 4837 9231 3907 6624 6798 9770 9139 7952 7413 7192 9505 6784 2244 9274 5975 5260 209 1814 1203 9076 9773 7812 8230 3418 1283 2953 5697 1779 1313 9547 3085 8660 5161 2658 1321 7327 5441 7433 9871 9977 8639 90 4188 6466 1534 7319 212 5788 1361 2686 3953 7660 5272 5070 4853 9936 7758 9562 4016 8738 3287 8928 1072 7923 2744 636 5182 6409 5092 2071 8634 2956 4766 5004 4892 9132 1528 6846 2634 5165 1259 5129 4794 6740 6285 8086 1625 337 5995 3630 3421 554 452 9735 2391 9370 7650 2220 8969 1155 2838 1728 763 6062 9284 3793 2374 3082 6905 2337 3933 4338 4893 9831 8484 6051 1277 7731 5027 5083 1064 1653 754 7999 2203 3844 143 1689 6931 5731 9132 3486 7216 6039 912 2481 6608 9888 3126 7822 852 504 2860 6268 6417 545 8955 2527 7483 3583 8383 7686 7288 1764 3839 8942 9154 8227 5692 2194 753 5932 8382 6790 502 3806 6807 6788 9194 9355 5584 375 5726 1215 7039 6043 4331 3117 3130 9837 4577 1084 7206 1283 9555 2125 1911 8560 2158 1617 9847 3070 5656 7198 4990 4051 5727 6859 8657 6980 426 149 4192 2863 7484 4966 327 444 778 8958 5088 9800 1723 2320 7110 3407 226 1714 5326 397 573 4358 9283 5006 7905 8398 2747 8071 5627 2065 6190 6802 5177 9035 8042 3086 2827 2247 5845 7786 6254 38 5270 2735 8438 1104 2535 3256 4569 8274 6375 6794 43 1582 3631 1974 2409 9354 92 4116 1706 2923 5694 2341 5858 1157 3416 7337 9616 2353 7553 5901 3732 4377 9801 6473 6123 7204 4302 4755 9769 6739 5512 7372 4991 1710 5263 2243 9545 1555 8838 4810 9045 1691 2366 815 9809 1345 5388 3964 5245 1384 3711 7331 3628 1861 4934 1804 3761 6270 5029 5478 6745 4550 8900 344 4930 1417 7838 4429 6807 1482 7731 4457 205 2302 405 9187 9933 8975 6345 8976 6911 697 6870 4107 7024 2433 6595 2074 249 9231 7148 1977 1995 4245 7829 5099 2055 3687 9399 7626 9572 2907 7510 3454 3936 9350 8530 2033 6964 4121 9656 2795 4803 4517 6661 5097 3230 4253 5817 3975 7052 1748 7324 8238 1655 9991 8320 9127 4072 7652 8633 9018 9842 5566 5135 6516 7580 1194 961 4171 9676 3436 1039 2183 2657 8261 9503 1236 4075 6298 6681 5023 2063 1965 4818 9296 9681 7535 8044 5212 5003 316 7292 7474 7147 7156 9322 9478 4815 1743 635 9383 7348 5380 9915 463 5379 2008 2403 1562 1884 6107 2548 1305 1214 4521 6082 4175 1118 6146 5313 300 1298 2402 9247 1469 9072 3107 2589 3353 1724 6826 1910 1027 8194 5331 9238 487 8812 9379 3285 1733 2762 30 9231 1055 1346 9401 489 4378 9739 9195 5040 2065 6484 4251 4113 7443 5452 2102 3148 7327 8602 1958 6340 1708 885 261 101 4011 34 7026 5631 419 4544 3518 6686 281 920 8220 3442 8705 4934 4939 1382 2454 8199 4483 58 9502 4909 7565 3727 5932 7745 8393 9982 8137 7811 8739 2746 3642 2970 7017 5933 3820 1016 7478 2865 8958 996 7482 2682 1119 5550 6418 7767 7105 202 19 247 5714 3045 1339 1233 9995 1738 7303 26 4886 7065 576 6312 5505 1889 86 3815 9583 3539 9223 9018 1525 5663 2260 8322 480 6384 7521 3727 3488 138 9280 4804 6258 5185 9429 9682 9309 1386 4328 4348 5106 2977 1454 7238 6248 10 7350 2224 1390 1664 3748 94 2914
2914 94 3748 1664 1390 2224 7350 10 6248 7238 1454 2977 5106 4348 4328 1386 9309 9682 9429 5185 6258 4804 9280 138 3488 3727 7521 6384 480 8322 2260 5663 1525 9018 9223 3539 9583 3815 86 1889 5505 6312 576 7065 4886 26 7303 1738 9995 1233 1339 3045 5714 247 19 202 7105 7767 6418 5550 1119 2682 7482 996 8958 2865 7478 1016 3820 5933 7017 2970 3642 2746 8739 7811 8137 9982 8393 7745 5932 3727 7565 4909 9502 58 4483 8199 2454 1382 4939 4934 8705 3442 8220 920 281 6686 3518 4544 419 5631 7026 34 4011 101 261 885 1708 6340 1958 8602 7327 3148 2102 5452 7443 4113 4251 6484 2065 5040 9195 9739 4378 489 9401 1346 1055 9231 30 2762 1733 3285 9379 8812 487 9238 5331 8194 1027 1910 6826 1724 3353 2589 3107 9072 1469 9247 2402 1298 300 5313 6146 1118 4175 6082 4521 1214 1305 2548 6107 1884 1562 2403 2008 5379 463 9915 5380 7348 9383 635 1743 4815 9478 9322 7156 7147 7474 7292 316 5003 5212 8044 7535 9681 9296 4818 1965 2063 5023 6681 6298 4075 1236 9503 8261 2657 2183 1039 3436 9676 4171 961 1194 7580 6516 5135 5566 9842 9018 8633 7652 4072 9127 8320 9991 1655 8238 7324 1748 7052 3975 5817 4253 3230 5097 6661 4517 4803 2795 9656 4121 6964 2033 8530 9350 3936 3454 7510 2907 9572 7626 9399 3687 2055 5099 7829 4245 1995 1977 7148 9231 249 2074 6595 2433 7024 4107 6870 697 6911 8976 6345 8975 9933 9187 405 2302 205 4457 7731 1482 6807 4429 7838 1417 4930 344 8900 4550 6745 5478 5029 6270 3761 1804 4934 1861 3628 7331 3711 1384 5245 3964 5388 1345 9809 815 2366 1691 9045 4810 8838 1555 9545 2243 5263 1710 4991 7372 5512 6739 9769 4755 4302 7204 6123 6473 9801 4377 3732 5901 7553 2353 9616 7337 3416 1157 5858 2341 5694 2923 1706 4116 92 9354 2409 1974 3631 1582 43 6794 6375 8274 4569 3256 2535 1104 8438 2735 5270 38 6254 7786 5845 2247 2827 3086 8042 9035 5177 6802 6190 2065 5627 8071 2747 8398 7905 5006 9283 4358 573 397 5326 1714 226 3407 7110 2320 1723 9800 5088 8958 778 444 327 4966 7484 2863 4192 149 426 6980 8657 6859 5727 4051 4990 7198 5656 3070 9847 1617 2158 8560 1911 2125 9555 1283 7206 1084 4577 9837 3130 3117 4331 6043 7039 1215 5726 375 5584 9355 9194 6788 6807 3806 502 6790 8382 5932 753 2194 5692 8227 9154 8942 3839 1764 7288 7686 8383 3583 7483 2527 8955 545 6417 6268 2860 504 852 7822 3126 9888 6608 2481 912 6039 7216 3486 9132 5731 6931 1689 143 3844 2203 7999 754 1653 1064 5083 5027 7731 1277 6051 8484 9831 4893 4338 3933 2337 6905 3082 2374 3793 9284 6062 763 1728 2838 1155 8969 2220 7650 9370 2391 9735 452 554 3421 3630 5995 337 1625 8086 6285 6740 4794 5129 1259 5165 2634 6846 1528 9132 4892 5004 4766 2956 8634 2071 5092 6409 5182 636 2744 7923 1072 8928 3287 8738 4016 9562 7758 9936 4853 5070 5272 7660 3953 2686 1361 5788 212 7319 1534 6466 4188 90 8639 9977 9871 7433 5441 7327 1321 2658 5161 8660 3085 9547 1313 1779 5697 2953 1283 3418 8230 7812 9773 9076 1203 1814 209 5260 5975 9274 2244 6784 9505 7192 7413 7952 9139 9770 6798 6624 3907 9231 4837 7268 1517 2139 5177 3664 2773 6015 8773 1418 1733 3602 5437 3070 9531 549 1562 1003 2088 1350 4157 6175 3981 8153 8308 1016 674 1052 9407 4275 3598 4545 7261 842 3841 8341 2323 9750 5678 2283 1656 8077 443 7111 2333 1739 3987 5264 114 3170 3638 3130 1483 782 1881 4731 2348 380 2958 6770 4 5972 8958 8126 2793 5257 1330 2306 1599 1361 6917 8487 379 4613 9290 9208 5779 4786 5693 3235 3338 4345 5282 5721 7130 535 8893 9111 4406 4473 1887 1276 2357 153 9496 4679 1425 2564 4425 3785 6376 4334 4277 913 838 4554 223 1290 9197 1510 9007 618 8110 806 8137 6045 7549 7046 6119 3521 1632 5373 9607 8081 8099 478 4221 9750 842 9116 2719 1313 8716 6641 2615 110 1520 3058 9990 8229 9484 1147 7201 7213 4204 7578 1648 225 6400 2557 504 3681 6547 5137 6155 5632 6966 463 8627 6685 7508 8774 5905 7322 3513 5904 5866 8519 5828 5968 1011 2626 4639 7871 8953 211 4062 3195 7741 4035 4522 4589 5490 5008 3497 9436 3184 9840 9291 1146 2657 4210 3684 9553 6469 7543 3220 2522 6578 9830 2799 2965 8313 467 7334 4888 458 6109 2439 1871 4616 4079 5677 8414 9843 156 8551 6514 240 8566 4150 8547 7270 3573 2034 6177 307 6894 2595 5348 4399 9211 4456 2961 9766 2157 5009 2632 3641 5259 8477 9195 5605 1107 4693 7690 5173 6593 1966 201 290 1069 4482 5118 6536 7888 495 4377 449 2569 6926 8044 3364 7849 6629 470 2561 4157 3 3558 6562 9388 1877 4687 9749 8541 2723 5402 3504 7700 2008 8525 8115 4902 8350 8855 8529 4977 875 2471 6846 7371 3284 4770 9883 9915 7113 9991 3894 3620 7473 3180 6494 7730 3757 9893 1190 2603 4683 2239 1701 8584 4690 467 6673 9036 1563 8396 4238 8614 8205 5033 5871 4645 2306 9288 4219 9997 8953 778 1589 8736 83 8318 6506 8655 3942 8727 447 69 402 7688 8196 7704 689 3120 7949 3399 6970 7321 3760 9370 8852 8325 1850 5653 6430 3366 8347 6998 7948 4422 8430 7115 6307 8336 4944 4303 4028 1023 7182 7879 4391 9505 5483 383 2079 8299 2729 384 8304 2616 9025 8183 9254 8207 6915 3012 7651 463 7526 626 1005 8360 3027 9021 4740 1955 923 6266 8319 9404 3852 4195 1967 5464 1451 1716 8982 2403 6506 6501 4380 4240 2919 7851 5673 7391 3083 3033 2702 9128 5230 6686 7232 9941 7836 6062 4717 5927 3386 4940 4030 151 1549 3543 4783 2422 6466 5108 913 497 6930 6183 5364 9824 9987 9900 2779 4869 2986 7323 3224 3168 2197 8159 5023 9779 1968 1151 3232 3712 1535 9829 8161 3228 5758 852 344 8590 8575 8190 333 4952 2024 2864 4920 4302 8319 1730 1446 6993 8990 9064 64 435 9187 1196 8935 6801 8730 8335 5813 362 59 1745 2858 6260 5188 1088 1084 4628 5381 8231 3605 8114 9538 4871 6046 7593 1172 3119 8109 5198 1578 1058 9973 6853 1774 8934 9853 4084 1010 6776 7619 1591 445 4037 1660 2201 2521 3947 6521 755 6982 62 6518 7130 7916 6328 5171 3893 3206 8674 9297 4509 6171 9966 9177 6791 7619 5900 6964 1072 9566 3765 3573 327 6524 9141 4330 9156 1037 7405 3126 4388 6607 8922 4544 1513 3091 4307 6400 5348 5993 9442 4999 773 241 631 2334 8321 1918 4652 8555 355 1800 8911 3906 9048 5747 9070 3951 8827 2375 1126 4870 9167 1173 5254 1599 6254 5944 3352 7696 117 6852 7377 1871 1408 167 8079 2302 8571 1062 6493 2320 9852 9965 5591 9428 7461 1477 3465 4475 8886 73 485 9638 6963 4768 3740 4171 1526 8609 4301 5609 2474 1512 6357 9059 8707 1953 9214 4139 6099 2705 5935 7195 8119 1394 4564 2530 440 1229 4415 8683 5128 1296 4108 5428 1503 3848 5695 2620 5954 4626 9008 3293 6677 969 3548 4140 2754 2073 1180 2768 797 7474 6731 5968 3074 4896 4807 2678 2762 367 2852 1368 2487 8128 7598 2642 5531 5853 1096 1794 5685 8571 6384 5937 6767 5016 8706 6704 6597 4643 3342 5640 6862 8353 897 5281 8788 4400 993 3541 4344 8369 9610 2262 4374 8048 476 1870 8756 4 5940 5440 7564 9534 8563 8616 5496 167 4925 6638 957 5830 6780 3511 6480 3536 9215 7505 6783 1875 3660 5857 1762 5604 5871 3704 8444 6505 1489 616 9584 1290 3525 467 2164 9936 7607 4983 1475 3534 518 349 4711 3909 940 2152 7763 7957 1862 451 2411 3871 3203 8129 3160 8002 4841 4199 1214 3442 4825 8130 4993 3762 7754 7590 259 7501 4813 7903 7631 568
