2481
2481
2631
NOT_FOUND
8688
2480
2482
2482
2482
2484
2485
NOT_FOUND
2485
2485
8452
3522
8545
2482
3498
1659
2483
2483
2484
3206
9371
379
2486
NOT_FOUND
8907
NOT_FOUND
NOT_FOUND
4975
4136
3638
2485
2487
557
NOT_FOUND
3493
6503
5302
NOT_FOUND
8254
3844
8685
NOT_FOUND
2487
NOT_FOUND
448
1196
2485
2380
3587
956
4260
7152
668
1217
2480
NOT_FOUND
7253
4303
2483
NOT_FOUND
NOT_FOUND
2483
93
3124
2485
3671
1322
NOT_FOUND
1735
3806
6236
9289
2480
NOT_FOUND
1096
8566
7605
6307
NOT_FOUND
2479
4144
NOT_FOUND
5126
NOT_FOUND
3888
1940
NOT_FOUND
3329
595
2478
NOT_FOUND
9186
1484
419
2477
2614
NOT_FOUND
3621
2477
8545
332
2477
2478
5669
2376
3331
6417
2477
7018
1352
4115
3757
2477
7731
3246
4552
2474
7361
2473
9401
14
2473
2474
268
2473
2573
7720
NOT_FOUND
4966
3910
4555
6586
841
2314
NOT_FOUND
381
1985
5605
9257
76
1615
2471
7269
8312
9446
NOT_FOUND
7473
5662
893
2470
2471
210
5844
8701
4253
7289
6612
6604
8114
2473
3543
2474
2474
2474
2474
1746
NOT_FOUND
NOT_FOUND
5410
NOT_FOUND
2473
9338
2473
2473
1504
236
4599
2474
2904
2473
NOT_FOUND
2476
2476
1079
NOT_FOUND
2050
5225
NOT_FOUND
5849
9985
9669
1035
1820
2474
2474
2474
1774
9969
7072
8990
NOT_FOUND
NOT_FOUND
3079
2473
NOT_FOUND
6648
NOT_FOUND
8804
8918
NOT_FOUND
260
2473
2904
2472
3360
2682
964
2469
4500
2468
273
2468
6105
7972
2467
1289
9375
687
875
NOT_FOUND
NOT_FOUND
4757
2466
9960
NOT_FOUND
8354
NOT_FOUND
2473
2473
3646
9326
6241
8452
5117
4137
2440
6794
9521
2470
6942
NOT_FOUND
2472
1480
53
2761
448
2472
5705
2471
5293
1060
NOT_FOUND
2471
9169
NOT_FOUND
NOT_FOUND
3350
NOT_FOUND
1030
174
NOT_FOUND
2470
7925
2469
2469
7575
330
9500
NOT_FOUND
2469
3078
5308
7677
NOT_FOUND
8179
9771
2456
3754
7833
2805
2464
2465
NOT_FOUND
2466
3709
6390
2468
2469
NOT_FOUND
NOT_FOUND
NOT_FOUND
2474
9941
NOT_FOUND
NOT_FOUND
1768
9957
2474
NOT_FOUND
8863
NOT_FOUND
8881
1607
6352
NOT_FOUND
NOT_FOUND
2473
7399
2473
2473
2943
2472
3860
9076
2470
4601
9891
NOT_FOUND
4098
2471
NOT_FOUND
2471
2474
2474
2474
2474
2477
2477
5304
6617
3835
7152
312
7569
6330
1540
NOT_FOUND
5366
2470
NOT_FOUND
2472
2852
2472
7477
2471
9077
4926
NOT_FOUND
2304
7317
NOT_FOUND
6729
126
2470
4787
2470
5617
NOT_FOUND
NOT_FOUND
NOT_FOUND
2470
NOT_FOUND
5292
96
6306
2160
1018
2471
3867
8894
429
9156
2469
7893
9701
NOT_FOUND
6445
2469
4087
2468
2468
NOT_FOUND
3044
NOT_FOUND
9821
3378
3450
7297
9298
2468
4684
NOT_FOUND
2471
2471
5573
9165
2239
2469
1719
NOT_FOUND
2468
2469
2469
9155
8582
5441
8102
4973
2464
NOT_FOUND
2465
2465
8812
6483
3377
5336
9121
2463
9214
NOT_FOUND
NOT_FOUND
NOT_FOUND
2133
2465
489
2465
NOT_FOUND
2465
5147
3102
9641
2464
2464
NOT_FOUND
5940
2464
NOT_FOUND
1925
7130
8828
4927
2464
2464
8725
NOT_FOUND
177
2466
NOT_FOUND
842
3641
2465
2465
3925
2465
921
9721
4694
9227
2464
4550
977
NOT_FOUND
518
NOT_FOUND
2466
7166
NOT_FOUND
2469
884
9391
NOT_FOUND
5360
804
2597
NOT_FOUND
NOT_FOUND
5418
6242
3433
NOT_FOUND
2468
2468
2469
NOT_FOUND
6652
5367
2471
4631
NOT_FOUND
2470
1809
NOT_FOUND
NOT_FOUND
2172
2473
1863
NOT_FOUND
NOT_FOUND
2472
NOT_FOUND
2472
8059
6187
8032
4148
248
7848
2321
NOT_FOUND
7035
2467
4824
2467
321
1546
4832
2466
1914
NOT_FOUND
2467
2467
NOT_FOUND
2467
3995
2468
8690
2469
9735
2469
2469
2469
9767
2837
NOT_FOUND
2468
NOT_FOUND
6139
NOT_FOUND
2468
NOT_FOUND
2468
2233
NOT_FOUND
NOT_FOUND
599
2468
6092
NOT_FOUND
2468
NOT_FOUND
7313
2763
NOT_FOUND
2468
8332
NOT_FOUND
319
NOT_FOUND
6075
7995
4914
2466
3868
2465
2465
2467
NOT_FOUND
2467
2467
866
530
1770
6443
4518
NOT_FOUND
3330
6482
3830
2465
2295
1276
NOT_FOUND
1735
NOT_FOUND
NOT_FOUND
1280
204
9630
5275
2622
NOT_FOUND
3834
2472
5520
2471
NOT_FOUND
4654
8435
8646
2468
888
2468
3132
NOT_FOUND
2469
2469
2469
NOT_FOUND
7845
387
NOT_FOUND
2471
2471
8828
3683
909
5737
2467
NOT_FOUND
2467
2469
NOT_FOUND
2470
5683
NOT_FOUND
3524
2471
3650
3379
3011
4351
6923
2468
8949
NOT_FOUND
2837
9529
NOT_FOUND
NOT_FOUND
2468
NOT_FOUND
2470
1602
NOT_FOUND
NOT_FOUND
2875
1168
2471
3523
NOT_FOUND
814
NOT_FOUND
2474
2474
2381
2474
5168
4987
847
7153
1083
2472
3067
148
2471
105
NOT_FOUND
2470
NOT_FOUND
5765
2543
NOT_FOUND
NOT_FOUND
6503
2471
5976
2471
NOT_FOUND
2471
NOT_FOUND
8507
2470
6451
7637
3729
NOT_FOUND
2467
9961
6719
2465
2291
NOT_FOUND
2468
1494
8641
9254
3076
6013
756
6542
8971
2464
4311
1672
2462
778
NOT_FOUND
NOT_FOUND
5173
2462
NOT_FOUND
1790
3335
2373
7073
535
9877
NOT_FOUND
7098
2463
2172
NOT_FOUND
139
2468
7340
1130
2466
2466
5441
NOT_FOUND
2467
2269
3322
3413
2466
2468
6512
NOT_FOUND
2467
NOT_FOUND
4418
2470
2471
4143
NOT_FOUND
827
NOT_FOUND
NOT_FOUND
NOT_FOUND
2470
NOT_FOUND
2662
4450
2471
2471
1963
4549
2471
2138
5993
6435
NOT_FOUND
2468
NOT_FOUND
6565
1835
2470
1142
3393
3055
6242
3331
3099
4411
1781
527
5210
2462
9014
5088
1615
148
3165
NOT_FOUND
9176
2457
NOT_FOUND
2457
NOT_FOUND
NOT_FOUND
9317
9049
NOT_FOUND
8075
7712
2455
NOT_FOUND
4106
8486
2453
2453
2454
2454
390
NOT_FOUND
2454
3324
3274
8657
NOT_FOUND
9389
2453
NOT_FOUND
2835
2454
NOT_FOUND
2458
5515
1122
NOT_FOUND
9006
6460
NOT_FOUND
2461
7783
7993
3613
2460
2462
626
2462
7034
2461
4235
4140
3054
NOT_FOUND
7542
788
6713
NOT_FOUND
4667
2460
NOT_FOUND
2460
5340
NOT_FOUND
2460
1980
9491
NOT_FOUND
2460
9692
5545
4578
NOT_FOUND
6508
7775
8507
NOT_FOUND
918
1922
2191
7453
2460
NOT_FOUND
2463
1165
NOT_FOUND
NOT_FOUND
2465
2465
2465
1747
177
2927
2469
2250
3111
2467
1281
2467
6792
8094
3549
NOT_FOUND
NOT_FOUND
NOT_FOUND
9167
5074
2708
76
8277
1031
7499
6359
NOT_FOUND
NOT_FOUND
2466
2467
NOT_FOUND
NOT_FOUND
8639
2836
3046
6491
1972
1852
8246
2467
3214
8054
1065
2465
2465
2469
2471
8492
9994
1656
424
NOT_FOUND
NOT_FOUND
2469
7240
5888
1161
3470
2471
9623
8985
6270
2470
9613
2887
2431
6512
2766
5508
2469
2000
8108
5552
4808
NOT_FOUND
1438
3799
4867
328
2462
8543
2461
6414
3974
3874
9945
2457
8400
NOT_FOUND
NOT_FOUND
2457
2459
4178
NOT_FOUND
3090
4498
2458
6056
6532
2510
1884
9599
NOT_FOUND
3731
520
2456
2458
2458
2458
9171
NOT_FOUND
NOT_FOUND
5096
NOT_FOUND
7047
2460
2461
2461
NOT_FOUND
6456
2461
5635
9433
6425
6577
NOT_FOUND
1431
4891
NOT_FOUND
5447
2460
NOT_FOUND
5100
2048
9532
1416
3363
3465
6693
NOT_FOUND
2465
5815
NOT_FOUND
1212
4916
2464
9625
157
2183
2461
2461
NOT_FOUND
4001
2464
2464
3510
NOT_FOUND
NOT_FOUND
6077
NOT_FOUND
9501
NOT_FOUND
3779
5177
7978
2460
2460
6524
1190
2459
9812
438
851
7238
2457
2117
2511
150
2455
9291
NOT_FOUND
5087
5324
7360
2454
2454
2290
5441
3692
NOT_FOUND
NOT_FOUND
720
2452
NOT_FOUND
1924
NOT_FOUND
1853
2453
2249
2453
9024
2452
189
1026
NOT_FOUND
2452
2456
2459
5010
7953
3507
2460
2460
2483
1252
2460
2460
NOT_FOUND
2608
9458
NOT_FOUND
5958
9462
NOT_FOUND
2457
9949
NOT_FOUND
9146
2458
NOT_FOUND
NOT_FOUND
163
2309
NOT_FOUND
NOT_FOUND
2460
2461
2462
NOT_FOUND
1822
7180
3327
NOT_FOUND
9490
2460
7105
5697
918
NOT_FOUND
2460
3608
2460
NOT_FOUND
2463
9881
NOT_FOUND
2992
709
7361
2459
2459
2459
NOT_FOUND
523
2459
1399
4340
1916
5420
2457
2457
4215
9403
NOT_FOUND
5828
3488
2454
NOT_FOUND
2454
596
1298
2455
NOT_FOUND
1783
24
NOT_FOUND
2457
8702
2456
9444
3914
5653
295
706
2453
297
6802
NOT_FOUND
NOT_FOUND
2561
2455
NOT_FOUND
3365
2218
NOT_FOUND
949
6150
NOT_FOUND
8587
5562
2455
2455
NOT_FOUND
NOT_FOUND
3011
NOT_FOUND
1690
741
1762
NOT_FOUND
8650
NOT_FOUND
NOT_FOUND
6825
153
8947
5257
2023
9542
4037
3378
NOT_FOUND
6118
9387
NOT_FOUND
5590
1506
NOT_FOUND
9492
2867
9606
2450
2450
8091
2449
2449
4697
NOT_FOUND
2453
2453
6320
NOT_FOUND
2453
NOT_FOUND
8568
NOT_FOUND
2453
NOT_FOUND
2453
2453
1971
2453
2454
483
2454
NOT_FOUND
3095
2454
2454
2934
4666
8529
NOT_FOUND
2451
6191
2450
2451
NOT_FOUND
3505
4401
NOT_FOUND
NOT_FOUND
2456
2456
1730
9098
NOT_FOUND
NOT_FOUND
2456
6256
NOT_FOUND
7020
NOT_FOUND
NOT_FOUND
NOT_FOUND
876
3576
3972
2170
8006
NOT_FOUND
2458
NOT_FOUND
6841
2458
5765
NOT_FOUND
2459
2587
238
7792
NOT_FOUND
9442
4294
2461
4398
NOT_FOUND
2460
NOT_FOUND
2461
NOT_FOUND
5891
2460
812
NOT_FOUND
5439
2460
2461
6810
4607
2460
NOT_FOUND
2460
920
2460
2460
2460
8777
3053
NOT_FOUND
7263
1130
47
1069
2458
5211
1881
7878
5666
1649
7448
6561
2475
372
NOT_FOUND
NOT_FOUND
2457
NOT_FOUND
604
7518
NOT_FOUND
8568
2712
NOT_FOUND
NOT_FOUND
9390
2463
2464
2464
2464
2464
4829
2465
NOT_FOUND
2465
NOT_FOUND
2048
2466
1446
5785
1401
9198
8066
4329
NOT_FOUND
2469
6693
NOT_FOUND
5004
2467
NOT_FOUND
2469
644
NOT_FOUND
2241
1937
2468
NOT_FOUND
6717
NOT_FOUND
1027
7610
8037
5894
4358
NOT_FOUND
NOT_FOUND
1810
2465
NOT_FOUND
2465
2465
2465
2465
2465
2465
8218
3284
NOT_FOUND
4425
407
2468
2468
NOT_FOUND
4978
2468
31
NOT_FOUND
9305
NOT_FOUND
2468
9826
3820
6
1250
8669
NOT_FOUND
7198
NOT_FOUND
NOT_FOUND
2465
2465
7060
1483
1834
7645
NOT_FOUND
NOT_FOUND
1379
2465
NOT_FOUND
2465
577
6925
2466
2466
2467
8438
5626
2362
NOT_FOUND
9979
6480
1613
NOT_FOUND
6133
1747
4354
NOT_FOUND
6977
2474
2476
2479
2479
5349
2478
8372
6181
7490
5744
9986
5361
2476
473
6517
2478
1365
2477
1045
6253
776
240
NOT_FOUND
NOT_FOUND
NOT_FOUND
2479
2479
3130
9062
9007
9416
9544
6470
5497
2482
NOT_FOUND
2482
7062
2481
9133
NOT_FOUND
699
1981
2479
2479
2479
2479
1684
3236
4879
6629
2475
1128
2474
NOT_FOUND
8608
2476
3051
2477
6304
2053
3335
6917
NOT_FOUND
9222
878
8026
4913
963
3110
1390
NOT_FOUND
6292
2469
9793
2468
2468
2045
8309
NOT_FOUND
NOT_FOUND
8236
551
366
6906
9163
NOT_FOUND
1489
2423
6043
2474
8896
6755
2447
NOT_FOUND
NOT_FOUND
9220
2476
2476
2477
2865
2617
NOT_FOUND
2475
4040
NOT_FOUND
2476
NOT_FOUND
4756
4471
NOT_FOUND
2479
NOT_FOUND
6308
7783
5761
3145
3952
2477
212
2476
2476
1235
7529
2797
2474
4726
486
9139
2471
1205
2094
2472
2472
2472
2883
528
5319
2470
2470
NOT_FOUND
3857
1547
7062
NOT_FOUND
NOT_FOUND
1944
922
NOT_FOUND
NOT_FOUND
4469
8427
2477
NOT_FOUND
2477
2109
3207
6911
NOT_FOUND
2479
NOT_FOUND
4544
5214
2479
6960
9262
2232
2477
4481
3037
8767
6069
543
8315
361
8527
2472
NOT_FOUND
3814
2878
2471
3475
4341
2469
4404
1291
3491
2467
6303
2467
8655
NOT_FOUND
7669
2465
356
5299
2465
2465
6320
5111
NOT_FOUND
2464
3962
6805
NOT_FOUND
290
1830
NOT_FOUND
2464
2464
2584
2463
8359
NOT_FOUND
NOT_FOUND
3562
2464
1621
2463
835
NOT_FOUND
2187 721 2634 6051 7256 3837 912 2443 2907 9684 7971 7789 3592 1712 8560 3933 3587 5134 1025 5671 9494 7747 9706 372 9358 415 1638 5428 784 6570 1498 7521 1577 9883 4937 7032 4318 8555 7033 7255 2837 7724 380 568 6736 9040 2770 6927 4348 4062 3184 4405 4101 4817 4899 7495 3172 4153 1513 6729 3081 540 4419 7397 301 8212 9624 9588 8832 8818 3442 3147 7217 5413 7660 750 1530 2144 9926 952 7607 7801 4515 9979 8290 8714 3334 7673 9771 6262 2663 4444 5571 686 5296 4375 3219 5577 8951 3589 7510 7819 5054 1164 9331 723 6171 7502 2512 8351 3328 4686 3208 8814 6085 4789 8188 769 9356 9290 7885 1592 4235 3113 1203 8160 3087 4863 1403 8586 2650 892 9386 6914 474 1745 6885 5045 6479 8935 1483 395 2031 3901 4637 7581 4519 8482 786 460 8196 9782 9736 5048 1711 7233 7981 6989 8421 9478 1697 6146 2686 9204 832 4714 8181 7675 9237 6448 1569 8070 6599 7682 6673 2829 82 7919 6069 1699 9771 2893 4166 8778 6271 985 9419 5583 5325 2103 792 8973 7710 7000 4624 5603 6315 7400 8768 7291 5093 507 5662 7167 353 894 1566 4693 7182 6184 3072 1533 9882 7739 8041 266 9231 1549 1173 19 7695 5900 7405 5384 8931 6136 2437 544 5241 2648 8351 2169 9043 2546 1014 887 7588 3632 1791 721 2205 5806 4120 720 9172 2350 9833 813 4437 3336 1336 6383 9600 5514 5051 8495 8159 8558 1119 3734 8763 6269 3280 8720 1779 8364 5253 8248 4580 7784 716 1693 9074 7999 8586 919 4995 9418 6895 9586 5090 6755 1713 3811 43 9131 6571 1418 4027 5306 8848 9601 3146 9588 9839 1180 1107 5051 387 1270 658 2706 2281 4325 7663 8990 6727 1917 6860 777 2246 4231 1964 2943 2772 4426 4857 7638 423 4410 3143 3634 1091 4856 1556 5141 9234 7183 2099 6108 5006 2704 1957 433 5607 7259 3809 7610 1196 3557 7728 3578 9354 5625 86 869 7860 2229 4854 1084 5807 3768 5893 6828 1792 8626 8751 5308 8946 3689 8956 6266 4000 3082 3447 8293 3600 2767 370 7819 8788 8887 7146 3586 9005 3015 9028 8091 4803 3990 8484 4035 8475 256 4218 460 898 5484 9392 5721 4582 7908 6680 560 8928 3394 3634 4403 773 6406 4614 362 4671 2870 4263 3744 1715 8543 5583 7320 1375 3398 7752 4504 1746 4141 2316 8855 6001 1094 8808 1978 7230 8879 7159 9328 7108 4457 87 7958 6066 4787 5612 163 511 1630 2771 3794 2308 8337 6594 4593 1697 9198 9700 2126 8514 209 9257 2934 5620 6184 6223 476 4396 3158 9125 8537 9905 8148 7289 2401 4097 5383 1031 5510 7149 3576 4211 3388 714 9541 4983 3657 8704 5125 273 4988 1639 6213 859 682 9227 5153 9931 1368 2217 5531 7766 7756 3201 2417 7158 5870 2271 4814 6067 7713 5316 2042 8219 2976 5737 741 1106 7668 2235 2314 6071 347 4307 5512 7954 1240 4873 6637 3311 8357 3088 4709 9810 8549 2564 7253 5190 8249 293 5999 4447 7030 9962 6494 2029 6883 9157 4934 3652 2743 316 3510 2909 9405 2741 2983 1292 912 9030 4970 647 789 8795 3322 23 482 649 9032 1790 7278 4745 3075 2313 6197 6524 4722 9185 702 9794 3152 7835 6588 9837 8492 2642 5699 647 2265 5261 1090 5201 1131 9417 367 9453 5236 4354 4390 3777 5197 4969 3628 9887 653 1196 7776 5070 6729 2514 8449 7449 2472 4635 4780 8361 6976 1014 2613 6391 4188 6125 6598 2946 1161 2739 7214 8148 9410 752 612 1660 583 3378 4580 7702 8242 1271 7791 1881 6422 4679 7557 2204 2374 5906 3489 638 6424 40 4039 7013 8607 5702 1534 648 8855 1899 6746 9291 6396 5165 2890 2625 9222 4843 3454 4934 5377 7644 535 642 7315 6853 4350 4417 7175 2873 667 6303 2572 4802 1354 8895 7275 7274 7640 2555 8868 7976 4085 2271 1642 4401 4027 8998 907 9621 7121 3437 7675 5061 1840 6679 8372 8106 6498 1108 2372 3136 8726 3509 8884 7580 466 3136 3052 3198 474 2197 5030 1442 1063 2951 7713 8818 8317 9852 1725 1324 9301 8944 6175 7610 1125 6197 1465 7397 4273 3854 662 3443 1088 9933 2279 9205 7842 1067 9767 6439 6823 9524 324 8894 1330 9821 7919 1120 3149 101 3264 3266 7735 9676 2991 5728 6134 8373 94 1591 283 7140 6559 6225 4871 7080 4655 894 794 4536 2380 3266 503 2531 1195 9747 2565 3375 1207 6364 5348 1250 9737 3216 4615 3181 8087 4025 5610 3633 3583 4775 5219 8645 474 4139 6919 7398 4492 9578 4775 864 2717 8597 7770 103 1485 6569 9237 4387 8692 1429 6564 61 5420 3650 9919 6551 3129 159 7102 8749 1179 9919 5347 6728 6503 9690 1993 401 3643 984 9041 2639 3683 5869 639 8751 7482 2975 5462 2708 8487 4702 912 1547 8234 7398 7272 3626 8489 7231 6163 2685 8087 9996 2360 283 3768 3766 9079 2737 9417 2165 4239 1674 2418 8265 6440 4754 6465 7506 9848 9233 8052 2062 4563 4812 8601 384 8578 5964 4805 8471 1705 846 6784 1399 2298 550 2575 3000 6712 5801 4975 3252 6826 7397 5070 436 6330 5056 9734 4558 6797 1425 4826 4810 5627 5898 5756 5937 9597 2963 7711 2279 6241 6973 261 2637 6189 9505 7226 6801 2357 9515 2787 9021 3888 4056 6010 7265 8675 7852 8275 8369 7148 5887 9049 8032 9 4466 1891 1620 7389 3569 7870 4038 1670 4966 7778 6728 1914 1769 5132 3675 2849 6063 5459 285 5304 2189 7146 5252 2749 3422 3189 9622 4050 894 5007 9293 3896 5524 4373 5207 5091 2179 4353 6817 2708 2654 2690 4236 6212 778 3590 5314 2539 3723 4025 1482 1057 2145 9356 9687 9564 1842 784 6513 4431 5266 3109 410 7350 2215 7320 2226 6547 5612 3309 9430 9697 8210 3189 1169 9423 566 1829 2783 4747 2595 9609 4343 2223 8513 2619 4070 2777 6838 7195 5325 7289 115 3095 3421 6147 3489 8049 4711 8411 3905 6987 6876 9017 9476 2212 8256 4037 1875 2691 9890 3666 5174 1312 2047 9623 928 1195 5846 6646 7333 5240 7285 393 1997 6903 287 3782 6455 8678 4575 7691 1996 8218 5907 7800 6684 1594 2839 1355 3222 4036 3245 1374 9468 188 7540 870 667 9600 8724 5595 6714 6799 627 3494 3304 1321 5373 2689 8833 6280 7682 5327 522 679 3198 3119 2599 8384 4498 771 4806 3485 3151 2459 2529 5500 6783 4376 2166 3748 2111 9866 9912 8298 4042 6748 8884 8132 86 7527 7686 6965 1371 4684 6681 8387 9183 8576 3919 6051 7071 2084 3228 4635 9657 2284 1728 4887 6727 1458 8547 1405 8157 3342 8495 1839 2752 309 5595 7351 4850 2925 8372 7368 2819 483 8935 7357 1157 401 9502 8935 5390 3407 8406 252 4531 1840 8802 8378 7578 3786 3556 7178 4733 558 7464 7558 7366 3921 6077 5147 2447 9424 4217 7454 4837 1122 1106 8428 5495 1727 9455 7640 3962 2318 755 2779 2193 730 8276 2367 1384 3773 8117 8104 1402 1351 2158 9470 5633 1993 3656 3514 4985 1809 9511 9414 2150 5132 7258 1371 1354 2639 6375 661 4122 7877 111 1683 1491 5412 5929 5122 5278 507 6479 4321 5319 5288 3993 5490 5064 2135 9811 8317 9274 5743 4681 2889 1167 5695 4275 7243 9089 4223 7300 7450 4417 3607 1867 6551 4446 4883 5759 9149 6993 2239 3297 4196 6034 693 3357 5421 4135 9551 8339 9646 7376 4776 1795 965 5374 608 7816 33 8461 5386 6879 5432 2728 5750 8872 5506 1296 1448 1072 7371 9018 2973 626 8237 6298 4043 6670 6533 8469 4644 2595 3536 2622 3904 6822 3792 9344 2970 4397 5153 9505 1032 758 4259 9057 7661 625 6382 6976 7472 1723 3216 7419 2463 6674 8988 9153 3028 6504 1874 2290 5610 169 2301 9066 9890 8305 9478 38 137 1379 8954 4254 7534 928 7181 6419 6154 1582 2729 1026 1616 8926 3543 8501 9087 4109 1686 4998 485 8062 786 3892 2249 1723 6680 610 8231 4385 9060 4921 1094 9409 4337 5110 6922 4178 2178 9401 9972 466 4911 9994 2355 9657 2622 7342 9052 9894 4752 3816 5966 1367 3497 1838 7204 9448 6310 1333 8279 9854 3879 7107 9584 148 3616 6115 9949 6992 9010 1050 9145 5204 4451 6277 5454 2922 6316 8230 2519 7587 7237 9984 441 3085 5692 1637 7604 8701 6178 3852 7838 685 5321 5326 5628 2260 5376 299 4036 9156 1546 58 1173 7108 876 3917 9698 2815 6179 2631 1730 3574 580 2771 7866 7792 3667 1467 5877 6147 198 4698 4723 8034 6293 4682 547 414 8498 635 579 3113 3978 386 6998 1446 1443 7118 5831 1559 8886 4949 8948 552 6200 5079 3630 3562 8175 5836 7984 715 9670 7080 6305 5046 6249 9985 3828 3637 1316 5929 746 4830 4829 9311 9913 7149 4608 6857 9312 2448 8673 9886 2273 3249 7711 7856 955 9225 4928 6802 765 2154 911 987 830 2647 7508 5820 9699 8988 4834 1245 9484 5167 5171 1290 7592 6329 3236 2600 2257 9724 1934 8119 8076 4947 1731 9849 7454 5452 9767 7934 3377 4180 2571 2674 9159 4023 2790 9254 515 4890 2635 2620 6011 3181 4075 2212 2040 2691 2060 4252 8124 2163 4685 9424 5855 4050 6661 7713 1163 1216 1750 3114 627 3908 5603 7116 2908 2204 9021 4039 9253 2588 7040 5827 4100 5522 2019 3260 4575 8227 4893 8680 2834 4993 1335 7359 4029 9063 9918 3020 3466 6276 9066 8714 3295 8324 8337 2700 3307 1357 6573 9211 2569 9917 8235 7296 281 7050 9535 1704 2329 7564 7143 9112 7187 9889 5925 4960 1014 666 9255 4987 9288 6328 5935 410 3130 8278 2965 6363 7829 1069 4697 9467 4400 3904 7407 5483 8347 4954 2873 3721 9638 667 7916 5016 6521 3873 3784 7507 5403 1567 9540 3959 6971 1283 1144 509 7971 2959 2892 3398 5780 4319 3615 9947 7750 9560 987 5740 2828 5822 3465 1135 2732 770 2049 6364 1770 9371 1529 9718 9899 1498 1060 9990 1859 2813 2730 3696 670 2131 5009 5838 3519 7274 1214 894 2877 8797 2398 6878 7025 4553 4268 9838 700 4728 3487 2000 7886 6689 4932 6372 7917 3444 6678 6772 5955 7729 7461 6312 1888 3839 9891 5265 882 3367 5156 82 8028 7773 3032 5486 3903 9769 9000 6248 3000 4154 2846 6860 1960 700 3089 5668 391 796 1539 4495 670 4820 287 5759 1346 8129 620 9434 5284 494 9120 3094 7386 8990 4053 3898 4747 6043 2392 8607 2368 7017 215 1150 3878 9186 6756 3723 1118 8577 1931 2171 2538 7955 9692 4405 34 6567 4937 1328 2864 4246 5803 3953 6540 5498 2236 1453 8704 9369 5611 8847 8042 7344 7747 7780 1309 4690 9367 8698 3957 9146 8303 2527 9959 2473 6904 8016 2953 5557 9769 6079 1087 4949 4166 967 5979 9389 3115 4524 4240 3628 2354 6719 807 1643 3948 133 6366 8120 16 2550 2540 4160 5770 1625 8747 2493 4808 6950 6173 8847 6315 4105 4562 2618 3893 791 5187 1749 7834 7518 4455 2300 3620 4930 6440 3568 781 2722 2163 2090 6330 9517 5029 7623 7429 7923 9868 6541 2820 6601 7734 7183 5191 3589 1075 512 1555 8743 6557 3577 7371 2714 2581 8647 980 7460 1993 1493 5931 271 965 9531 2903 7290 745 8630 6680 8054 3862 1743 6752 439 1962 2405 5095 8220 4958 4049 5642 5166 6392 9368 5578 8160 5100 8818 558 4806 6117 8138 518 5509 6166 906 4985 1314 5419 8795 1525 3199 7160 4180 3485 4265 362 4679 1755 4034 9904 3838 8749 8790 779 4674 2272 5386 4438 7114 2571 3949 9631 9874 6582 1577 8136 4537 5385 666 1317 1189 1144 1767 3158 5009 5970 9543 2993 1133 6949 4664 1008 5177 5788 2397 6078 8129 1800 905 3485 5050 5765 411 582 523 2907 7339 3316 1125 760 7476 3485 9390 4512 2510 2878 8240 5728 6591 1156 8160 3332 4651 7136 8709 315 4165 9065 6770 8324 7200 690 8756 9558 6772 8376 5191 9922 7835 8282 7165 798 5568 820 8819 4261 4858 5577 1096 7601 6259 1711 3653 9534 6273 3687 2650 1023 1076 6218 8701 3288 344 7462 1326 5764 5785 5709 5521 9952 9151 8112 2332 1914 4310 2376 7338 5254 9447 157 583 7165 8899 6339 9261 4584 1798 9551 7046 4692 8558 3556 2479 7331 2333 7640 6020 7955 521 4785 4657 1440 831 3617 6800 1936 6480 8043 846 5452 7991 2785 3720 9115 449 1421 2035 5186 4769 1519 8047 5469 3082 9081 8530 4843 8996 6193 6993 7716 4736 8235 2561 3361 5476 1796 1299 3101 3840 3136 266 5977 8059 6127 8478 3185 7181 1970 7616 8443 8220 8051 8087 1504 9188 9596 2797 7061 1635 6879 9760 324 9537 9947 1826 4772 1608 946 1411 3312 4015 5622 9218 9062 622 6847 4219 3613 9501 4283 4667 6033 8016 7789 3728 6642 4740 6340 8781 3774 7950 5424 8705 9370 6938 2561 4997 4565 72 4679 6973 4134 3712 5385 9379 8900 8714 292 6777 419 4117 8476 7893 6681 9011 2601 5606 5640 2658 1357 546 4067 9906 9648 6220 3567 9261 2212 5261 4272 8302 3087 6741 9188 1529 4169 1823 8528 8989 7997 7475 9401 6856 3071 5222 6403 5907 3256 866 3142 9364 2697 4181 1008 2868 1933 9896 9811 3690 259 6521 1146 8588 216 2420 4560 6029 5478 1595 7367 2494 439 5683 4317 2498 7183 6108 6109 8417 6770 4773 3068 6911 2183 8961 1353 7771 8249 7565 7404 7701 8433 9065 8770 2631 7641 2937 7809 5231 214 1424 3346 143 3126 7811 193 8638 9125 9035 4039 136 3767 5410 1233 6645 5044 6681 3788 6272 1857 8399 7755 9078 2428 4865 2214 3219 7256 2373 3528 7389 8609 5566 183 9342 4244 6325 1656 3663 7194 8452 8875 1645 9931 3002 9885 4118 7177 1347 5567 634 1888 5378 6872 6383 8931 2304 3162 1190 7729 5854 5078 274 9185 565 7661 2266 3805 9146 2884 2312 1186 6192 3488 2116 6263 9861 9631 2100 217 358 5124 1214 4106 3425 7896 1194 2963 1115 1642 2823 1105 6847 9539 6869 5787 3344 1981 4649 9142 7018 3465 9641 9177 7519 2890 5896 2014 369 6920 3396 2031 9011 1993 1632 1386 3518 2637 4594 8495 3884 677 9506 9703 8694 8778 1891 2257 2013
2013 2257 1891 8778 8694 9703 9506 677 3884 8495 4594 2637 3518 1386 1632 1993 9011 2031 3396 6920 369 2014 5896 2890 7519 9177 9641 3465 7018 9142 4649 1981 3344 5787 6869 9539 6847 1105 2823 1642 1115 2963 1194 7896 3425 4106 1214 5124 358 217 2100 9631 9861 6263 2116 3488 6192 1186 2312 2884 9146 3805 2266 7661 565 9185 274 5078 5854 7729 1190 3162 2304 8931 6383 6872 5378 1888 634 5567 1347 7177 4118 9885 3002 9931 1645 8875 8452 7194 3663 1656 6325 4244 9342 183 5566 8609 7389 3528 2373 7256 3219 2214 4865 2428 9078 7755 8399 1857 6272 3788 6681 5044 6645 1233 5410 3767 136 4039 9035 9125 8638 193 7811 3126 143 3346 1424 214 5231 7809 2937 7641 2631 8770 9065 8433 7701 7404 7565 8249 7771 1353 8961 2183 6911 3068 4773 6770 8417 6109 6108 7183 2498 4317 5683 439 2494 7367 1595 5478 6029 4560 2420 216 8588 1146 6521 259 3690 9811 9896 1933 2868 1008 4181 2697 9364 3142 866 3256 5907 6403 5222 3071 6856 9401 7475 7997 8989 8528 1823 4169 1529 9188 6741 3087 8302 4272 5261 2212 9261 3567 6220 9648 9906 4067 546 1357 2658 5640 5606 2601 9011 6681 7893 8476 4117 419 6777 292 8714 8900 9379 5385 3712 4134 6973 4679 72 4565 4997 2561 6938 9370 8705 5424 7950 3774 8781 6340 4740 6642 3728 7789 8016 6033 4667 4283 9501 3613 4219 6847 622 9062 9218 5622 4015 3312 1411 946 1608 4772 1826 9947 9537 324 9760 6879 1635 7061 2797 9596 9188 1504 8087 8051 8220 8443 7616 1970 7181 3185 8478 6127 8059 5977 266 3136 3840 3101 1299 1796 5476 3361 2561 8235 4736 7716 6993 6193 8996 4843 8530 9081 3082 5469 8047 1519 4769 5186 2035 1421 449 9115 3720 2785 7991 5452 846 8043 6480 1936 6800 3617 831 1440 4657 4785 521 7955 6020 7640 2333 7331 2479 3556 8558 4692 7046 9551 1798 4584 9261 6339 8899 7165 583 157 9447 5254 7338 2376 4310 1914 2332 8112 9151 9952 5521 5709 5785 5764 1326 7462 344 3288 8701 6218 1076 1023 2650 3687 6273 9534 3653 1711 6259 7601 1096 5577 4858 4261 8819 820 5568 798 7165 8282 7835 9922 5191 8376 6772 9558 8756 690 7200 8324 6770 9065 4165 315 8709 7136 4651 3332 8160 1156 6591 5728 8240 2878 2510 4512 9390 3485 7476 760 1125 3316 7339 2907 523 582 411 5765 5050 3485 905 1800 8129 6078 2397 5788 5177 1008 4664 6949 1133 2993 9543 5970 5009 3158 1767 1144 1189 1317 666 5385 4537 8136 1577 6582 9874 9631 3949 2571 7114 4438 5386 2272 4674 779 8790 8749 3838 9904 4034 1755 4679 362 4265 3485 4180 7160 3199 1525 8795 5419 1314 4985 906 6166 5509 518 8138 6117 4806 558 8818 5100 8160 5578 9368 6392 5166 5642 4049 4958 8220 5095 2405 1962 439 6752 1743 3862 8054 6680 8630 745 7290 2903 9531 965 271 5931 1493 1993 7460 980 8647 2581 2714 7371 3577 6557 8743 1555 512 1075 3589 5191 7183 7734 6601 2820 6541 9868 7923 7429 7623 5029 9517 6330 2090 2163 2722 781 3568 6440 4930 3620 2300 4455 7518 7834 1749 5187 791 3893 2618 4562 4105 6315 8847 6173 6950 4808 2493 8747 1625 5770 4160 2540 2550 16 8120 6366 133 3948 1643 807 6719 2354 3628 4240 4524 3115 9389 5979 967 4166 4949 1087 6079 9769 5557 2953 8016 6904 2473 9959 2527 8303 9146 3957 8698 9367 4690 1309 7780 7747 7344 8042 8847 5611 9369 8704 1453 2236 5498 6540 3953 5803 4246 2864 1328 4937 6567 34 4405 9692 7955 2538 2171 1931 8577 1118 3723 6756 9186 3878 1150 215 7017 2368 8607 2392 6043 4747 3898 4053 8990 7386 3094 9120 494 5284 9434 620 8129 1346 5759 287 4820 670 4495 1539 796 391 5668 3089 700 1960 6860 2846 4154 3000 6248 9000 9769 3903 5486 3032 7773 8028 82 5156 3367 882 5265 9891 3839 1888 6312 7461 7729 5955 6772 6678 3444 7917 6372 4932 6689 7886 2000 3487 4728 700 9838 4268 4553 7025 6878 2398 8797 2877 894 1214 7274 3519 5838 5009 2131 670 3696 2730 2813 1859 9990 1060 1498 9899 9718 1529 9371 1770 6364 2049 770 2732 1135 3465 5822 2828 5740 987 9560 7750 9947 3615 4319 5780 3398 2892 2959 7971 509 1144 1283 6971 3959 9540 1567 5403 7507 3784 3873 6521 5016 7916 667 9638 3721 2873 4954 8347 5483 7407 3904 4400 9467 4697 1069 7829 6363 2965 8278 3130 410 5935 6328 9288 4987 9255 666 1014 4960 5925 9889 7187 9112 7143 7564 2329 1704 9535 7050 281 7296 8235 9917 2569 9211 6573 1357 3307 2700 8337 8324 3295 8714 9066 6276 3466 3020 9918 9063 4029 7359 1335 4993 2834 8680 4893 8227 4575 3260 2019 5522 4100 5827 7040 2588 9253 4039 9021 2204 2908 7116 5603 3908 627 3114 1750 1216 1163 7713 6661 4050 5855 9424 4685 2163 8124 4252 2060 2691 2040 2212 4075 3181 6011 2620 2635 4890 515 9254 2790 4023 9159 2674 2571 4180 3377 7934 9767 5452 7454 9849 1731 4947 8076 8119 1934 9724 2257 2600 3236 6329 7592 1290 5171 5167 9484 1245 4834 8988 9699 5820 7508 2647 830 987 911 2154 765 6802 4928 9225 955 7856 7711 3249 2273 9886 8673 2448 9312 6857 4608 7149 9913 9311 4829 4830 746 5929 1316 3637 3828 9985 6249 5046 6305 7080 9670 715 7984 5836 8175 3562 3630 5079 6200 552 8948 4949 8886 1559 5831 7118 1443 1446 6998 386 3978 3113 579 635 8498 414 547 4682 6293 8034 4723 4698 198 6147 5877 1467 3667 7792 7866 2771 580 3574 1730 2631 6179 2815 9698 3917 876 7108 1173 58 1546 9156 4036 299 5376 2260 5628 5326 5321 685 7838 3852 6178 8701 7604 1637 5692 3085 441 9984 7237 7587 2519 8230 6316 2922 5454 6277 4451 5204 9145 1050 9010 6992 9949 6115 3616 148 9584 7107 3879 9854 8279 1333 6310 9448 7204 1838 3497 1367 5966 3816 4752 9894 9052 7342 2622 9657 2355 9994 4911 466 9972 9401 2178 4178 6922 5110 4337 9409 1094 4921 9060 4385 8231 610 6680 1723 2249 3892 786 8062 485 4998 1686 4109 9087 8501 3543 8926 1616 1026 2729 1582 6154 6419 7181 928 7534 4254 8954 1379 137 38 9478 8305 9890 9066 2301 169 5610 2290 1874 6504 3028 9153 8988 6674 2463 7419 3216 1723 7472 6976 6382 625 7661 9057 4259 758 1032 9505 5153 4397 2970 9344 3792 6822 3904 2622 3536 2595 4644 8469 6533 6670 4043 6298 8237 626 2973 9018 7371 1072 1448 1296 5506 8872 5750 2728 5432 6879 5386 8461 33 7816 608 5374 965 1795 4776 7376 9646 8339 9551 4135 5421 3357 693 6034 4196 3297 2239 6993 9149 5759 4883 4446 6551 1867 3607 4417 7450 7300 4223 9089 7243 4275 5695 1167 2889 4681 5743 9274 8317 9811 2135 5064 5490 3993 5288 5319 4321 6479 507 5278 5122 5929 5412 1491 1683 111 7877 4122 661 6375 2639 1354 1371 7258 5132 2150 9414 9511 1809 4985 3514 3656 1993 5633 9470 2158 1351 1402 8104 8117 3773 1384 2367 8276 730 2193 2779 755 2318 3962 7640 9455 1727 5495 8428 1106 1122 4837 7454 4217 9424 2447 5147 6077 3921 7366 7558 7464 558 4733 7178 3556 3786 7578 8378 8802 1840 4531 252 8406 3407 5390 8935 9502 401 1157 7357 8935 483 2819 7368 8372 2925 4850 7351 5595 309 2752 1839 8495 3342 8157 1405 8547 1458 6727 4887 1728 2284 9657 4635 3228 2084 7071 6051 3919 8576 9183 8387 6681 4684 1371 6965 7686 7527 86 8132 8884 6748 4042 8298 9912 9866 2111 3748 2166 4376 6783 5500 2529 2459 3151 3485 4806 771 4498 8384 2599 3119 3198 679 522 5327 7682 6280 8833 2689 5373 1321 3304 3494 627 6799 6714 5595 8724 9600 667 870 7540 188 9468 1374 3245 4036 3222 1355 2839 1594 6684 7800 5907 8218 1996 7691 4575 8678 6455 3782 287 6903 1997 393 7285 5240 7333 6646 5846 1195 928 9623 2047 1312 5174 3666 9890 2691 1875 4037 8256 2212 9476 9017 6876 6987 3905 8411 4711 8049 3489 6147 3421 3095 115 7289 5325 7195 6838 2777 4070 2619 8513 2223 4343 9609 2595 4747 2783 1829 566 9423 1169 3189 8210 9697 9430 3309 5612 6547 2226 7320 2215 7350 410 3109 5266 4431 6513 784 1842 9564 9687 9356 2145 1057 1482 4025 3723 2539 5314 3590 778 6212 4236 2690 2654 2708 6817 4353 2179 5091 5207 4373 5524 3896 9293 5007 894 4050 9622 3189 3422 2749 5252 7146 2189 5304 285 5459 6063 2849 3675 5132 1769 1914 6728 7778 4966 1670 4038 7870 3569 7389 1620 1891 4466 9 8032 9049 5887 7148 8369 8275 7852 8675 7265 6010 4056 3888 9021 2787 9515 2357 6801 7226 9505 6189 2637 261 6973 6241 2279 7711 2963 9597 5937 5756 5898 5627 4810 4826 1425 6797 4558 9734 5056 6330 436 5070 7397 6826 3252 4975 5801 6712 3000 2575 550 2298 1399 6784 846 1705 8471 4805 5964 8578 384 8601 4812 4563 2062 8052 9233 9848 7506 6465 4754 6440 8265 2418 1674 4239 2165 9417 2737 9079 3766 3768 283 2360 9996 8087 2685 6163 7231 8489 3626 7272 7398 8234 1547 912 4702 8487 2708 5462 2975 7482 8751 639 5869 3683 2639 9041 984 3643 401 1993 9690 6503 6728 5347 9919 1179 8749 7102 159 3129 6551 9919 3650 5420 61 6564 1429 8692 4387 9237 6569 1485 103 7770 8597 2717 864 4775 9578 4492 7398 6919 4139 474 8645 5219 4775 3583 3633 5610 4025 8087 3181 4615 3216 9737 1250 5348 6364 1207 3375 2565 9747 1195 2531 503 3266 2380 4536 794 894 4655 7080 4871 6225 6559 7140 283 1591 94 8373 6134 5728 2991 9676 7735 3266 3264 101 3149 1120 7919 9821 1330 8894 324 9524 6823 6439 9767 1067 7842 9205 2279 9933 1088 3443 662 3854 4273 7397 1465 6197 1125 7610 6175 8944 9301 1324 1725 9852 8317 8818 7713 2951 1063 1442 5030 2197 474 3198 3052 3136 466 7580 8884 3509 8726 3136 2372 1108 6498 8106 8372 6679 1840 5061 7675 3437 7121 9621 907 8998 4027 4401 1642 2271 4085 7976 8868 2555 7640 7274 7275 8895 1354 4802 2572 6303 667 2873 7175 4417 4350 6853 7315 642 535 7644 5377 4934 3454 4843 9222 2625 2890 5165 6396 9291 6746 1899 8855 648 1534 5702 8607 7013 4039 40 6424 638 3489 5906 2374 2204 7557 4679 6422 1881 7791 1271 8242 7702 4580 3378 583 1660 612 752 9410 8148 7214 2739 1161 2946 6598 6125 4188 6391 2613 1014 6976 8361 4780 4635 2472 7449 8449 2514 6729 5070 7776 1196 653 9887 3628 4969 5197 3777 4390 4354 5236 9453 367 9417 1131 5201 1090 5261 2265 647 5699 2642 8492 9837 6588 7835 3152 9794 702 9185 4722 6524 6197 2313 3075 4745 7278 1790 9032 649 482 23 3322 8795 789 647 4970 9030 912 1292 2983 2741 9405 2909 3510 316 2743 3652 4934 9157 6883 2029 6494 9962 7030 4447 5999 293 8249 5190 7253 2564 8549 9810 4709 3088 8357 3311 6637 4873 1240 7954 5512 4307 347 6071 2314 2235 7668 1106 741 5737 2976 8219 2042 5316 7713 6067 4814 2271 5870 7158 2417 3201 7756 7766 5531 2217 1368 9931 5153 9227 682 859 6213 1639 4988 273 5125 8704 3657 4983 9541 714 3388 4211 3576 7149 5510 1031 5383 4097 2401 7289 8148 9905 8537 9125 3158 4396 476 6223 6184 5620 2934 9257 209 8514 2126 9700 9198 1697 4593 6594 8337 2308 3794 2771 1630 511 163 5612 4787 6066 7958 87 4457 7108 9328 7159 8879 7230 1978 8808 1094 6001 8855 2316 4141 1746 4504 7752 3398 1375 7320 5583 8543 1715 3744 4263 2870 4671 362 4614 6406 773 4403 3634 3394 8928 560 6680 7908 4582 5721 9392 5484 898 460 4218 256 8475 4035 8484 3990 4803 8091 9028 3015 9005 3586 7146 8887 8788 7819 370 2767 3600 8293 3447 3082 4000 6266 8956 3689 8946 5308 8751 8626 1792 6828 5893 3768 5807 1084 4854 2229 7860 869 86 5625 9354 3578 7728 3557 1196 7610 3809 7259 5607 433 1957 2704 5006 6108 2099 7183 9234 5141 1556 4856 1091 3634 3143 4410 423 7638 4857 4426 2772 2943 1964 4231 2246 777 6860 1917 6727 8990 7663 4325 2281 2706 658 1270 387 5051 1107 1180 9839 9588 3146 9601 8848 5306 4027 1418 6571 9131 43 3811 1713 6755 5090 9586 6895 9418 4995 919 8586 7999 9074 1693 716 7784 4580 8248 5253 8364 1779 8720 3280 6269 8763 3734 1119 8558 8159 8495 5051 5514 9600 6383 1336 3336 4437 813 9833 2350 9172 720 4120 5806 2205 721 1791 3632 7588 887 1014 2546 9043 2169 8351 2648 5241 544 2437 6136 8931 5384 7405 5900 7695 19 1173 1549 9231 266 8041 7739 9882 1533 3072 6184 7182 4693 1566 894 353 7167 5662 507 5093 7291 8768 7400 6315 5603 4624 7000 7710 8973 792 2103 5325 5583 9419 985 6271 8778 4166 2893 9771 1699 6069 7919 82 2829 6673 7682 6599 8070 1569 6448 9237 7675 8181 4714 832 9204 2686 6146 1697 9478 8421 6989 7981 7233 1711 5048 9736 9782 8196 460 786 8482 4519 7581 4637 3901 2031 395 1483 8935 6479 5045 6885 1745 474 6914 9386 892 2650 8586 1403 4863 3087 8160 1203 3113 4235 1592 7885 9290 9356 769 8188 4789 6085 8814 3208 4686 3328 8351 2512 7502 6171 723 9331 1164 5054 7819 7510 3589 8951 5577 3219 4375 5296 686 5571 4444 2663 6262 9771 7673 3334 8714 8290 9979 4515 7801 7607 952 9926 2144 1530 750 7660 5413 7217 3147 3442 8818 8832 9588 9624 8212 301 7397 4419 540 3081 6729 1513 4153 3172 7495 4899 4817 4101 4405 3184 4062 4348 6927 2770 9040 6736 568 380 7724 2837 7255 7033 8555 4318 7032 4937 9883 1577 7521 1498 6570 784 5428 1638 415 9358 372 9706 7747 9494 5671 1025 5134 3587 3933 8560 1712 3592 7789 7971 9684 2907 2443 912 3837 7256 6051 2634 721 2187
2187 721 2634 6051 7256 3837 912 2443 2907 9684 7971 7789 3592 1712 8560 3933 3587 5134 1025 5671 9494 7747 9706 372 9358 415 1638 5428 784 6570 1498 7521 1577 9883 4937 7032 4318 8555 7033 7255 2837 7724 380 568 6736 9040 2770 6927 4348 4062 3184 4405 4101 4817 4899 7495 3172 4153 1513 6729 3081 540 4419 7397 301 8212 9624 9588 8832 8818 3442 3147 7217 5413 7660 750 1530 2144 9926 952 7607 7801 4515 9979 8290 8714 3334 7673 9771 6262 2663 4444 5571 686 5296 4375 3219 5577 8951 3589 7510 7819 5054 1164 9331 723 6171 7502 2512 8351 3328 4686 3208 8814 6085 4789 8188 769 9356 9290 7885 1592 4235 3113 1203 8160 3087 4863 1403 8586 2650 892 9386 6914 474 1745 6885 5045 6479 8935 1483 395 2031 3901 4637 7581 4519 8482 786 460 8196 9782 9736 5048 1711 7233 7981 6989 8421 9478 1697 6146 2686 9204 832 4714 8181 7675 9237 6448 1569 8070 6599 7682 6673 2829 82 7919 6069 1699 9771 2893 4166 8778 6271 985 9419 5583 5325 2103 792 8973 7710 7000 4624 5603 6315 7400 8768 7291 5093 507 5662 7167 353 894 1566 4693 7182 6184 3072 1533 9882 7739 8041 266 9231 1549 1173 19 7695 5900 7405 5384 8931 6136 2437 544 5241 2648 8351 2169 9043 2546 1014 887 7588 3632 1791 721 2205 5806 4120 720 9172 2350 9833 813 4437 3336 1336 6383 9600 5514 5051 8495 8159 8558 1119 3734 8763 6269 3280 8720 1779 8364 5253 8248 4580 7784 716 1693 9074 7999 8586 919 4995 9418 6895 9586 5090 6755 1713 3811 43 9131 6571 1418 4027 5306 8848 9601 3146 9588 9839 1180 1107 5051 387 1270 658 2706 2281 4325 7663 8990 6727 1917 6860 777 2246 4231 1964 2943 2772 4426 4857 7638 423 4410 3143 3634 1091 4856 1556 5141 9234 7183 2099 6108 5006 2704 1957 433 5607 7259 3809 7610 1196 3557 7728 3578 9354 5625 86 869 7860 2229 4854 1084 5807 3768 5893 6828 1792 8626 8751 5308 8946 3689 8956 6266 4000 3082 3447 8293 3600 2767 370 7819 8788 8887 7146 3586 9005 3015 9028 8091 4803 3990 8484 4035 8475 256 4218 460 898 5484 9392 5721 4582 7908 6680 560 8928 3394 3634 4403 773 6406 4614 362 4671 2870 4263 3744 1715 8543 5583 7320 1375 3398 7752 4504 1746 4141 2316 8855 6001 1094 8808 1978 7230 8879 7159 9328 7108 4457 87 7958 6066 4787 5612 163 511 1630 2771 3794 2308 8337 6594 4593 1697 9198 9700 2126 8514 209 9257 2934 5620 6184 6223 476 4396 3158 9125 8537 9905 8148 7289 2401 4097 5383 1031 5510 7149 3576 4211 3388 714 9541 4983 3657 8704 5125 273 4988 1639 6213 859 682 9227 5153 9931 1368 2217 5531 7766 7756 3201 2417 7158 5870 2271 4814 6067 7713 5316 2042 8219 2976 5737 741 1106 7668 2235 2314 6071 347 4307 5512 7954 1240 4873 6637 3311 8357 3088 4709 9810 8549 2564 7253 5190 8249 293 5999 4447 7030 9962 6494 2029 6883 9157 4934 3652 2743 316 3510 2909 9405 2741 2983 1292 912 9030 4970 647 789 8795 3322 23 482 649 9032 1790 7278 4745 3075 2313 6197 6524 4722 9185 702 9794 3152 7835 6588 9837 8492 2642 5699 647 2265 5261 1090 5201 1131 9417 367 9453 5236 4354 4390 3777 5197 4969 3628 9887 653 1196 7776 5070 6729 2514 8449 7449 2472 4635 4780 8361 6976 1014 2613 6391 4188 6125 6598 2946 1161 2739 7214 8148 9410 752 612 1660 583 3378 4580 7702 8242 1271 7791 1881 6422 4679 7557 2204 2374 5906 3489 638 6424 40 4039 7013 8607 5702 1534 648 8855 1899 6746 9291 6396 5165 2890 2625 9222 4843 3454 4934 5377 7644 535 642 7315 6853 4350 4417 7175 2873 667 6303 2572 4802 1354 8895 7275 7274 7640 2555 8868 7976 4085 2271 1642 4401 4027 8998 907 9621 7121 3437 7675 5061 1840 6679 8372 8106 6498 1108 2372 3136 8726 3509 8884 7580 466 3136 3052 3198 474 2197 5030 1442 1063 2951 7713 8818 8317 9852 1725 1324 9301 8944 6175 7610 1125 6197 1465 7397 4273 3854 662 3443 1088 9933 2279 9205 7842 1067 9767 6439 6823 9524 324 8894 1330 9821 7919 1120 3149 101 3264 3266 7735 9676 2991 5728 6134 8373 94 1591 283 7140 6559 6225 4871 7080 4655 894 794 4536 2380 3266 503 2531 1195 9747 2565 3375 1207 6364 5348 1250 9737 3216 4615 3181 8087 4025 5610 3633 3583 4775 5219 8645 474 4139 6919 7398 4492 9578 4775 864 2717 8597 7770 103 1485 6569 9237 4387 8692 1429 6564 61 5420 3650 9919 6551 3129 159 7102 8749 1179 9919 5347 6728 6503 9690 1993 401 3643 984 9041 2639 3683 5869 639 8751 7482 2975 5462 2708 8487 4702 912 1547 8234 7398 7272 3626 8489 7231 6163 2685 8087 9996 2360 283 3768 3766 9079 2737 9417 2165 4239 1674 2418 8265 6440 4754 6465 7506 9848 9233 8052 2062 4563 4812 8601 384 8578 5964 4805 8471 1705 846 6784 1399 2298 550 2575 3000 6712 5801 4975 3252 6826 7397 5070 436 6330 5056 9734 4558 6797 1425 4826 4810 5627 5898 5756 5937 9597 2963 7711 2279 6241 6973 261 2637 6189 9505 7226 6801 2357 9515 2787 9021 3888 4056 6010 7265 8675 7852 8275 8369 7148 5887 9049 8032 9 4466 1891 1620 7389 3569 7870 4038 1670 4966 7778 6728 1914 1769 5132 3675 2849 6063 5459 285 5304 2189 7146 5252 2749 3422 3189 9622 4050 894 5007 9293 3896 5524 4373 5207 5091 2179 4353 6817 2708 2654 2690 4236 6212 778 3590 5314 2539 3723 4025 1482 1057 2145 9356 9687 9564 1842 784 6513 4431 5266 3109 410 7350 2215 7320 2226 6547 5612 3309 9430 9697 8210 3189 1169 9423 566 1829 2783 4747 2595 9609 4343 2223 8513 2619 4070 2777 6838 7195 5325 7289 115 3095 3421 6147 3489 8049 4711 8411 3905 6987 6876 9017 9476 2212 8256 4037 1875 2691 9890 3666 5174 1312 2047 9623 928 1195 5846 6646 7333 5240 7285 393 1997 6903 287 3782 6455 8678 4575 7691 1996 8218 5907 7800 6684 1594 2839 1355 3222 4036 3245 1374 9468 188 7540 870 667 9600 8724 5595 6714 6799 627 3494 3304 1321 5373 2689 8833 6280 7682 5327 522 679 3198 3119 2599 8384 4498 771 4806 3485 3151 2459 2529 5500 6783 4376 2166 3748 2111 9866 9912 8298 4042 6748 8884 8132 86 7527 7686 6965 1371 4684 6681 8387 9183 8576 3919 6051 7071 2084 3228 4635 9657 2284 1728 4887 6727 1458 8547 1405 8157 3342 8495 1839 2752 309 5595 7351 4850 2925 8372 7368 2819 483 8935 7357 1157 401 9502 8935 5390 3407 8406 252 4531 1840 8802 8378 7578 3786 3556 7178 4733 558 7464 7558 7366 3921 6077 5147 2447 9424 4217 7454 4837 1122 1106 8428 5495 1727 9455 7640 3962 2318 755 2779 2193 730 8276 2367 1384 3773 8117 8104 1402 1351 2158 9470 5633 1993 3656 3514 4985 1809 9511 9414 2150 5132 7258 1371 1354 2639 6375 661 4122 7877 111 1683 1491 5412 5929 5122 5278 507 6479 4321 5319 5288 3993 5490 5064 2135 9811 8317 9274 5743 4681 2889 1167 5695 4275 7243 9089 4223 7300 7450 4417 3607 1867 6551 4446 4883 5759 9149 6993 2239 3297 4196 6034 693 3357 5421 4135 9551 8339 9646 7376 4776 1795 965 5374 608 7816 33 8461 5386 6879 5432 2728 5750 8872 5506 1296 1448 1072 7371 9018 2973 626 8237 6298 4043 6670 6533 8469 4644 2595 3536 2622 3904 6822 3792 9344 2970 4397 5153 9505 1032 758 4259 9057 7661 625 6382 6976 7472 1723 3216 7419 2463 6674 8988 9153 3028 6504 1874 2290 5610 169 2301 9066 9890 8305 9478 38 137 1379 8954 4254 7534 928 7181 6419 6154 1582 2729 1026 1616 8926 3543 8501 9087 4109 1686 4998 485 8062 786 3892 2249 1723 6680 610 8231 4385 9060 4921 1094 9409 4337 5110 6922 4178 2178 9401 9972 466 4911 9994 2355 9657 2622 7342 9052 9894 4752 3816 5966 1367 3497 1838 7204 9448 6310 1333 8279 9854 3879 7107 9584 148 3616 6115 9949 6992 9010 1050 9145 5204 4451 6277 5454 2922 6316 8230 2519 7587 7237 9984 441 3085 5692 1637 7604 8701 6178 3852 7838 685 5321 5326 5628 2260 5376 299 4036 9156 1546 58 1173 7108 876 3917 9698 2815 6179 2631 1730 3574 580 2771 7866 7792 3667 1467 5877 6147 198 4698 4723 8034 6293 4682 547 414 8498 635 579 3113 3978 386 6998 1446 1443 7118 5831 1559 8886 4949 8948 552 6200 5079 3630 3562 8175 5836 7984 715 9670 7080 6305 5046 6249 9985 3828 3637 1316 5929 746 4830 4829 9311 9913 7149 4608 6857 9312 2448 8673 9886 2273 3249 7711 7856 955 9225 4928 6802 765 2154 911 987 830 2647 7508 5820 9699 8988 4834 1245 9484 5167 5171 1290 7592 6329 3236 2600 2257 9724 1934 8119 8076 4947 1731 9849 7454 5452 9767 7934 3377 4180 2571 2674 9159 4023 2790 9254 515 4890 2635 2620 6011 3181 4075 2212 2040 2691 2060 4252 8124 2163 4685 9424 5855 4050 6661 7713 1163 1216 1750 3114 627 3908 5603 7116 2908 2204 9021 4039 9253 2588 7040 5827 4100 5522 2019 3260 4575 8227 4893 8680 2834 4993 1335 7359 4029 9063 9918 3020 3466 6276 9066 8714 3295 8324 8337 2700 3307 1357 6573 9211 2569 9917 8235 7296 281 7050 9535 1704 2329 7564 7143 9112 7187 9889 5925 4960 1014 666 9255 4987 9288 6328 5935 410 3130 8278 2965 6363 7829 1069 4697 9467 4400 3904 7407 5483 8347 4954 2873 3721 9638 667 7916 5016 6521 3873 3784 7507 5403 1567 9540 3959 6971 1283 1144 509 7971 2959 2892 3398 5780 4319 3615 9947 7750 9560 987 5740 2828 5822 3465 1135 2732 770 2049 6364 1770 9371 1529 9718 9899 1498 1060 9990 1859 2813 2730 3696 670 2131 5009 5838 3519 7274 1214 894 2877 8797 2398 6878 7025 4553 4268 9838 700 4728 3487 2000 7886 6689 4932 6372 7917 3444 6678 6772 5955 7729 7461 6312 1888 3839 9891 5265 882 3367 5156 82 8028 7773 3032 5486 3903 9769 9000 6248 3000 4154 2846 6860 1960 700 3089 5668 391 796 1539 4495 670 4820 287 5759 1346 8129 620 9434 5284 494 9120 3094 7386 8990 4053 3898 4747 6043 2392 8607 2368 7017 215 1150 3878 9186 6756 3723 1118 8577 1931 2171 2538 7955 9692 4405 34 6567 4937 1328 2864 4246 5803 3953 6540 5498 2236 1453 8704 9369 5611 8847 8042 7344 7747 7780 1309 4690 9367 8698 3957 9146 8303 2527 9959 2473 6904 8016 2953 5557 9769 6079 1087 4949 4166 967 5979 9389 3115 4524 4240 3628 2354 6719 807 1643 3948 133 6366 8120 16 2550 2540 4160 5770 1625 8747 2493 4808 6950 6173 8847 6315 4105 4562 2618 3893 791 5187 1749 7834 7518 4455 2300 3620 4930 6440 3568 781 2722 2163 2090 6330 9517 5029 7623 7429 7923 9868 6541 2820 6601 7734 7183 5191 3589 1075 512 1555 8743 6557 3577 7371 2714 2581 8647 980 7460 1993 1493 5931 271 965 9531 2903 7290 745 8630 6680 8054 3862 1743 6752 439 1962 2405 5095 8220 4958 4049 5642 5166 6392 9368 5578 8160 5100 8818 558 4806 6117 8138 518 5509 6166 906 4985 1314 5419 8795 1525 3199 7160 4180 3485 4265 362 4679 1755 4034 9904 3838 8749 8790 779 4674 2272 5386 4438 7114 2571 3949 9631 9874 6582 1577 8136 4537 5385 666 1317 1189 1144 1767 3158 5009 5970 9543 2993 1133 6949 4664 1008 5177 5788 2397 6078 8129 1800 905 3485 5050 5765 411 582 523 2907 7339 3316 1125 760 7476 3485 9390 4512 2510 2878 8240 5728 6591 1156 8160 3332 4651 7136 8709 315 4165 9065 6770 8324 7200 690 8756 9558 6772 8376 5191 9922 7835 8282 7165 798 5568 820 8819 4261 4858 5577 1096 7601 6259 1711 3653 9534 6273 3687 2650 1023 1076 6218 8701 3288 344 7462 1326 5764 5785 5709 5521 9952 9151 8112 2332 1914 4310 2376 7338 5254 9447 157 583 7165 8899 6339 9261 4584 1798 9551 7046 4692 8558 3556 2479 7331 2333 7640 6020 7955 521 4785 4657 1440 831 3617 6800 1936 6480 8043 846 5452 7991 2785 3720 9115 449 1421 2035 5186 4769 1519 8047 5469 3082 9081 8530 4843 8996 6193 6993 7716 4736 8235 2561 3361 5476 1796 1299 3101 3840 3136 266 5977 8059 6127 8478 3185 7181 1970 7616 8443 8220 8051 8087 1504 9188 9596 2797 7061 1635 6879 9760 324 9537 9947 1826 4772 1608 946 1411 3312 4015 5622 9218 9062 622 6847 4219 3613 9501 4283 4667 6033 8016 7789 3728 6642 4740 6340 8781 3774 7950 5424 8705 9370 6938 2561 4997 4565 72 4679 6973 4134 3712 5385 9379 8900 8714 292 6777 419 4117 8476 7893 6681 9011 2601 5606 5640 2658 1357 546 4067 9906 9648 6220 3567 9261 2212 5261 4272 8302 3087 6741 9188 1529 4169 1823 8528 8989 7997 7475 9401 6856 3071 5222 6403 5907 3256 866 3142 9364 2697 4181 1008 2868 1933 9896 9811 3690 259 6521 1146 8588 216 2420 4560 6029 5478 1595 7367 2494 439 5683 4317 2498 7183 6108 6109 8417 6770 4773 3068 6911 2183 8961 1353 7771 8249 7565 7404 7701 8433 9065 8770 2631 7641 2937 7809 5231 214 1424 3346 143 3126 7811 193 8638 9125 9035 4039 136 3767 5410 1233 6645 5044 6681 3788 6272 1857 8399 7755 9078 2428 4865 2214 3219 7256 2373 3528 7389 8609 5566 183 9342 4244 6325 1656 3663 7194 8452 8875 1645 9931 3002 9885 4118 7177 1347 5567 634 1888 5378 6872 6383 8931 2304 3162 1190 7729 5854 5078 274 9185 565 7661 2266 3805 9146 2884 2312 1186 6192 3488 2116 6263 9861 9631 2100 217 358 5124 1214 4106 3425 7896 1194 2963 1115 1642 2823 1105 6847 9539 6869 5787 3344 1981 4649 9142 7018 3465 9641 9177 7519 2890 5896 2014 369 6920 3396 2031 9011 1993 1632 1386 3518 2637 4594 8495 3884 677 9506 9703 8694 8778 1891 2257 2013
2013 2257 1891 8778 8694 9703 9506 677 3884 8495 4594 2637 3518 1386 1632 1993 9011 2031 3396 6920 369 2014 5896 2890 7519 9177 9641 3465 7018 9142 4649 1981 3344 5787 6869 9539 6847 1105 2823 1642 1115 2963 1194 7896 3425 4106 1214 5124 358 217 2100 9631 9861 6263 2116 3488 6192 1186 2312 2884 9146 3805 2266 7661 565 9185 274 5078 5854 7729 1190 3162 2304 8931 6383 6872 5378 1888 634 5567 1347 7177 4118 9885 3002 9931 1645 8875 8452 7194 3663 1656 6325 4244 9342 183 5566 8609 7389 3528 2373 7256 3219 2214 4865 2428 9078 7755 8399 1857 6272 3788 6681 5044 6645 1233 5410 3767 136 4039 9035 9125 8638 193 7811 3126 143 3346 1424 214 5231 7809 2937 7641 2631 8770 9065 8433 7701 7404 7565 8249 7771 1353 8961 2183 6911 3068 4773 6770 8417 6109 6108 7183 2498 4317 5683 439 2494 7367 1595 5478 6029 4560 2420 216 8588 1146 6521 259 3690 9811 9896 1933 2868 1008 4181 2697 9364 3142 866 3256 5907 6403 5222 3071 6856 9401 7475 7997 8989 8528 1823 4169 1529 9188 6741 3087 8302 4272 5261 2212 9261 3567 6220 9648 9906 4067 546 1357 2658 5640 5606 2601 9011 6681 7893 8476 4117 419 6777 292 8714 8900 9379 5385 3712 4134 6973 4679 72 4565 4997 2561 6938 9370 8705 5424 7950 3774 8781 6340 4740 6642 3728 7789 8016 6033 4667 4283 9501 3613 4219 6847 622 9062 9218 5622 4015 3312 1411 946 1608 4772 1826 9947 9537 324 9760 6879 1635 7061 2797 9596 9188 1504 8087 8051 8220 8443 7616 1970 7181 3185 8478 6127 8059 5977 266 3136 3840 3101 1299 1796 5476 3361 2561 8235 4736 7716 6993 6193 8996 4843 8530 9081 3082 5469 8047 1519 4769 5186 2035 1421 449 9115 3720 2785 7991 5452 846 8043 6480 1936 6800 3617 831 1440 4657 4785 521 7955 6020 7640 2333 7331 2479 3556 8558 4692 7046 9551 1798 4584 9261 6339 8899 7165 583 157 9447 5254 7338 2376 4310 1914 2332 8112 9151 9952 5521 5709 5785 5764 1326 7462 344 3288 8701 6218 1076 1023 2650 3687 6273 9534 3653 1711 6259 7601 1096 5577 4858 4261 8819 820 5568 798 7165 8282 7835 9922 5191 8376 6772 9558 8756 690 7200 8324 6770 9065 4165 315 8709 7136 4651 3332 8160 1156 6591 5728 8240 2878 2510 4512 9390 3485 7476 760 1125 3316 7339 2907 523 582 411 5765 5050 3485 905 1800 8129 6078 2397 5788 5177 1008 4664 6949 1133 2993 9543 5970 5009 3158 1767 1144 1189 1317 666 5385 4537 8136 1577 6582 9874 9631 3949 2571 7114 4438 5386 2272 4674 779 8790 8749 3838 9904 4034 1755 4679 362 4265 3485 4180 7160 3199 1525 8795 5419 1314 4985 906 6166 5509 518 8138 6117 4806 558 8818 5100 8160 5578 9368 6392 5166 5642 4049 4958 8220 5095 2405 1962 439 6752 1743 3862 8054 6680 8630 745 7290 2903 9531 965 271 5931 1493 1993 7460 980 8647 2581 2714 7371 3577 6557 8743 1555 512 1075 3589 5191 7183 7734 6601 2820 6541 9868 7923 7429 7623 5029 9517 6330 2090 2163 2722 781 3568 6440 4930 3620 2300 4455 7518 7834 1749 5187 791 3893 2618 4562 4105 6315 8847 6173 6950 4808 2493 8747 1625 5770 4160 2540 2550 16 8120 6366 133 3948 1643 807 6719 2354 3628 4240 4524 3115 9389 5979 967 4166 4949 1087 6079 9769 5557 2953 8016 6904 2473 9959 2527 8303 9146 3957 8698 9367 4690 1309 7780 7747 7344 8042 8847 5611 9369 8704 1453 2236 5498 6540 3953 5803 4246 2864 1328 4937 6567 34 4405 9692 7955 2538 2171 1931 8577 1118 3723 6756 9186 3878 1150 215 7017 2368 8607 2392 6043 4747 3898 4053 8990 7386 3094 9120 494 5284 9434 620 8129 1346 5759 287 4820 670 4495 1539 796 391 5668 3089 700 1960 6860 2846 4154 3000 6248 9000 9769 3903 5486 3032 7773 8028 82 5156 3367 882 5265 9891 3839 1888 6312 7461 7729 5955 6772 6678 3444 7917 6372 4932 6689 7886 2000 3487 4728 700 9838 4268 4553 7025 6878 2398 8797 2877 894 1214 7274 3519 5838 5009 2131 670 3696 2730 2813 1859 9990 1060 1498 9899 9718 1529 9371 1770 6364 2049 770 2732 1135 3465 5822 2828 5740 987 9560 7750 9947 3615 4319 5780 3398 2892 2959 7971 509 1144 1283 6971 3959 9540 1567 5403 7507 3784 3873 6521 5016 7916 667 9638 3721 2873 4954 8347 5483 7407 3904 4400 9467 4697 1069 7829 6363 2965 8278 3130 410 5935 6328 9288 4987 9255 666 1014 4960 5925 9889 7187 9112 7143 7564 2329 1704 9535 7050 281 7296 8235 9917 2569 9211 6573 1357 3307 2700 8337 8324 3295 8714 9066 6276 3466 3020 9918 9063 4029 7359 1335 4993 2834 8680 4893 8227 4575 3260 2019 5522 4100 5827 7040 2588 9253 4039 9021 2204 2908 7116 5603 3908 627 3114 1750 1216 1163 7713 6661 4050 5855 9424 4685 2163 8124 4252 2060 2691 2040 2212 4075 3181 6011 2620 2635 4890 515 9254 2790 4023 9159 2674 2571 4180 3377 7934 9767 5452 7454 9849 1731 4947 8076 8119 1934 9724 2257 2600 3236 6329 7592 1290 5171 5167 9484 1245 4834 8988 9699 5820 7508 2647 830 987 911 2154 765 6802 4928 9225 955 7856 7711 3249 2273 9886 8673 2448 9312 6857 4608 7149 9913 9311 4829 4830 746 5929 1316 3637 3828 9985 6249 5046 6305 7080 9670 715 7984 5836 8175 3562 3630 5079 6200 552 8948 4949 8886 1559 5831 7118 1443 1446 6998 386 3978 3113 579 635 8498 414 547 4682 6293 8034 4723 4698 198 6147 5877 1467 3667 7792 7866 2771 580 3574 1730 2631 6179 2815 9698 3917 876 7108 1173 58 1546 9156 4036 299 5376 2260 5628 5326 5321 685 7838 3852 6178 8701 7604 1637 5692 3085 441 9984 7237 7587 2519 8230 6316 2922 5454 6277 4451 5204 9145 1050 9010 6992 9949 6115 3616 148 9584 7107 3879 9854 8279 1333 6310 9448 7204 1838 3497 1367 5966 3816 4752 9894 9052 7342 2622 9657 2355 9994 4911 466 9972 9401 2178 4178 6922 5110 4337 9409 1094 4921 9060 4385 8231 610 6680 1723 2249 3892 786 8062 485 4998 1686 4109 9087 8501 3543 8926 1616 1026 2729 1582 6154 6419 7181 928 7534 4254 8954 1379 137 38 9478 8305 9890 9066 2301 169 5610 2290 1874 6504 3028 9153 8988 6674 2463 7419 3216 1723 7472 6976 6382 625 7661 9057 4259 758 1032 9505 5153 4397 2970 9344 3792 6822 3904 2622 3536 2595 4644 8469 6533 6670 4043 6298 8237 626 2973 9018 7371 1072 1448 1296 5506 8872 5750 2728 5432 6879 5386 8461 33 7816 608 5374 965 1795 4776 7376 9646 8339 9551 4135 5421 3357 693 6034 4196 3297 2239 6993 9149 5759 4883 4446 6551 1867 3607 4417 7450 7300 4223 9089 7243 4275 5695 1167 2889 4681 5743 9274 8317 9811 2135 5064 5490 3993 5288 5319 4321 6479 507 5278 5122 5929 5412 1491 1683 111 7877 4122 661 6375 2639 1354 1371 7258 5132 2150 9414 9511 1809 4985 3514 3656 1993 5633 9470 2158 1351 1402 8104 8117 3773 1384 2367 8276 730 2193 2779 755 2318 3962 7640 9455 1727 5495 8428 1106 1122 4837 7454 4217 9424 2447 5147 6077 3921 7366 7558 7464 558 4733 7178 3556 3786 7578 8378 8802 1840 4531 252 8406 3407 5390 8935 9502 401 1157 7357 8935 483 2819 7368 8372 2925 4850 7351 5595 309 2752 1839 8495 3342 8157 1405 8547 1458 6727 4887 1728 2284 9657 4635 3228 2084 7071 6051 3919 8576 9183 8387 6681 4684 1371 6965 7686 7527 86 8132 8884 6748 4042 8298 9912 9866 2111 3748 2166 4376 6783 5500 2529 2459 3151 3485 4806 771 4498 8384 2599 3119 3198 679 522 5327 7682 6280 8833 2689 5373 1321 3304 3494 627 6799 6714 5595 8724 9600 667 870 7540 188 9468 1374 3245 4036 3222 1355 2839 1594 6684 7800 5907 8218 1996 7691 4575 8678 6455 3782 287 6903 1997 393 7285 5240 7333 6646 5846 1195 928 9623 2047 1312 5174 3666 9890 2691 1875 4037 8256 2212 9476 9017 6876 6987 3905 8411 4711 8049 3489 6147 3421 3095 115 7289 5325 7195 6838 2777 4070 2619 8513 2223 4343 9609 2595 4747 2783 1829 566 9423 1169 3189 8210 9697 9430 3309 5612 6547 2226 7320 2215 7350 410 3109 5266 4431 6513 784 1842 9564 9687 9356 2145 1057 1482 4025 3723 2539 5314 3590 778 6212 4236 2690 2654 2708 6817 4353 2179 5091 5207 4373 5524 3896 9293 5007 894 4050 9622 3189 3422 2749 5252 7146 2189 5304 285 5459 6063 2849 3675 5132 1769 1914 6728 7778 4966 1670 4038 7870 3569 7389 1620 1891 4466 9 8032 9049 5887 7148 8369 8275 7852 8675 7265 6010 4056 3888 9021 2787 9515 2357 6801 7226 9505 6189 2637 261 6973 6241 2279 7711 2963 9597 5937 5756 5898 5627 4810 4826 1425 6797 4558 9734 5056 6330 436 5070 7397 6826 3252 4975 5801 6712 3000 2575 550 2298 1399 6784 846 1705 8471 4805 5964 8578 384 8601 4812 4563 2062 8052 9233 9848 7506 6465 4754 6440 8265 2418 1674 4239 2165 9417 2737 9079 3766 3768 283 2360 9996 8087 2685 6163 7231 8489 3626 7272 7398 8234 1547 912 4702 8487 2708 5462 2975 7482 8751 639 5869 3683 2639 9041 984 3643 401 1993 9690 6503 6728 5347 9919 1179 8749 7102 159 3129 6551 9919 3650 5420 61 6564 1429 8692 4387 9237 6569 1485 103 7770 8597 2717 864 4775 9578 4492 7398 6919 4139 474 8645 5219 4775 3583 3633 5610 4025 8087 3181 4615 3216 9737 1250 5348 6364 1207 3375 2565 9747 1195 2531 503 3266 2380 4536 794 894 4655 7080 4871 6225 6559 7140 283 1591 94 8373 6134 5728 2991 9676 7735 3266 3264 101 3149 1120 7919 9821 1330 8894 324 9524 6823 6439 9767 1067 7842 9205 2279 9933 1088 3443 662 3854 4273 7397 1465 6197 1125 7610 6175 8944 9301 1324 1725 9852 8317 8818 7713 2951 1063 1442 5030 2197 474 3198 3052 3136 466 7580 8884 3509 8726 3136 2372 1108 6498 8106 8372 6679 1840 5061 7675 3437 7121 9621 907 8998 4027 4401 1642 2271 4085 7976 8868 2555 7640 7274 7275 8895 1354 4802 2572 6303 667 2873 7175 4417 4350 6853 7315 642 535 7644 5377 4934 3454 4843 9222 2625 2890 5165 6396 9291 6746 1899 8855 648 1534 5702 8607 7013 4039 40 6424 638 3489 5906 2374 2204 7557 4679 6422 1881 7791 1271 8242 7702 4580 3378 583 1660 612 752 9410 8148 7214 2739 1161 2946 6598 6125 4188 6391 2613 1014 6976 8361 4780 4635 2472 7449 8449 2514 6729 5070 7776 1196 653 9887 3628 4969 5197 3777 4390 4354 5236 9453 367 9417 1131 5201 1090 5261 2265 647 5699 2642 8492 9837 6588 7835 3152 9794 702 9185 4722 6524 6197 2313 3075 4745 7278 1790 9032 649 482 23 3322 8795 789 647 4970 9030 912 1292 2983 2741 9405 2909 3510 316 2743 3652 4934 9157 6883 2029 6494 9962 7030 4447 5999 293 8249 5190 7253 2564 8549 9810 4709 3088 8357 3311 6637 4873 1240 7954 5512 4307 347 6071 2314 2235 7668 1106 741 5737 2976 8219 2042 5316 7713 6067 4814 2271 5870 7158 2417 3201 7756 7766 5531 2217 1368 9931 5153 9227 682 859 6213 1639 4988 273 5125 8704 3657 4983 9541 714 3388 4211 3576 7149 5510 1031 5383 4097 2401 7289 8148 9905 8537 9125 3158 4396 476 6223 6184 5620 2934 9257 209 8514 2126 9700 9198 1697 4593 6594 8337 2308 3794 2771 1630 511 163 5612 4787 6066 7958 87 4457 7108 9328 7159 8879 7230 1978 8808 1094 6001 8855 2316 4141 1746 4504 7752 3398 1375 7320 5583 8543 1715 3744 4263 2870 4671 362 4614 6406 773 4403 3634 3394 8928 560 6680 7908 4582 5721 9392 5484 898 460 4218 256 8475 4035 8484 3990 4803 8091 9028 3015 9005 3586 7146 8887 8788 7819 370 2767 3600 8293 3447 3082 4000 6266 8956 3689 8946 5308 8751 8626 1792 6828 5893 3768 5807 1084 4854 2229 7860 869 86 5625 9354 3578 7728 3557 1196 7610 3809 7259 5607 433 1957 2704 5006 6108 2099 7183 9234 5141 1556 4856 1091 3634 3143 4410 423 7638 4857 4426 2772 2943 1964 4231 2246 777 6860 1917 6727 8990 7663 4325 2281 2706 658 1270 387 5051 1107 1180 9839 9588 3146 9601 8848 5306 4027 1418 6571 9131 43 3811 1713 6755 5090 9586 6895 9418 4995 919 8586 7999 9074 1693 716 7784 4580 8248 5253 8364 1779 8720 3280 6269 8763 3734 1119 8558 8159 8495 5051 5514 9600 6383 1336 3336 4437 813 9833 2350 9172 720 4120 5806 2205 721 1791 3632 7588 887 1014 2546 9043 2169 8351 2648 5241 544 2437 6136 8931 5384 7405 5900 7695 19 1173 1549 9231 266 8041 7739 9882 1533 3072 6184 7182 4693 1566 894 353 7167 5662 507 5093 7291 8768 7400 6315 5603 4624 7000 7710 8973 792 2103 5325 5583 9419 985 6271 8778 4166 2893 9771 1699 6069 7919 82 2829 6673 7682 6599 8070 1569 6448 9237 7675 8181 4714 832 9204 2686 6146 1697 9478 8421 6989 7981 7233 1711 5048 9736 9782 8196 460 786 8482 4519 7581 4637 3901 2031 395 1483 8935 6479 5045 6885 1745 474 6914 9386 892 2650 8586 1403 4863 3087 8160 1203 3113 4235 1592 7885 9290 9356 769 8188 4789 6085 8814 3208 4686 3328 8351 2512 7502 6171 723 9331 1164 5054 7819 7510 3589 8951 5577 3219 4375 5296 686 5571 4444 2663 6262 9771 7673 3334 8714 8290 9979 4515 7801 7607 952 9926 2144 1530 750 7660 5413 7217 3147 3442 8818 8832 9588 9624 8212 301 7397 4419 540 3081 6729 1513 4153 3172 7495 4899 4817 4101 4405 3184 4062 4348 6927 2770 9040 6736 568 380 7724 2837 7255 7033 8555 4318 7032 4937 9883 1577 7521 1498 6570 784 5428 1638 415 9358 372 9706 7747 9494 5671 1025 5134 3587 3933 8560 1712 3592 7789 7971 9684 2907 2443 912 3837 7256 6051 2634 721 2187
2187 721 2634 6051 7256 3837 912 2443 2907 9684 7971 7789 3592 1712 8560 3933 3587 5134 1025 5671 9494 7747 9706 372 9358 415 1638 5428 784 6570 1498 7521 1577 9883 4937 7032 4318 8555 7033 7255 2837 7724 380 568 6736 9040 2770 6927 4348 4062 3184 4405 4101 4817 4899 7495 3172 4153 1513 6729 3081 540 4419 7397 301 8212 9624 9588 8832 8818 3442 3147 7217 5413 7660 750 1530 2144 9926 952 7607 7801 4515 9979 8290 8714 3334 7673 9771 6262 2663 4444 5571 686 5296 4375 3219 5577 8951 3589 7510 7819 5054 1164 9331 723 6171 7502 2512 8351 3328 4686 3208 8814 6085 4789 8188 769 9356 9290 7885 1592 4235 3113 1203 8160 3087 4863 1403 8586 2650 892 9386 6914 474 1745 6885 5045 6479 8935 1483 395 2031 3901 4637 7581 4519 8482 786 460 8196 9782 9736 5048 1711 7233 7981 6989 8421 9478 1697 6146 2686 9204 832 4714 8181 7675 9237 6448 1569 8070 6599 7682 6673 2829 82 7919 6069 1699 9771 2893 4166 8778 6271 985 9419 5583 5325 2103 792 8973 7710 7000 4624 5603 6315 7400 8768 7291 5093 507 5662 7167 353 894 1566 4693 7182 6184 3072 1533 9882 7739 8041 266 9231 1549 1173 19 7695 5900 7405 5384 8931 6136 2437 544 5241 2648 8351 2169 9043 2546 1014 887 7588 3632 1791 721 2205 5806 4120 720 9172 2350 9833 813 4437 3336 1336 6383 9600 5514 5051 8495 8159 8558 1119 3734 8763 6269 3280 8720 1779 8364 5253 8248 4580 7784 716 1693 9074 7999 8586 919 4995 9418 6895 9586 5090 6755 1713 3811 43 9131 6571 1418 4027 5306 8848 9601 3146 9588 9839 1180 1107 5051 387 1270 658 2706 2281 4325 7663 8990 6727 1917 6860 777 2246 4231 1964 2943 2772 4426 4857 7638 423 4410 3143 3634 1091 4856 1556 5141 9234 7183 2099 6108 5006 2704 1957 433 5607 7259 3809 7610 1196 3557 7728 3578 9354 5625 86 869 7860 2229 4854 1084 5807 3768 5893 6828 1792 8626 8751 5308 8946 3689 8956 6266 4000 3082 3447 8293 3600 2767 370 7819 8788 8887 7146 3586 9005 3015 9028 8091 4803 3990 8484 4035 8475 256 4218 460 898 5484 9392 5721 4582 7908 6680 560 8928 3394 3634 4403 773 6406 4614 362 4671 2870 4263 3744 1715 8543 5583 7320 1375 3398 7752 4504 1746 4141 2316 8855 6001 1094 8808 1978 7230 8879 7159 9328 7108 4457 87 7958 6066 4787 5612 163 511 1630 2771 3794 2308 8337 6594 4593 1697 9198 9700 2126 8514 209 9257 2934 5620 6184 6223 476 4396 3158 9125 8537 9905 8148 7289 2401 4097 5383 1031 5510 7149 3576 4211 3388 714 9541 4983 3657 8704 5125 273 4988 1639 6213 859 682 9227 5153 9931 1368 2217 5531 7766 7756 3201 2417 7158 5870 2271 4814 6067 7713 5316 2042 8219 2976 5737 741 1106 7668 2235 2314 6071 347 4307 5512 7954 1240 4873 6637 3311 8357 3088 4709 9810 8549 2564 7253 5190 8249 293 5999 4447 7030 9962 6494 2029 6883 9157 4934 3652 2743 316 3510 2909 9405 2741 2983 1292 912 9030 4970 647 789 8795 3322 23 482 649 9032 1790 7278 4745 3075 2313 6197 6524 4722 9185 702 9794 3152 7835 6588 9837 8492 2642 5699 647 2265 5261 1090 5201 1131 9417 367 9453 5236 4354 4390 3777 5197 4969 3628 9887 653 1196 7776 5070 6729 2514 8449 7449 2472 4635 4780 8361 6976 1014 2613 6391 4188 6125 6598 2946 1161 2739 7214 8148 9410 752 612 1660 583 3378 4580 7702 8242 1271 7791 1881 6422 4679 7557 2204 2374 5906 3489 638 6424 40 4039 7013 8607 5702 1534 648 8855 1899 6746 9291 6396 5165 2890 2625 9222 4843 3454 4934 5377 7644 535 642 7315 6853 4350 4417 7175 2873 667 6303 2572 4802 1354 8895 7275 7274 7640 2555 8868 7976 4085 2271 1642 4401 4027 8998 907 9621 7121 3437 7675 5061 1840 6679 8372 8106 6498 1108 2372 3136 8726 3509 8884 7580 466 3136 3052 3198 474 2197 5030 1442 1063 2951 7713 8818 8317 9852 1725 1324 9301 8944 6175 7610 1125 6197 1465 7397 4273 3854 662 3443 1088 9933 2279 9205 7842 1067 9767 6439 6823 9524 324 8894 1330 9821 7919 1120 3149 101 3264 3266 7735 9676 2991 5728 6134 8373 94 1591 283 7140 6559 6225 4871 7080 4655 894 794 4536 2380 3266 503 2531 1195 9747 2565 3375 1207 6364 5348 1250 9737 3216 4615 3181 8087 4025 5610 3633 3583 4775 5219 8645 474 4139 6919 7398 4492 9578 4775 864 2717 8597 7770 103 1485 6569 9237 4387 8692 1429 6564 61 5420 3650 9919 6551 3129 159 7102 8749 1179 9919 5347 6728 6503 9690 1993 401 3643 984 9041 2639 3683 5869 639 8751 7482 2975 5462 2708 8487 4702 912 1547 8234 7398 7272 3626 8489 7231 6163 2685 8087 9996 2360 283 3768 3766 9079 2737 9417 2165 4239 1674 2418 8265 6440 4754 6465 7506 9848 9233 8052 2062 4563 4812 8601 384 8578 5964 4805 8471 1705 846 6784 1399 2298 550 2575 3000 6712 5801 4975 3252 6826 7397 5070 436 6330 5056 9734 4558 6797 1425 4826 4810 5627 5898 5756 5937 9597 2963 7711 2279 6241 6973 261 2637 6189 9505 7226 6801 2357 9515 2787 9021 3888 4056 6010 7265 8675 7852 8275 8369 7148 5887 9049 8032 9 4466 1891 1620 7389 3569 7870 4038 1670 4966 7778 6728 1914 1769 5132 3675 2849 6063 5459 285 5304 2189 7146 5252 2749 3422 3189 9622 4050 894 5007 9293 3896 5524 4373 5207 5091 2179 4353 6817 2708 2654 2690 4236 6212 778 3590 5314 2539 3723 4025 1482 1057 2145 9356 9687 9564 1842 784 6513 4431 5266 3109 410 7350 2215 7320 2226 6547 5612 3309 9430 9697 8210 3189 1169 9423 566 1829 2783 4747 2595 9609 4343 2223 8513 2619 4070 2777 6838 7195 5325 7289 115 3095 3421 6147 3489 8049 4711 8411 3905 6987 6876 9017 9476 2212 8256 4037 1875 2691 9890 3666 5174 1312 2047 9623 928 1195 5846 6646 7333 5240 7285 393 1997 6903 287 3782 6455 8678 4575 7691 1996 8218 5907 7800 6684 1594 2839 1355 3222 4036 3245 1374 9468 188 7540 870 667 9600 8724 5595 6714 6799 627 3494 3304 1321 5373 2689 8833 6280 7682 5327 522 679 3198 3119 2599 8384 4498 771 4806 3485 3151 2459 2529 5500 6783 4376 2166 3748 2111 9866 9912 8298 4042 6748 8884 8132 86 7527 7686 6965 1371 4684 6681 8387 9183 8576 3919 6051 7071 2084 3228 4635 9657 2284 1728 4887 6727 1458 8547 1405 8157 3342 8495 1839 2752 309 5595 7351 4850 2925 8372 7368 2819 483 8935 7357 1157 401 9502 8935 5390 3407 8406 252 4531 1840 8802 8378 7578 3786 3556 7178 4733 558 7464 7558 7366 3921 6077 5147 2447 9424 4217 7454 4837 1122 1106 8428 5495 1727 9455 7640 3962 2318 755 2779 2193 730 8276 2367 1384 3773 8117 8104 1402 1351 2158 9470 5633 1993 3656 3514 4985 1809 9511 9414 2150 5132 7258 1371 1354 2639 6375 661 4122 7877 111 1683 1491 5412 5929 5122 5278 507 6479 4321 5319 5288 3993 5490 5064 2135 9811 8317 9274 5743 4681 2889 1167 5695 4275 7243 9089 4223 7300 7450 4417 3607 1867 6551 4446 4883 5759 9149 6993 2239 3297 4196 6034 693 3357 5421 4135 9551 8339 9646 7376 4776 1795 965 5374 608 7816 33 8461 5386 6879 5432 2728 5750 8872 5506 1296 1448 1072 7371 9018 2973 626 8237 6298 4043 6670 6533 8469 4644 2595 3536 2622 3904 6822 3792 9344 2970 4397 5153 9505 1032 758 4259 9057 7661 625 6382 6976 7472 1723 3216 7419 2463 6674 8988 9153 3028 6504 1874 2290 5610 169 2301 9066 9890 8305 9478 38 137 1379 8954 4254 7534 928 7181 6419 6154 1582 2729 1026 1616 8926 3543 8501 9087 4109 1686 4998 485 8062 786 3892 2249 1723 6680 610 8231 4385 9060 4921 1094 9409 4337 5110 6922 4178 2178 9401 9972 466 4911 9994 2355 9657 2622 7342 9052 9894 4752 3816 5966 1367 3497 1838 7204 9448 6310 1333 8279 9854 3879 7107 9584 148 3616 6115 9949 6992 9010 1050 9145 5204 4451 6277 5454 2922 6316 8230 2519 7587 7237 9984 441 3085 5692 1637 7604 8701 6178 3852 7838 685 5321 5326 5628 2260 5376 299 4036 9156 1546 58 1173 7108 876 3917 9698 2815 6179 2631 1730 3574 580 2771 7866 7792 3667 1467 5877 6147 198 4698 4723 8034 6293 4682 547 414 8498 635 579 3113 3978 386 6998 1446 1443 7118 5831 1559 8886 4949 8948 552 6200 5079 3630 3562 8175 5836 7984 715 9670 7080 6305 5046 6249 9985 3828 3637 1316 5929 746 4830 4829 9311 9913 7149 4608 6857 9312 2448 8673 9886 2273 3249 7711 7856 955 9225 4928 6802 765 2154 911 987 830 2647 7508 5820 9699 8988 4834 1245 9484 5167 5171 1290 7592 6329 3236 2600 2257 9724 1934 8119 8076 4947 1731 9849 7454 5452 9767 7934 3377 4180 2571 2674 9159 4023 2790 9254 515 4890 2635 2620 6011 3181 4075 2212 2040 2691 2060 4252 8124 2163 4685 9424 5855 4050 6661 7713 1163 1216 1750 3114 627 3908 5603 7116 2908 2204 9021 4039 9253 2588 7040 5827 4100 5522 2019 3260 4575 8227 4893 8680 2834 4993 1335 7359 4029 9063 9918 3020 3466 6276 9066 8714 3295 8324 8337 2700 3307 1357 6573 9211 2569 9917 8235 7296 281 7050 9535 1704 2329 7564 7143 9112 7187 9889 5925 4960 1014 666 9255 4987 9288 6328 5935 410 3130 8278 2965 6363 7829 1069 4697 9467 4400 3904 7407 5483 8347 4954 2873 3721 9638 667 7916 5016 6521 3873 3784 7507 5403 1567 9540 3959 6971 1283 1144 509 7971 2959 2892 3398 5780 4319 3615 9947 7750 9560 987 5740 2828 5822 3465 1135 2732 770 2049 6364 1770 9371 1529 9718 9899 1498 1060 9990 1859 2813 2730 3696 670 2131 5009 5838 3519 7274 1214 894 2877 8797 2398 6878 7025 4553 4268 9838 700 4728 3487 2000 7886 6689 4932 6372 7917 3444 6678 6772 5955 7729 7461 6312 1888 3839 9891 5265 882 3367 5156 82 8028 7773 3032 5486 3903 9769 9000 6248 3000 4154 2846 6860 1960 700 3089 5668 391 796 1539 4495 670 4820 287 5759 1346 8129 620 9434 5284 494 9120 3094 7386 8990 4053 3898 4747 6043 2392 8607 2368 7017 215 1150 3878 9186 6756 3723 1118 8577 1931 2171 2538 7955 9692 4405 34 6567 4937 1328 2864 4246 5803 3953 6540 5498 2236 1453 8704 9369 5611 8847 8042 7344 7747 7780 1309 4690 9367 8698 3957 9146 8303 2527 9959 2473 6904 8016 2953 5557 9769 6079 1087 4949 4166 967 5979 9389 3115 4524 4240 3628 2354 6719 807 1643 3948 133 6366 8120 16 2550 2540 4160 5770 1625 8747 2493 4808 6950 6173 8847 6315 4105 4562 2618 3893 791 5187 1749 7834 7518 4455 2300 3620 4930 6440 3568 781 2722 2163 2090 6330 9517 5029 7623 7429 7923 9868 6541 2820 6601 7734 7183 5191 3589 1075 512 1555 8743 6557 3577 7371 2714 2581 8647 980 7460 1993 1493 5931 271 965 9531 2903 7290 745 8630 6680 8054 3862 1743 6752 439 1962 2405 5095 8220 4958 4049 5642 5166 6392 9368 5578 8160 5100 8818 558 4806 6117 8138 518 5509 6166 906 4985 1314 5419 8795 1525 3199 7160 4180 3485 4265 362 4679 1755 4034 9904 3838 8749 8790 779 4674 2272 5386 4438 7114 2571 3949 9631 9874 6582 1577 8136 4537 5385 666 1317 1189 1144 1767 3158 5009 5970 9543 2993 1133 6949 4664 1008 5177 5788 2397 6078 8129 1800 905 3485 5050 5765 411 582 523 2907 7339 3316 1125 760 7476 3485 9390 4512 2510 2878 8240 5728 6591 1156 8160 3332 4651 7136 8709 315 4165 9065 6770 8324 7200 690 8756 9558 6772 8376 5191 9922 7835 8282 7165 798 5568 820 8819 4261 4858 5577 1096 7601 6259 1711 3653 9534 6273 3687 2650 1023 1076 6218 8701 3288 344 7462 1326 5764 5785 5709 5521 9952 9151 8112 2332 1914 4310 2376 7338 5254 9447 157 583 7165 8899 6339 9261 4584 1798 9551 7046 4692 8558 3556 2479 7331 2333 7640 6020 7955 521 4785 4657 1440 831 3617 6800 1936 6480 8043 846 5452 7991 2785 3720 9115 449 1421 2035 5186 4769 1519 8047 5469 3082 9081 8530 4843 8996 6193 6993 7716 4736 8235 2561 3361 5476 1796 1299 3101 3840 3136 266 5977 8059 6127 8478 3185 7181 1970 7616 8443 8220 8051 8087 1504 9188 9596 2797 7061 1635 6879 9760 324 9537 9947 1826 4772 1608 946 1411 3312 4015 5622 9218 9062 622 6847 4219 3613 9501 4283 4667 6033 8016 7789 3728 6642 4740 6340 8781 3774 7950 5424 8705 9370 6938 2561 4997 4565 72 4679 6973 4134 3712 5385 9379 8900 8714 292 6777 419 4117 8476 7893 6681 9011 2601 5606 5640 2658 1357 546 4067 9906 9648 6220 3567 9261 2212 5261 4272 8302 3087 6741 9188 1529 4169 1823 8528 8989 7997 7475 9401 6856 3071 5222 6403 5907 3256 866 3142 9364 2697 4181 1008 2868 1933 9896 9811 3690 259 6521 1146 8588 216 2420 4560 6029 5478 1595 7367 2494 439 5683 4317 2498 7183 6108 6109 8417 6770 4773 3068 6911 2183 8961 1353 7771 8249 7565 7404 7701 8433 9065 8770 2631 7641 2937 7809 5231 214 1424 3346 143 3126 7811 193 8638 9125 9035 4039 136 3767 5410 1233 6645 5044 6681 3788 6272 1857 8399 7755 9078 2428 4865 2214 3219 7256 2373 3528 7389 8609 5566 183 9342 4244 6325 1656 3663 7194 8452 8875 1645 9931 3002 9885 4118 7177 1347 5567 634 1888 5378 6872 6383 8931 2304 3162 1190 7729 5854 5078 274 9185 565 7661 2266 3805 9146 2884 2312 1186 6192 3488 2116 6263 9861 9631 2100 217 358 5124 1214 4106 3425 7896 1194 2963 1115 1642 2823 1105 6847 9539 6869 5787 3344 1981 4649 9142 7018 3465 9641 9177 7519 2890 5896 2014 369 6920 3396 2031 9011 1993 1632 1386 3518 2637 4594 8495 3884 677 9506 9703 8694 8778 1891 2257 2013
