3633
NOT_FOUND
4065
7834
2154
5471
4299
6914
2154
339
1014
2153
2153
2430
NOT_FOUND
4699
1109
1000
2152
8993
2154
4718
6997
4020
2156
4652
2155
2156
1841
9078
2154
2154
9631
2651
7143
2848
6886
5216
1664
NOT_FOUND
2149
5317
2151
2581
2403
1010
2148
9486
438
8745
2147
NOT_FOUND
3537
NOT_FOUND
7586
NOT_FOUND
8600
2147
2147
9467
4264
NOT_FOUND
1431
3531
8059
417
2087
9295
3150
813
2019
NOT_FOUND
2144
7694
2575
2756
NOT_FOUND
8392
957
345
7843
4546
NOT_FOUND
NOT_FOUND
2141
1331
2142
4307
622
NOT_FOUND
168
166
9746
NOT_FOUND
2146
941
4895
448
NOT_FOUND
4657
3351
2148
1140
2148
2152
8233
NOT_FOUND
2156
6023
2156
NOT_FOUND
2156
2156
1683
585
4611
2159
6145
2338
1675
2985
6268
271
243
2158
2159
3544
6432
2159
NOT_FOUND
5077
2162
NOT_FOUND
3984
2162
8469
NOT_FOUND
29
1464
776
3891
4061
3090
2160
NOT_FOUND
2160
7226
NOT_FOUND
8259
2164
NOT_FOUND
2837
1522
4710
5454
8979
NOT_FOUND
2164
2164
6388
1197
2163
NOT_FOUND
8606
2162
2163
2163
2937
2163
NOT_FOUND
1333
2085
5687
7720
NOT_FOUND
2480
3800
NOT_FOUND
2160
4562
5348
6788
NOT_FOUND
116
2157
2157
2772
9732
6327
NOT_FOUND
6613
NOT_FOUND
NOT_FOUND
5614
6532
9839
2159
6717
4551
9490
8085
2158
2158
2158
NOT_FOUND
2159
2160
9696
241
NOT_FOUND
529
8957
NOT_FOUND
2160
8043
NOT_FOUND
2160
2160
342
7945
3331
2158
2158
2013
201
9931
2156
9872
2155
1763
4357
599
NOT_FOUND
8156
1120
256
NOT_FOUND
3381
8388
773
2152
221
9480
6708
1101
9979
NOT_FOUND
NOT_FOUND
NOT_FOUND
7131
9238
3365
8107
1815
NOT_FOUND
5257
8251
2198
9746
NOT_FOUND
2836
4245
1911
2143
6421
7919
8430
NOT_FOUND
NOT_FOUND
1701
660
9330
NOT_FOUND
8036
NOT_FOUND
1618
NOT_FOUND
2143
NOT_FOUND
1492
4513
2141
908
2140
2140
NOT_FOUND
5881
2140
1075
NOT_FOUND
2143
NOT_FOUND
3152
3322
NOT_FOUND
9491
7535
930
NOT_FOUND
2272
2144
NOT_FOUND
2144
2669
6486
3974
7643
264
2146
2146
4084
2145
6336
1396
3348
354
1641
9934
2143
3475
2145
7227
2715
2145
2145
7105
NOT_FOUND
364
1392
6003
8529
6040
NOT_FOUND
8514
2143
4982
NOT_FOUND
2142
9951
3799
7605
NOT_FOUND
2139
8038
1073
3338
NOT_FOUND
4025
745
7540
NOT_FOUND
5716
4291
2135
3236
NOT_FOUND
2135
2387
2135
7037
2043
685
NOT_FOUND
2808
6478
6103
NOT_FOUND
2132
3487
651
2130
851
6008
2130
2130
2131
2131
2131
6445
NOT_FOUND
NOT_FOUND
2130
571
NOT_FOUND
NOT_FOUND
503
2912
1686
2132
NOT_FOUND
8672
9243
8679
2129
NOT_FOUND
6001
NOT_FOUND
536
NOT_FOUND
4692
2437
2126
344
NOT_FOUND
2323
NOT_FOUND
2125
6533
993
3215
2124
6364
6038
2455
8975
2122
7558
NOT_FOUND
5312
NOT_FOUND
NOT_FOUND
NOT_FOUND
6275
NOT_FOUND
2126
6701
NOT_FOUND
3837
NOT_FOUND
NOT_FOUND
2127
5857
3519
9743
4324
2125
332
9200
2126
NOT_FOUND
NOT_FOUND
2646
2127
NOT_FOUND
2130
1324
8742
985
3848
NOT_FOUND
2126
2128
NOT_FOUND
6076
2130
9666
3630
NOT_FOUND
6226
7048
NOT_FOUND
1252
7714
1672
2128
1600
4491
5876
5753
NOT_FOUND
8896
NOT_FOUND
9269
659
2124
2019
4383
7389
NOT_FOUND
1459
844
NOT_FOUND
NOT_FOUND
479
4472
5733
NOT_FOUND
1928
3060
1870
9759
1225
8380
5334
7529
NOT_FOUND
2120
8472
NOT_FOUND
NOT_FOUND
7300
4743
2604
8115
2118
NOT_FOUND
2118
2118
9508
2441
3687
1249
4802
1520
NOT_FOUND
7700
1390
9543
1367
NOT_FOUND
1008
2003
2117
2117
659
2194
1178
NOT_FOUND
8130
NOT_FOUND
731
2121
NOT_FOUND
2124
3308
3454
1898
NOT_FOUND
2123
NOT_FOUND
8518
8316
NOT_FOUND
2121
2121
2122
2123
990
2123
5082
4402
4492
NOT_FOUND
764
NOT_FOUND
2124
4222
NOT_FOUND
2123
8825
NOT_FOUND
NOT_FOUND
2123
2123
1474
NOT_FOUND
9250
4250
3826
2125
2127
2127
NOT_FOUND
960
NOT_FOUND
7521
9299
2128
NOT_FOUND
5494
1644
24
3338
2978
5026
2124
7490
2123
NOT_FOUND
2833
NOT_FOUND
NOT_FOUND
5168
9276
2121
8277
1951
4545
3361
713
4040
2120
2121
9118
NOT_FOUND
2122
8494
4191
NOT_FOUND
NOT_FOUND
NOT_FOUND
NOT_FOUND
NOT_FOUND
2124
2125
586
2124
2124
5328
618
2124
2125
2125
2125
3175
2124
9121
4306
2123
2127
2562
NOT_FOUND
7233
NOT_FOUND
430
5251
2126
1148
NOT_FOUND
2125
2846
2700
8794
2122
NOT_FOUND
NOT_FOUND
2123
NOT_FOUND
2123
6087
2123
2123
NOT_FOUND
9185
3228
2121
7170
3779
1331
2119
NOT_FOUND
2119
1930
5747
3127
1363
1090
2119
5949
2119
2681
3180
2117
1137
2117
9807
2118
1269
2118
NOT_FOUND
9475
251
454
4677
2117
2117
2117
2117
NOT_FOUND
134
2116
2117
NOT_FOUND
2770
4804
7516
9289
NOT_FOUND
5047
9491
2120
NOT_FOUND
1483
NOT_FOUND
2122
5858
NOT_FOUND
8814
NOT_FOUND
4274
8344
8413
2117
6376
4022
NOT_FOUND
6512
NOT_FOUND
2495
4716
2115
5369
NOT_FOUND
NOT_FOUND
2116
7439
3598
NOT_FOUND
2114
NOT_FOUND
6180
NOT_FOUND
9706
2114
NOT_FOUND
1572
5585
NOT_FOUND
2113
6262
9433
6553
5552
4345
8023
8342
5484
4704
1214
NOT_FOUND
NOT_FOUND
NOT_FOUND
6444
2111
1467
2113
1428
1772
6830
5206
5072
7332
6077
2304
2106
987
7380
2105
NOT_FOUND
2535
NOT_FOUND
3460
6413
7916
2601
2102
1749
NOT_FOUND
5000
2100
2101
2101
NOT_FOUND
2102
2102
277
NOT_FOUND
2102
50
2102
4660
NOT_FOUND
83
2103
2105
6726
9739
578
NOT_FOUND
2275
8643
2020
9248
NOT_FOUND
2099
475
2100
2100
391
7687
NOT_FOUND
4905
NOT_FOUND
4158
NOT_FOUND
1758
7562
7401
5645
2102
2102
25
2101
431
NOT_FOUND
8546
2099
NOT_FOUND
NOT_FOUND
NOT_FOUND
8745
5498
2099
2099
5176
4266
9522
NOT_FOUND
9014
2097
3667
3378
2369
1559
NOT_FOUND
7087
1766
2096
1370
NOT_FOUND
NOT_FOUND
2096
7876
NOT_FOUND
8568
8629
6051
2093
5667
9096
8457
2788
5295
2091
2091
2091
2091
NOT_FOUND
8828
NOT_FOUND
2094
7586
2093
894
6916
8545
1417
NOT_FOUND
2095
2097
9669
8711
2095
1661
2095
2545
3441
2097
4899
2098
185
2099
2100
9820
NOT_FOUND
5770
2098
NOT_FOUND
1055
213
3100
2097
2811
NOT_FOUND
2096
NOT_FOUND
NOT_FOUND
2097
2098
1699
8267
2098
7769
9193
2098
2885
9477
940
2098
2100
2102
2102
NOT_FOUND
5834
NOT_FOUND
617
NOT_FOUND
404
NOT_FOUND
5329
87
926
8628
2099
4004
NOT_FOUND
NOT_FOUND
7069
NOT_FOUND
2101
NOT_FOUND
3488
NOT_FOUND
2100
439
8336
9658
NOT_FOUND
NOT_FOUND
6151
NOT_FOUND
8648
2103
NOT_FOUND
NOT_FOUND
2103
7278
3433
1684
3789
NOT_FOUND
2109
4849
2862
2107
2107
NOT_FOUND
1737
2107
3093
2473
563
NOT_FOUND
2106
2106
2107
518
5492
2107
2107
NOT_FOUND
2107
1720
9800
2105
NOT_FOUND
NOT_FOUND
8049
6077
NOT_FOUND
1766
7673
8765
8951
1305
2588
8397
1152
2102
342
2102
NOT_FOUND
2102
7249
5084
3527
2100
9561
NOT_FOUND
NOT_FOUND
NOT_FOUND
3608
5750
2100
3886
4996
NOT_FOUND
2008
NOT_FOUND
2098
6140
NOT_FOUND
2098
2098
NOT_FOUND
9176
NOT_FOUND
129
2350
135
2100
2100
9138
785
6363
NOT_FOUND
6349
2511
130
NOT_FOUND
7777
3897
NOT_FOUND
NOT_FOUND
3000
1293
8125
2221
NOT_FOUND
7655
2093
8648
NOT_FOUND
2092
2093
2093
1788
7222
2096
5251
9280
NOT_FOUND
1361
NOT_FOUND
6717
4924
760
1778
8400
NOT_FOUND
2097
2097
2418
NOT_FOUND
7123
6324
2094
9104
NOT_FOUND
NOT_FOUND
NOT_FOUND
NOT_FOUND
NOT_FOUND
NOT_FOUND
1537
6907
2100
NOT_FOUND
1860
3881
9149
2101
8165
2104
NOT_FOUND
2108
3186
9749
2043
9290
2108
275
5110
5572
2108
NOT_FOUND
9872
1714
7501
2107
NOT_FOUND
2108
9091
8475
2108
4593
5434
4675
5979
4263
2105
2107
5529
2852
8818
2111
918
1586
272
NOT_FOUND
NOT_FOUND
NOT_FOUND
324
NOT_FOUND
8979
2114
2114
NOT_FOUND
NOT_FOUND
2114
NOT_FOUND
9469
NOT_FOUND
NOT_FOUND
5446
2115
2115
7732
2114
NOT_FOUND
2115
3211
NOT_FOUND
2248
NOT_FOUND
NOT_FOUND
2117
NOT_FOUND
2118
2239
NOT_FOUND
8878
2119
2385
2120
120
1047
1205
4302
1917
965
6365
8253
2318
72
NOT_FOUND
6474
2117
6915
NOT_FOUND
5142
NOT_FOUND
5002
2117
663
NOT_FOUND
428
1226
244
7559
2114
4389
5955
628
9302
2111
NOT_FOUND
2112
5696
9570
2643
2111
2112
NOT_FOUND
2415
2111
NOT_FOUND
3712
2110
NOT_FOUND
NOT_FOUND
5337
NOT_FOUND
NOT_FOUND
2111
NOT_FOUND
NOT_FOUND
4099
8097
843
2108
2109
2112
NOT_FOUND
7048
2113
NOT_FOUND
4968
NOT_FOUND
6679
2111
NOT_FOUND
1771
2114
5441
6204
7748
3762
NOT_FOUND
5376
6937
NOT_FOUND
2111
9797
7669
7291
2109
2204
NOT_FOUND
2111
8140
NOT_FOUND
6043
NOT_FOUND
NOT_FOUND
9981
7467
NOT_FOUND
3368
4616
8666
2110
1246
2110
9345
2112
2115
5382
2115
1719
6117
9152
5841
2112
974
2112
9903
1404
6133
3448
2108
2636
2108
1851
9193
2107
2107
NOT_FOUND
4622
2111
2111
1939
2110
2112
399
1795
2110
2110
4657
1672
2109
NOT_FOUND
3367
NOT_FOUND
2109
744
4267
2350
7208
7707
2105
2106
1814
NOT_FOUND
2107
1557
3297
9599
997
268
4090
4410
7794
7034
9204
2101
2101
9952
NOT_FOUND
6180
1201
2100
2100
2100
NOT_FOUND
4322
4550
2101
2101
NOT_FOUND
8047
3141
7030
1015
6194
5829
159
2096
4681
4889
NOT_FOUND
1641
3208
2094
2094
NOT_FOUND
NOT_FOUND
2096
3976
2498
2094
NOT_FOUND
2094
6552
NOT_FOUND
4174
5805
2096
2536
8489
7941
3105
6291
8469
664
5044
5563
NOT_FOUND
124
NOT_FOUND
338
1808
798
8552
8200
2091
2091
9809
2091
6448
4229
2092
NOT_FOUND
4519
437
1189
8054
2093
NOT_FOUND
5879
1921
9652
1296
NOT_FOUND
7938
3530
2097
8358
504
4193
8674
2067
NOT_FOUND
5647
2237
4282
NOT_FOUND
9650
1441
940
2091
2091
3909
8930
8877
3892
1582
6988
9164
8329
5860
7925
2085
1029
NOT_FOUND
1340
4944
NOT_FOUND
6634
5749
4643
2084
546
769
NOT_FOUND
9852
7330
9421
1714
NOT_FOUND
994
8588
6235
2079
2079
136
2079
6880
8530
827
NOT_FOUND
8433
2077
7250
NOT_FOUND
2076
9611
NOT_FOUND
7186
2075
NOT_FOUND
2075
4304
4146
2073
3657
4185
2074
2074
2737
9786
NOT_FOUND
2074
8286 5654 7315 6831 224 5301 3761 3825 9363 9892 8752 5255 7931 3116 2070 3052 6196 6901 4527 1359 4295 8425 7551 8757 2610 4482 5630 6962 8337 4207 6698 7400 203 4513 4613 4977 8274 8639 5748 4658 9673 4829 6298 5379 9799 8780 4129 2886 8364 6557 3962 225 661 1220 9402 9234 2441 5584 3434 6663 9440 1735 3791 586 9767 6082 4420 3752 6302 2570 4845 4305 1125 2763 6789 1336 2604 1936 6592 8315 9101 9817 5203 3327 5834 3881 574 7193 6231 3940 2388 6155 5947 6361 3296 7553 5133 592 3602 6179 6596 803 9484 8054 37 4068 8495 447 1610 1974 8410 3238 562 292 1240 866 4388 7581 1145 6861 9452 7863 762 3691 5507 9 8160 3337 3162 9372 3957 7991 6400 2242 8845 7422 1099 1082 3338 1134 1205 8589 4449 5541 839 3634 8206 5841 1004 3554 9668 501 3478 9270 8359 7424 9558 1604 2385 3849 5435 9268 89 4971 7892 4832 9896 3799 4774 119 1796 6284 5171 4592 6559 7784 4626 1129 9249 3115 8927 864 2713 8164 8821 3374 4161 1135 7981 8890 6021 7688 8414 6449 2834 6126 5931 4694 8802 7282 264 5642 5385 1394 3134 4744 8055 292 3045 8990 3600 7654 4862 868 2160 9604 2919 8926 1166 5203 6299 4136 6577 1088 488 7193 5001 4662 3746 127 2303 5282 4474 1322 1165 7173 6220 9487 5621 906 557 7216 8253 8781 1194 1072 462 7893 166 1604 3567 332 7098 900 3385 9546 1847 7667 5598 8460 210 4802 6846 3909 1765 692 3759 6754 4849 1927 4501 4748 3824 5965 1867 8716 6651 8382 4745 8810 9763 4427 5687 244 1059 2863 8086 3918 356 5279 7291 5867 9142 4862 3258 9218 1070 3966 7478 5097 2108 3708 7747 1568 2989 8328 4881 7552 6541 621 4104 5196 4751 4978 3055 9883 9872 9296 4810 6015 327 2825 7934 7428 6950 7908 9836 8577 4706 488 8984 1498 2308 703 7978 4872 2237 8886 4975 4679 2477 6872 3712 5919 6326 2478 1590 163 87 9860 2233 5633 183 2920 7356 8667 4265 7815 1681 6007 1524 5849 215 5373 1812 2995 4850 6281 7314 6635 7695 6094 3656 8036 839 1548 6478 9168 4160 2353 3137 2958 5468 9999 223 9585 9731 4643 7030 8023 8763 8147 2688 3970 4783 2424 9232 3499 6889 7760 6599 7206 3309 3406 5503 3553 1983 5832 3925 1846 1123 1743 9234 8257 6091 7325 8319 7391 1826 3909 9659 334 1450 6321 4948 1896 8384 8232 5020 3864 1613 4206 1543 7239 7101 9732 6633 4024 2997 9916 1269 569 1671 1569 9888 2465 6675 1232 2705 559 1644 7423 3889 1718 8698 7750 4702 9451 1103 4978 618 7362 8867 9097 2925 6322 8681 3256 6536 9732 1196 5276 6185 3713 3424 4753 7874 5807 3651 1821 6718 4855 9290 9912 3522 1310 5855 2552 4472 8203 6984 8185 5335 9325 9708 7807 9049 3177 8613 682 9166 2468 3876 3615 3972 547 9483 619 3440 2389 6334 3085 3771 3021 7975 4180 5078 8227 4338 5888 956 4654 5695 9866 7617 5245 2699 9190 3214 6532 6508 4216 2335 1305 6211 7460 9082 4743 5684 3480 3008 5459 3478 2092 957 9316 3219 5971 3106 6407 7375 3557 7220 6874 8744 8472 7449 6830 1064 4278 8832 648 3686 612 7778 4338 4657 1833 6606 1581 5408 9127 9683 1860 7541 6703 9370 5184 190 1791 8035 951 9424 40 7042 9860 9050 4197 6491 3299 1584 1263 7620 8382 9557 3992 4155 8869 715 6692 4173 8033 8792 9746 9398 8621 9240 7825 431 5955 3998 1714 792 2557 7954 7936 4933 1380 4423 9028 4710 7431 9296 6417 9510 6109 401 83 8150 3284 9279 5639 5343 5640 6815 7530 7317 9177 9918 8121 4489 9996 5489 4078 5224 6070 3082 660 8587 7927 9384 7431 4777 5937 4791 1256 3172 1294 9013 4003 9473 5718 6733 2418 6437 5464 1867 9879 459 3646 5945 2074 8599 88 9890 6277 4763 9402 6047 7824 7132 9074 1026 128 2702 6425 3127 8211 2345 4930 3958 3246 4544 6078 675 3399 4178 3822 3073 736 540 8198 1524 9863 2493 9137 8574 4877 5796 9934 8596 4337 5942 3797 1945 726 3564 8284 5902 953 8802 7231 3159 8513 2370 4683 4368 6153 6864 3447 1168 3412 6359 7243 5944 2028 6739 7424 9930 2005 8520 1369 1428 8877 2897 252 7761 1047 3050 2622 8717 6999 3341 7766 4067 6366 8001 6625 1867 1886 3366 7297 2326 7379 1328 1687 3399 8314 1063 9391 6264 7588 1019 8473 9324 631 1887 6629 7709 8976 7237 8517 3807 5035 7569 1555 7268 9782 4243 3850 4522 5907 3114 7538 8261 1155 5368 3867 4796 3835 2862 5050 1703 3193 6709 1864 6188 7026 5065 4849 738 4444 1825 8687 3773 8081 1409 6121 2052 5943 6953 7866 9028 2693 5196 8715 3624 6896 2783 8312 7670 9069 4263 3200 1046 3975 6219 5634 5543 7782 5415 538 8948 6778 6495 1360 4204 1864 9427 4772 3054 2686 1210 2921 6399 1505 7866 799 1098 2045 780 8257 6335 8916 3632 723 4393 7208 9818 9864 6289 4880 6824 3747 9906 3494 9587 7087 1004 1865 9073 4533 8440 9440 3603 1110 4862 8349 923 3493 1776 1929 475 8018 6018 3688 2588 5058 5306 344 6549 1197 5142 7373 5886 1632 9031 7246 9157 484 8476 5805 1383 3373 5242 8533 6262 9552 6102 2894 4974 6828 7572 232 929 1309 5087 5810 87 5777 8535 2766 4523 7050 928 8436 8070 9602 2869 7392 8362 2534 903 6587 6003 1058 6362 4598 2299 6042 6241 2655 7753 5182 123 4816 948 6297 7538 2441 9319 8308 241 7354 6244 227 8940 1599 7501 3434 5986 3189 1870 1514 9093 6836 4674 7059 3378 6586 3330 8608 3497 8973 8675 9355 7010 6538 3752 1635 8620 5567 9721 8272 7955 3038 4704 1852 4667 7055 4844 8611 78 131 5647 2268 2746 2851 3397 6663 1545 4712 3197 4248 2377 9070 4591 5628 1612 195 1396 8987 1762 9519 1547 8923 7578 9352 9719 8484 8701 6170 1445 3584 5312 8861 5331 2510 7271 6321 8398 8875 4088 6396 2914 6298 8491 1796 8568 4518 3825 6868 1970 9449 8277 8822 68 6152 6677 1856 4309 6243 4897 8640 8308 9504 7335 7039 3295 4308 160 6567 1835 5684 9651 9279 9217 6263 5422 4603 8705 2451 9516 8162 3007 7121 7898 2088 4227 9027 9653 6022 7074 8544 2766 6714 2943 1135 6002 518 417 6477 1715 1601 2135 783 4625 3267 9115 9394 3274 3022 3544 6372 7069 2066 8070 5691 2369 1139 8112 5855 3648 5791 8758 9981 3825 7457 3493 3857 2909 6717 1538 4216 56 9298 19 1822 5585 4573 6033 187 456 9683 9547 4255 6997 5785 9039 83 4406 4376 4535 8549 5619 4962 7838 7092 1127 8798 4701 7359 8188 4740 410 866 8667 1791 6412 7575 8111 5687 6472 1101 7724 6690 3861 8370 1293 2068 1814 4795 636 4914 7192 6530 9913 4027 8753 7263 5955 488 5622 1400 3075 9097 418 9905 2345 1256 5336 4917 9750 8153 3388 8097 4804 925 7155 4460 2621 3465 7217 2458 697 9930 2015 6382 9497 5097 7054 2044 4425 181 6219 6866 8487 6537 2197 2081 2198 4374 1839 4430 8881 8287 2556 9960 811 9731 5638 1737 2100 2991 7317 2139 8113 2971 8187 2741 3121 4334 6790 8777 4746 4781 8819 5897 5285 9636 9201 7542 3640 8813 5868 4369 1666 292 5650 3517 327 7105 9125 94 5955 154 6576 3968 5973 1293 2383 5582 601 7061 6530 6633 3826 8270 737 4528 5672 6355 5715 1151 7883 8124 8017 186 7478 6580 8315 7806 363 4378 8607 9624 7620 5229 1811 8571 6127 5525 3715 1928 9141 682 8491 6484 2426 9110 4588 7881 2697 9981 2486 8099 8547 4804 8221 2579 3953 9717 3291 3501 5022 6050 7159 5850 3405 2140 607 3445 3234 5967 5955 5658 2576 950 1111 3336 2943 9650 6378 6915 523 6625 4139 3956 3266 1773 760 9414 1441 9938 9443 3013 7626 5059 4073 9100 5691 7494 6383 4546 1521 9714 2954 3984 6069 6581 2928 7717 9677 3217 7089 5595 5564 90 239 2511 5585 9372 7488 730 640 8682 8484 9562 4349 9591 8523 641 9716 2604 7578 9774 562 9675 5287 8454 3160 7290 259 8438 4426 7383 8368 7841 2560 3889 2660 8008 4496 7307 3091 1887 1895 8482 7212 7896 6476 3717 5236 620 2831 8993 8353 6901 5210 9311 3756 8823 471 7781 595 6607 8667 5706 3923 1176 1528 3891 7104 212 964 8070 1272 9276 758 2732 3821 2030 8384 4046 7671 7123 5016 5895 3342 7082 4585 9030 8060 7314 928 7754 7980 6770 370 9793 4225 465 9063 4019 6961 7802 2960 3010 800 2845 7312 3436 9207 2879 8790 5171 1525 4817 7209 3100 1091 7208 5145 4497 7183 9213 1289 4435 9821 3991 9399 1384 7390 2933 690 300 7110 7647 1395 5992 4459 5978 8600 3218 9349 2170 4476 1440 2088 4933 7494 885 500 1425 7848 7895 5188 2290 9192 8589 4507 6881 8124 6801 8723 9775 4042 3059 4637 1370 7984 5800 499 8765 1693 7018 6239 3652 5974 8415 5942 7063 8858 874 7500 5828 5879 8559 238 858 4396 2639 7683 5680 2825 9025 1623 9470 635 3052 6817 3006 8783 9792 1197 8893 9568 8161 4968 9132 8682 5762 7425 2299 6031 7422 9939 164 8783 8241 5389 6001 7006 1631 6126 1818 2658 8581 1212 6955 5411 3159 7915 9935 9899 7222 256 6842 9058 4660 3828 4216 2286 5531 7468 1691 3319 709 3792 1440 5555 9243 4543 9987 3824 1165 4187 2385 2694 5722 5553 9631 2284 2290 7543 1904 6908 4371 2815 2937 9587 6381 9074 4669 259 3294 7447 723 9773 4716 5594 1187 529 3428 7628 6898 7578 6310 3338 5773 7053 3836 6914 652 7449 9060 4889 5302 8522 6171 6661 3028 5186 7239 8126 9614 9092 7937 7166 6400 942 8002 4471 7509 6935 1204 2669 1073 881 8341 9856 4409 2406 9156 2111 6851 3660 8320 5433 3802 577 7474 9619 3836 3003 1521 8798 1274 7033 4309 3013 2130 6865 9667 6152 9660 236 8256 5308 4133 5076 8211 6557 3306 9497 7466 3444 5391 1561 9691 9055 9057 711 2072 3677 6429 3023 6230 6334 8838 7274 3720 5896 9297 6642 2573 9640 7002 443 8198 6299 6324 4593 4934 5001 9759 21 8447 3735 7345 3428 5470 8928 5672 7441 101 3510 4124 6391 767 3269 3477 4847 8819 118 1073 1108 2487 7153 9489 7716 8139 8702 8229 3824 7453 4952 9822 2835 5077 4943 4622 604 9097 785 2910 8264 2491 6967 7270 9839 5191 1119 6382 905 9089 9397 7789 2702 3659 2170 6855 8212 8669 4165 5148 2267 1801 5882 3580 819 4291 4842 8235 2792 7625 1587 1322 6265 7527 4014 4144 6395 7674 7464 6863 5837 3632 6335 215 5999 5293 8315 6857 7184 3560 1259 2187 6188 7090 585 3316 2788 2405 4464 4021 3191 8778 4987 1407 7371 9664 957 5035 4911 6953 6792 9975 7286 7264 839 3386 9935 6393 3842 4566 9550 8527 7878 9950 178 2318 4273 8275 745 3401 1669 5097 1021 331 5023 4906 1646 9972 2771 7714 2738 6243 4452 6097 716 5147 5882 7633 8198 5888 1386 1831 342 9584 4733 6547 1476 2189 9420 980 3030 1185 2278 4159 4666 2346 9023 6818 8069 9093 412 6251 1775 8855 793 6358 8174 215 646 5976 8206 7345 1237 7908 821 2855 1924 9238 1573 6617 6876 5237 9274 217 2461 8433 7864 1312 9360 4789 248 145 7967 4794 7872 4998 109 8640 7888 5294 3867 2364 509 205 8880 2840 9211 5484 5677 9746 8660 9668 1212 889 6210 8035 5465 2827 6389 9765 7575 5676 5062 2632 1753 926 3676 6014 7199 5596 543 2378 1388 7844 932 3508 656 2807 1328 4857 6273 8810 474 9681 5203 3977 8743 9680 9871 8886 4745 9681 9587 8830 4223 1071 2831 7513 1029 8815 2366 7076 3050 6369 9613 304 3774 1785 434 767 409 7386 5957 2224 1687 3720 70 7923 4164 9375 4887 1636 647 6782 1484 103 5817 9276 6466 5621 2004 2702 121 9289 6511 5164 6709 8865
8286 5654 7315 6831 224 5301 3761 3825 9363 9892 8752 5255 7931 3116 2070 3052 6196 6901 4527 1359 4295 8425 7551 8757 2610 4482 5630 6962 8337 4207 6698 7400 203 4513 4613 4977 8274 8639 5748 4658 9673 4829 6298 5379 9799 8780 4129 2886 8364 6557 3962 225 661 1220 9402 9234 2441 5584 3434 6663 9440 1735 3791 586 9767 6082 4420 3752 6302 2570 4845 4305 1125 2763 6789 1336 2604 1936 6592 8315 9101 9817 5203 3327 5834 3881 574 7193 6231 3940 2388 6155 5947 6361 3296 7553 5133 592 3602 6179 6596 803 9484 8054 37 4068 8495 447 1610 1974 8410 3238 562 292 1240 866 4388 7581 1145 6861 9452 7863 762 3691 5507 9 8160 3337 3162 9372 3957 7991 6400 2242 8845 7422 1099 1082 3338 1134 1205 8589 4449 5541 839 3634 8206 5841 1004 3554 9668 501 3478 9270 8359 7424 9558 1604 2385 3849 5435 9268 89 4971 7892 4832 9896 3799 4774 119 1796 6284 5171 4592 6559 7784 4626 1129 9249 3115 8927 864 2713 8164 8821 3374 4161 1135 7981 8890 6021 7688 8414 6449 2834 6126 5931 4694 8802 7282 264 5642 5385 1394 3134 4744 8055 292 3045 8990 3600 7654 4862 868 2160 9604 2919 8926 1166 5203 6299 4136 6577 1088 488 7193 5001 4662 3746 127 2303 5282 4474 1322 1165 7173 6220 9487 5621 906 557 7216 8253 8781 1194 1072 462 7893 166 1604 3567 332 7098 900 3385 9546 1847 7667 5598 8460 210 4802 6846 3909 1765 692 3759 6754 4849 1927 4501 4748 3824 5965 1867 8716 6651 8382 4745 8810 9763 4427 5687 244 1059 2863 8086 3918 356 5279 7291 5867 9142 4862 3258 9218 1070 3966 7478 5097 2108 3708 7747 1568 2989 8328 4881 7552 6541 621 4104 5196 4751 4978 3055 9883 9872 9296 4810 6015 327 2825 7934 7428 6950 7908 9836 8577 4706 488 8984 1498 2308 703 7978 4872 2237 8886 4975 4679 2477 6872 3712 5919 6326 2478 1590 163 87 9860 2233 5633 183 2920 7356 8667 4265 7815 1681 6007 1524 5849 215 5373 1812 2995 4850 6281 7314 6635 7695 6094 3656 8036 839 1548 6478 9168 4160 2353 3137 2958 5468 9999 223 9585 9731 4643 7030 8023 8763 8147 2688 3970 4783 2424 9232 3499 6889 7760 6599 7206 3309 3406 5503 3553 1983 5832 3925 1846 1123 1743 9234 8257 6091 7325 8319 7391 1826 3909 9659 334 1450 6321 4948 1896 8384 8232 5020 3864 1613 4206 1543 7239 7101 9732 6633 4024 2997 9916 1269 569 1671 1569 9888 2465 6675 1232 2705 559 1644 7423 3889 1718 8698 7750 4702 9451 1103 4978 618 7362 8867 9097 2925 6322 8681 3256 6536 9732 1196 5276 6185 3713 3424 4753 7874 5807 3651 1821 6718 4855 9290 9912 3522 1310 5855 2552 4472 8203 6984 8185 5335 9325 9708 7807 9049 3177 8613 682 9166 2468 3876 3615 3972 547 9483 619 3440 2389 6334 3085 3771 3021 7975 4180 5078 8227 4338 5888 956 4654 5695 9866 7617 5245 2699 9190 3214 6532 6508 4216 2335 1305 6211 7460 9082 4743 5684 3480 3008 5459 3478 2092 957 9316 3219 5971 3106 6407 7375 3557 7220 6874 8744 8472 7449 6830 1064 4278 8832 648 3686 612 7778 4338 4657 1833 6606 1581 5408 9127 9683 1860 7541 6703 9370 5184 190 1791 8035 951 9424 40 7042 9860 9050 4197 6491 3299 1584 1263 7620 8382 9557 3992 4155 8869 715 6692 4173 8033 8792 9746 9398 8621 9240 7825 431 5955 3998 1714 792 2557 7954 7936 4933 1380 4423 9028 4710 7431 9296 6417 9510 6109 401 83 8150 3284 9279 5639 5343 5640 6815 7530 7317 9177 9918 8121 4489 9996 5489 4078 5224 6070 3082 660 8587 7927 9384 7431 4777 5937 4791 1256 3172 1294 9013 4003 9473 5718 6733 2418 6437 5464 1867 9879 459 3646 5945 2074 8599 88 9890 6277 4763 9402 6047 7824 7132 9074 1026 128 2702 6425 3127 8211 2345 4930 3958 3246 4544 6078 675 3399 4178 3822 3073 736 540 8198 1524 9863 2493 9137 8574 4877 5796 9934 8596 4337 5942 3797 1945 726 3564 8284 5902 953 8802 7231 3159 8513 2370 4683 4368 6153 6864 3447 1168 3412 6359 7243 5944 2028 6739 7424 9930 2005 8520 1369 1428 8877 2897 252 7761 1047 3050 2622 8717 6999 3341 7766 4067 6366 8001 6625 1867 1886 3366 7297 2326 7379 1328 1687 3399 8314 1063 9391 6264 7588 1019 8473 9324 631 1887 6629 7709 8976 7237 8517 3807 5035 7569 1555 7268 9782 4243 3850 4522 5907 3114 7538 8261 1155 5368 3867 4796 3835 2862 5050 1703 3193 6709 1864 6188 7026 5065 4849 738 4444 1825 8687 3773 8081 1409 6121 2052 5943 6953 7866 9028 2693 5196 8715 3624 6896 2783 8312 7670 9069 4263 3200 1046 3975 6219 5634 5543 7782 5415 538 8948 6778 6495 1360 4204 1864 9427 4772 3054 2686 1210 2921 6399 1505 7866 799 1098 2045 780 8257 6335 8916 3632 723 4393 7208 9818 9864 6289 4880 6824 3747 9906 3494 9587 7087 1004 1865 9073 4533 8440 9440 3603 1110 4862 8349 923 3493 1776 1929 475 8018 6018 3688 2588 5058 5306 344 6549 1197 5142 7373 5886 1632 9031 7246 9157 484 8476 5805 1383 3373 5242 8533 6262 9552 6102 2894 4974 6828 7572 232 929 1309 5087 5810 87 5777 8535 2766 4523 7050 928 8436 8070 9602 2869 7392 8362 2534 903 6587 6003 1058 6362 4598 2299 6042 6241 2655 7753 5182 123 4816 948 6297 7538 2441 9319 8308 241 7354 6244 227 8940 1599 7501 3434 5986 3189 1870 1514 9093 6836 4674 7059 3378 6586 3330 8608 3497 8973 8675 9355 7010 6538 3752 1635 8620 5567 9721 8272 7955 3038 4704 1852 4667 7055 4844 8611 78 131 5647 2268 2746 2851 3397 6663 1545 4712 3197 4248 2377 9070 4591 5628 1612 195 1396 8987 1762 9519 1547 8923 7578 9352 9719 8484 8701 6170 1445 3584 5312 8861 5331 2510 7271 6321 8398 8875 4088 6396 2914 6298 8491 1796 8568 4518 3825 6868 1970 9449 8277 8822 68 6152 6677 1856 4309 6243 4897 8640 8308 9504 7335 7039 3295 4308 160 6567 1835 5684 9651 9279 9217 6263 5422 4603 8705 2451 9516 8162 3007 7121 7898 2088 4227 9027 9653 6022 7074 8544 2766 6714 2943 1135 6002 518 417 6477 1715 1601 2135 783 4625 3267 9115 9394 3274 3022 3544 6372 7069 2066 8070 5691 2369 1139 8112 5855 3648 5791 8758 9981 3825 7457 3493 3857 2909 6717 1538 4216 56 9298 19 1822 5585 4573 6033 187 456 9683 9547 4255 6997 5785 9039 83 4406 4376 4535 8549 5619 4962 7838 7092 1127 8798 4701 7359 8188 4740 410 866 8667 1791 6412 7575 8111 5687 6472 1101 7724 6690 3861 8370 1293 2068 1814 4795 636 4914 7192 6530 9913 4027 8753 7263 5955 488 5622 1400 3075 9097 418 9905 2345 1256 5336 4917 9750 8153 3388 8097 4804 925 7155 4460 2621 3465 7217 2458 697 9930 2015 6382 9497 5097 7054 2044 4425 181 6219 6866 8487 6537 2197 2081 2198 4374 1839 4430 8881 8287 2556 9960 811 9731 5638 1737 2100 2991 7317 2139 8113 2971 8187 2741 3121 4334 6790 8777 4746 4781 8819 5897 5285 9636 9201 7542 3640 8813 5868 4369 1666 292 5650 3517 327 7105 9125 94 5955 154 6576 3968 5973 1293 2383 5582 601 7061 6530 6633 3826 8270 737 4528 5672 6355 5715 1151 7883 8124 8017 186 7478 6580 8315 7806 363 4378 8607 9624 7620 5229 1811 8571 6127 5525 3715 1928 9141 682 8491 6484 2426 9110 4588 7881 2697 9981 2486 8099 8547 4804 8221 2579 3953 9717 3291 3501 5022 6050 7159 5850 3405 2140 607 3445 3234 5967 5955 5658 2576 950 1111 3336 2943 9650 6378 6915 523 6625 4139 3956 3266 1773 760 9414 1441 9938 9443 3013 7626 5059 4073 9100 5691 7494 6383 4546 1521 9714 2954 3984 6069 6581 2928 7717 9677 3217 7089 5595 5564 90 239 2511 5585 9372 7488 730 640 8682 8484 9562 4349 9591 8523 641 9716 2604 7578 9774 562 9675 5287 8454 3160 7290 259 8438 4426 7383 8368 7841 2560 3889 2660 8008 4496 7307 3091 1887 1895 8482 7212 7896 6476 3717 5236 620 2831 8993 8353 6901 5210 9311 3756 8823 471 7781 595 6607 8667 5706 3923 1176 1528 3891 7104 212 964 8070 1272 9276 758 2732 3821 2030 8384 4046 7671 7123 5016 5895 3342 7082 4585 9030 8060 7314 928 7754 7980 6770 370 9793 4225 465 9063 4019 6961 7802 2960 3010 800 2845 7312 3436 9207 2879 8790 5171 1525 4817 7209 3100 1091 7208 5145 4497 7183 9213 1289 4435 9821 3991 9399 1384 7390 2933 690 300 7110 7647 1395 5992 4459 5978 8600 3218 9349 2170 4476 1440 2088 4933 7494 885 500 1425 7848 7895 5188 2290 9192 8589 4507 6881 8124 6801 8723 9775 4042 3059 4637 1370 7984 5800 499 8765 1693 7018 6239 3652 5974 8415 5942 7063 8858 874 7500 5828 5879 8559 238 858 4396 2639 7683 5680 2825 9025 1623 9470 635 3052 6817 3006 8783 9792 1197 8893 9568 8161 4968 9132 8682 5762 7425 2299 6031 7422 9939 164 8783 8241 5389 6001 7006 1631 6126 1818 2658 8581 1212 6955 5411 3159 7915 9935 9899 7222 256 6842 9058 4660 3828 4216 2286 5531 7468 1691 3319 709 3792 1440 5555 9243 4543 9987 3824 1165 4187 2385 2694 5722 5553 9631 2284 2290 7543 1904 6908 4371 2815 2937 9587 6381 9074 4669 259 3294 7447 723 9773 4716 5594 1187 529 3428 7628 6898 7578 6310 3338 5773 7053 3836 6914 652 7449 9060 4889 5302 8522 6171 6661 3028 5186 7239 8126 9614 9092 7937 7166 6400 942 8002 4471 7509 6935 1204 2669 1073 881 8341 9856 4409 2406 9156 2111 6851 3660 8320 5433 3802 577 7474 9619 3836 3003 1521 8798 1274 7033 4309 3013 2130 6865 9667 6152 9660 236 8256 5308 4133 5076 8211 6557 3306 9497 7466 3444 5391 1561 9691 9055 9057 711 2072 3677 6429 3023 6230 6334 8838 7274 3720 5896 9297 6642 2573 9640 7002 443 8198 6299 6324 4593 4934 5001 9759 21 8447 3735 7345 3428 5470 8928 5672 7441 101 3510 4124 6391 767 3269 3477 4847 8819 118 1073 1108 2487 7153 9489 7716 8139 8702 8229 3824 7453 4952 9822 2835 5077 4943 4622 604 9097 785 2910 8264 2491 6967 7270 9839 5191 1119 6382 905 9089 9397 7789 2702 3659 2170 6855 8212 8669 4165 5148 2267 1801 5882 3580 819 4291 4842 8235 2792 7625 1587 1322 6265 7527 4014 4144 6395 7674 7464 6863 5837 3632 6335 215 5999 5293 8315 6857 7184 3560 1259 2187 6188 7090 585 3316 2788 2405 4464 4021 3191 8778 4987 1407 7371 9664 957 5035 4911 6953 6792 9975 7286 7264 839 3386 9935 6393 3842 4566 9550 8527 7878 9950 178 2318 4273 8275 745 3401 1669 5097 1021 331 5023 4906 1646 9972 2771 7714 2738 6243 4452 6097 716 5147 5882 7633 8198 5888 1386 1831 342 9584 4733 6547 1476 2189 9420 980 3030 1185 2278 4159 4666 2346 9023 6818 8069 9093 412 6251 1775 8855 793 6358 8174 215 646 5976 8206 7345 1237 7908 821 2855 1924 9238 1573 6617 6876 5237 9274 217 2461 8433 7864 1312 9360 4789 248 145 7967 4794 7872 4998 109 8640 7888 5294 3867 2364 509 205 8880 2840 9211 5484 5677 9746 8660 9668 1212 889 6210 8035 5465 2827 6389 9765 7575 5676 5062 2632 1753 926 3676 6014 7199 5596 543 2378 1388 7844 932 3508 656 2807 1328 4857 6273 8810 474 9681 5203 3977 8743 9680 9871 8886 4745 9681 9587 8830 4223 1071 2831 7513 1029 8815 2366 7076 3050 6369 9613 304 3774 1785 434 767 409 7386 5957 2224 1687 3720 70 7923 4164 9375 4887 1636 647 6782 1484 103 5817 9276 6466 5621 2004 2702 121 9289 6511 5164 6709 8865
8286 5654 7315 6831 224 5301 3761 3825 9363 9892 8752 5255 7931 3116 2070 3052 6196 6901 4527 1359 4295 8425 7551 8757 2610 4482 5630 6962 8337 4207 6698 7400 203 4513 4613 4977 8274 8639 5748 4658 9673 4829 6298 5379 9799 8780 4129 2886 8364 6557 3962 225 661 1220 9402 9234 2441 5584 3434 6663 9440 1735 3791 586 9767 6082 4420 3752 6302 2570 4845 4305 1125 2763 6789 1336 2604 1936 6592 8315 9101 9817 5203 3327 5834 3881 574 7193 6231 3940 2388 6155 5947 6361 3296 7553 5133 592 3602 6179 6596 803 9484 8054 37 4068 8495 447 1610 1974 8410 3238 562 292 1240 866 4388 7581 1145 6861 9452 7863 762 3691 5507 9 8160 3337 3162 9372 3957 7991 6400 2242 8845 7422 1099 1082 3338 1134 1205 8589 4449 5541 839 3634 8206 5841 1004 3554 9668 501 3478 9270 8359 7424 9558 1604 2385 3849 5435 9268 89 4971 7892 4832 9896 3799 4774 119 1796 6284 5171 4592 6559 7784 4626 1129 9249 3115 8927 864 2713 8164 8821 3374 4161 1135 7981 8890 6021 7688 8414 6449 2834 6126 5931 4694 8802 7282 264 5642 5385 1394 3134 4744 8055 292 3045 8990 3600 7654 4862 868 2160 9604 2919 8926 1166 5203 6299 4136 6577 1088 488 7193 5001 4662 3746 127 2303 5282 4474 1322 1165 7173 6220 9487 5621 906 557 7216 8253 8781 1194 1072 462 7893 166 1604 3567 332 7098 900 3385 9546 1847 7667 5598 8460 210 4802 6846 3909 1765 692 3759 6754 4849 1927 4501 4748 3824 5965 1867 8716 6651 8382 4745 8810 9763 4427 5687 244 1059 2863 8086 3918 356 5279 7291 5867 9142 4862 3258 9218 1070 3966 7478 5097 2108 3708 7747 1568 2989 8328 4881 7552 6541 621 4104 5196 4751 4978 3055 9883 9872 9296 4810 6015 327 2825 7934 7428 6950 7908 9836 8577 4706 488 8984 1498 2308 703 7978 4872 2237 8886 4975 4679 2477 6872 3712 5919 6326 2478 1590 163 87 9860 2233 5633 183 2920 7356 8667 4265 7815 1681 6007 1524 5849 215 5373 1812 2995 4850 6281 7314 6635 7695 6094 3656 8036 839 1548 6478 9168 4160 2353 3137 2958 5468 9999 223 9585 9731 4643 7030 8023 8763 8147 2688 3970 4783 2424 9232 3499 6889 7760 6599 7206 3309 3406 5503 3553 1983 5832 3925 1846 1123 1743 9234 8257 6091 7325 8319 7391 1826 3909 9659 334 1450 6321 4948 1896 8384 8232 5020 3864 1613 4206 1543 7239 7101 9732 6633 4024 2997 9916 1269 569 1671 1569 9888 2465 6675 1232 2705 559 1644 7423 3889 1718 8698 7750 4702 9451 1103 4978 618 7362 8867 9097 2925 6322 8681 3256 6536 9732 1196 5276 6185 3713 3424 4753 7874 5807 3651 1821 6718 4855 9290 9912 3522 1310 5855 2552 4472 8203 6984 8185 5335 9325 9708 7807 9049 3177 8613 682 9166 2468 3876 3615 3972 547 9483 619 3440 2389 6334 3085 3771 3021 7975 4180 5078 8227 4338 5888 956 4654 5695 9866 7617 5245 2699 9190 3214 6532 6508 4216 2335 1305 6211 7460 9082 4743 5684 3480 3008 5459 3478 2092 957 9316 3219 5971 3106 6407 7375 3557 7220 6874 8744 8472 7449 6830 1064 4278 8832 648 3686 612 7778 4338 4657 1833 6606 1581 5408 9127 9683 1860 7541 6703 9370 5184 190 1791 8035 951 9424 40 7042 9860 9050 4197 6491 3299 1584 1263 7620 8382 9557 3992 4155 8869 715 6692 4173 8033 8792 9746 9398 8621 9240 7825 431 5955 3998 1714 792 2557 7954 7936 4933 1380 4423 9028 4710 7431 9296 6417 9510 6109 401 83 8150 3284 9279 5639 5343 5640 6815 7530 7317 9177 9918 8121 4489 9996 5489 4078 5224 6070 3082 660 8587 7927 9384 7431 4777 5937 4791 1256 3172 1294 9013 4003 9473 5718 6733 2418 6437 5464 1867 9879 459 3646 5945 2074 8599 88 9890 6277 4763 9402 6047 7824 7132 9074 1026 128 2702 6425 3127 8211 2345 4930 3958 3246 4544 6078 675 3399 4178 3822 3073 736 540 8198 1524 9863 2493 9137 8574 4877 5796 9934 8596 4337 5942 3797 1945 726 3564 8284 5902 953 8802 7231 3159 8513 2370 4683 4368 6153 6864 3447 1168 3412 6359 7243 5944 2028 6739 7424 9930 2005 8520 1369 1428 8877 2897 252 7761 1047 3050 2622 8717 6999 3341 7766 4067 6366 8001 6625 1867 1886 3366 7297 2326 7379 1328 1687 3399 8314 1063 9391 6264 7588 1019 8473 9324 631 1887 6629 7709 8976 7237 8517 3807 5035 7569 1555 7268 9782 4243 3850 4522 5907 3114 7538 8261 1155 5368 3867 4796 3835 2862 5050 1703 3193 6709 1864 6188 7026 5065 4849 738 4444 1825 8687 3773 8081 1409 6121 2052 5943 6953 7866 9028 2693 5196 8715 3624 6896 2783 8312 7670 9069 4263 3200 1046 3975 6219 5634 5543 7782 5415 538 8948 6778 6495 1360 4204 1864 9427 4772 3054 2686 1210 2921 6399 1505 7866 799 1098 2045 780 8257 6335 8916 3632 723 4393 7208 9818 9864 6289 4880 6824 3747 9906 3494 9587 7087 1004 1865 9073 4533 8440 9440 3603 1110 4862 8349 923 3493 1776 1929 475 8018 6018 3688 2588 5058 5306 344 6549 1197 5142 7373 5886 1632 9031 7246 9157 484 8476 5805 1383 3373 5242 8533 6262 9552 6102 2894 4974 6828 7572 232 929 1309 5087 5810 87 5777 8535 2766 4523 7050 928 8436 8070 9602 2869 7392 8362 2534 903 6587 6003 1058 6362 4598 2299 6042 6241 2655 7753 5182 123 4816 948 6297 7538 2441 9319 8308 241 7354 6244 227 8940 1599 7501 3434 5986 3189 1870 1514 9093 6836 4674 7059 3378 6586 3330 8608 3497 8973 8675 9355 7010 6538 3752 1635 8620 5567 9721 8272 7955 3038 4704 1852 4667 7055 4844 8611 78 131 5647 2268 2746 2851 3397 6663 1545 4712 3197 4248 2377 9070 4591 5628 1612 195 1396 8987 1762 9519 1547 8923 7578 9352 9719 8484 8701 6170 1445 3584 5312 8861 5331 2510 7271 6321 8398 8875 4088 6396 2914 6298 8491 1796 8568 4518 3825 6868 1970 9449 8277 8822 68 6152 6677 1856 4309 6243 4897 8640 8308 9504 7335 7039 3295 4308 160 6567 1835 5684 9651 9279 9217 6263 5422 4603 8705 2451 9516 8162 3007 7121 7898 2088 4227 9027 9653 6022 7074 8544 2766 6714 2943 1135 6002 518 417 6477 1715 1601 2135 783 4625 3267 9115 9394 3274 3022 3544 6372 7069 2066 8070 5691 2369 1139 8112 5855 3648 5791 8758 9981 3825 7457 3493 3857 2909 6717 1538 4216 56 9298 19 1822 5585 4573 6033 187 456 9683 9547 4255 6997 5785 9039 83 4406 4376 4535 8549 5619 4962 7838 7092 1127 8798 4701 7359 8188 4740 410 866 8667 1791 6412 7575 8111 5687 6472 1101 7724 6690 3861 8370 1293 2068 1814 4795 636 4914 7192 6530 9913 4027 8753 7263 5955 488 5622 1400 3075 9097 418 9905 2345 1256 5336 4917 9750 8153 3388 8097 4804 925 7155 4460 2621 3465 7217 2458 697 9930 2015 6382 9497 5097 7054 2044 4425 181 6219 6866 8487 6537 2197 2081 2198 4374 1839 4430 8881 8287 2556 9960 811 9731 5638 1737 2100 2991 7317 2139 8113 2971 8187 2741 3121 4334 6790 8777 4746 4781 8819 5897 5285 9636 9201 7542 3640 8813 5868 4369 1666 292 5650 3517 327 7105 9125 94 5955 154 6576 3968 5973 1293 2383 5582 601 7061 6530 6633 3826 8270 737 4528 5672 6355 5715 1151 7883 8124 8017 186 7478 6580 8315 7806 363 4378 8607 9624 7620 5229 1811 8571 6127 5525 3715 1928 9141 682 8491 6484 2426 9110 4588 7881 2697 9981 2486 8099 8547 4804 8221 2579 3953 9717 3291 3501 5022 6050 7159 5850 3405 2140 607 3445 3234 5967 5955 5658 2576 950 1111 3336 2943 9650 6378 6915 523 6625 4139 3956 3266 1773 760 9414 1441 9938 9443 3013 7626 5059 4073 9100 5691 7494 6383 4546 1521 9714 2954 3984 6069 6581 2928 7717 9677 3217 7089 5595 5564 90 239 2511 5585 9372 7488 730 640 8682 8484 9562 4349 9591 8523 641 9716 2604 7578 9774 562 9675 5287 8454 3160 7290 259 8438 4426 7383 8368 7841 2560 3889 2660 8008 4496 7307 3091 1887 1895 8482 7212 7896 6476 3717 5236 620 2831 8993 8353 6901 5210 9311 3756 8823 471 7781 595 6607 8667 5706 3923 1176 1528 3891 7104 212 964 8070 1272 9276 758 2732 3821 2030 8384 4046 7671 7123 5016 5895 3342 7082 4585 9030 8060 7314 928 7754 7980 6770 370 9793 4225 465 9063 4019 6961 7802 2960 3010 800 2845 7312 3436 9207 2879 8790 5171 1525 4817 7209 3100 1091 7208 5145 4497 7183 9213 1289 4435 9821 3991 9399 1384 7390 2933 690 300 7110 7647 1395 5992 4459 5978 8600 3218 9349 2170 4476 1440 2088 4933 7494 885 500 1425 7848 7895 5188 2290 9192 8589 4507 6881 8124 6801 8723 9775 4042 3059 4637 1370 7984 5800 499 8765 1693 7018 6239 3652 5974 8415 5942 7063 8858 874 7500 5828 5879 8559 238 858 4396 2639 7683 5680 2825 9025 1623 9470 635 3052 6817 3006 8783 9792 1197 8893 9568 8161 4968 9132 8682 5762 7425 2299 6031 7422 9939 164 8783 8241 5389 6001 7006 1631 6126 1818 2658 8581 1212 6955 5411 3159 7915 9935 9899 7222 256 6842 9058 4660 3828 4216 2286 5531 7468 1691 3319 709 3792 1440 5555 9243 4543 9987 3824 1165 4187 2385 2694 5722 5553 9631 2284 2290 7543 1904 6908 4371 2815 2937 9587 6381 9074 4669 259 3294 7447 723 9773 4716 5594 1187 529 3428 7628 6898 7578 6310 3338 5773 7053 3836 6914 652 7449 9060 4889 5302 8522 6171 6661 3028 5186 7239 8126 9614 9092 7937 7166 6400 942 8002 4471 7509 6935 1204 2669 1073 881 8341 9856 4409 2406 9156 2111 6851 3660 8320 5433 3802 577 7474 9619 3836 3003 1521 8798 1274 7033 4309 3013 2130 6865 9667 6152 9660 236 8256 5308 4133 5076 8211 6557 3306 9497 7466 3444 5391 1561 9691 9055 9057 711 2072 3677 6429 3023 6230 6334 8838 7274 3720 5896 9297 6642 2573 9640 7002 443 8198 6299 6324 4593 4934 5001 9759 21 8447 3735 7345 3428 5470 8928 5672 7441 101 3510 4124 6391 767 3269 3477 4847 8819 118 1073 1108 2487 7153 9489 7716 8139 8702 8229 3824 7453 4952 9822 2835 5077 4943 4622 604 9097 785 2910 8264 2491 6967 7270 9839 5191 1119 6382 905 9089 9397 7789 2702 3659 2170 6855 8212 8669 4165 5148 2267 1801 5882 3580 819 4291 4842 8235 2792 7625 1587 1322 6265 7527 4014 4144 6395 7674 7464 6863 5837 3632 6335 215 5999 5293 8315 6857 7184 3560 1259 2187 6188 7090 585 3316 2788 2405 4464 4021 3191 8778 4987 1407 7371 9664 957 5035 4911 6953 6792 9975 7286 7264 839 3386 9935 6393 3842 4566 9550 8527 7878 9950 178 2318 4273 8275 745 3401 1669 5097 1021 331 5023 4906 1646 9972 2771 7714 2738 6243 4452 6097 716 5147 5882 7633 8198 5888 1386 1831 342 9584 4733 6547 1476 2189 9420 980 3030 1185 2278 4159 4666 2346 9023 6818 8069 9093 412 6251 1775 8855 793 6358 8174 215 646 5976 8206 7345 1237 7908 821 2855 1924 9238 1573 6617 6876 5237 9274 217 2461 8433 7864 1312 9360 4789 248 145 7967 4794 7872 4998 109 8640 7888 5294 3867 2364 509 205 8880 2840 9211 5484 5677 9746 8660 9668 1212 889 6210 8035 5465 2827 6389 9765 7575 5676 5062 2632 1753 926 3676 6014 7199 5596 543 2378 1388 7844 932 3508 656 2807 1328 4857 6273 8810 474 9681 5203 3977 8743 9680 9871 8886 4745 9681 9587 8830 4223 1071 2831 7513 1029 8815 2366 7076 3050 6369 9613 304 3774 1785 434 767 409 7386 5957 2224 1687 3720 70 7923 4164 9375 4887 1636 647 6782 1484 103 5817 9276 6466 5621 2004 2702 121 9289 6511 5164 6709 8865
8865 6709 5164 6511 9289 121 2702 2004 5621 6466 9276 5817 103 1484 6782 647 1636 4887 9375 4164 7923 70 3720 1687 2224 5957 7386 409 767 434 1785 3774 304 9613 6369 3050 7076 2366 8815 1029 7513 2831 1071 4223 8830 9587 9681 4745 8886 9871 9680 8743 3977 5203 9681 474 8810 6273 4857 1328 2807 656 3508 932 7844 1388 2378 543 5596 7199 6014 3676 926 1753 2632 5062 5676 7575 9765 6389 2827 5465 8035 6210 889 1212 9668 8660 9746 5677 5484 9211 2840 8880 205 509 2364 3867 5294 7888 8640 109 4998 7872 4794 7967 145 248 4789 9360 1312 7864 8433 2461 217 9274 5237 6876 6617 1573 9238 1924 2855 821 7908 1237 7345 8206 5976 646 215 8174 6358 793 8855 1775 6251 412 9093 8069 6818 9023 2346 4666 4159 2278 1185 3030 980 9420 2189 1476 6547 4733 9584 342 1831 1386 5888 8198 7633 5882 5147 716 6097 4452 6243 2738 7714 2771 9972 1646 4906 5023 331 1021 5097 1669 3401 745 8275 4273 2318 178 9950 7878 8527 9550 4566 3842 6393 9935 3386 839 7264 7286 9975 6792 6953 4911 5035 957 9664 7371 1407 4987 8778 3191 4021 4464 2405 2788 3316 585 7090 6188 2187 1259 3560 7184 6857 8315 5293 5999 215 6335 3632 5837 6863 7464 7674 6395 4144 4014 7527 6265 1322 1587 7625 2792 8235 4842 4291 819 3580 5882 1801 2267 5148 4165 8669 8212 6855 2170 3659 2702 7789 9397 9089 905 6382 1119 5191 9839 7270 6967 2491 8264 2910 785 9097 604 4622 4943 5077 2835 9822 4952 7453 3824 8229 8702 8139 7716 9489 7153 2487 1108 1073 118 8819 4847 3477 3269 767 6391 4124 3510 101 7441 5672 8928 5470 3428 7345 3735 8447 21 9759 5001 4934 4593 6324 6299 8198 443 7002 9640 2573 6642 9297 5896 3720 7274 8838 6334 6230 3023 6429 3677 2072 711 9057 9055 9691 1561 5391 3444 7466 9497 3306 6557 8211 5076 4133 5308 8256 236 9660 6152 9667 6865 2130 3013 4309 7033 1274 8798 1521 3003 3836 9619 7474 577 3802 5433 8320 3660 6851 2111 9156 2406 4409 9856 8341 881 1073 2669 1204 6935 7509 4471 8002 942 6400 7166 7937 9092 9614 8126 7239 5186 3028 6661 6171 8522 5302 4889 9060 7449 652 6914 3836 7053 5773 3338 6310 7578 6898 7628 3428 529 1187 5594 4716 9773 723 7447 3294 259 4669 9074 6381 9587 2937 2815 4371 6908 1904 7543 2290 2284 9631 5553 5722 2694 2385 4187 1165 3824 9987 4543 9243 5555 1440 3792 709 3319 1691 7468 5531 2286 4216 3828 4660 9058 6842 256 7222 9899 9935 7915 3159 5411 6955 1212 8581 2658 1818 6126 1631 7006 6001 5389 8241 8783 164 9939 7422 6031 2299 7425 5762 8682 9132 4968 8161 9568 8893 1197 9792 8783 3006 6817 3052 635 9470 1623 9025 2825 5680 7683 2639 4396 858 238 8559 5879 5828 7500 874 8858 7063 5942 8415 5974 3652 6239 7018 1693 8765 499 5800 7984 1370 4637 3059 4042 9775 8723 6801 8124 6881 4507 8589 9192 2290 5188 7895 7848 1425 500 885 7494 4933 2088 1440 4476 2170 9349 3218 8600 5978 4459 5992 1395 7647 7110 300 690 2933 7390 1384 9399 3991 9821 4435 1289 9213 7183 4497 5145 7208 1091 3100 7209 4817 1525 5171 8790 2879 9207 3436 7312 2845 800 3010 2960 7802 6961 4019 9063 465 4225 9793 370 6770 7980 7754 928 7314 8060 9030 4585 7082 3342 5895 5016 7123 7671 4046 8384 2030 3821 2732 758 9276 1272 8070 964 212 7104 3891 1528 1176 3923 5706 8667 6607 595 7781 471 8823 3756 9311 5210 6901 8353 8993 2831 620 5236 3717 6476 7896 7212 8482 1895 1887 3091 7307 4496 8008 2660 3889 2560 7841 8368 7383 4426 8438 259 7290 3160 8454 5287 9675 562 9774 7578 2604 9716 641 8523 9591 4349 9562 8484 8682 640 730 7488 9372 5585 2511 239 90 5564 5595 7089 3217 9677 7717 2928 6581 6069 3984 2954 9714 1521 4546 6383 7494 5691 9100 4073 5059 7626 3013 9443 9938 1441 9414 760 1773 3266 3956 4139 6625 523 6915 6378 9650 2943 3336 1111 950 2576 5658 5955 5967 3234 3445 607 2140 3405 5850 7159 6050 5022 3501 3291 9717 3953 2579 8221 4804 8547 8099 2486 9981 2697 7881 4588 9110 2426 6484 8491 682 9141 1928 3715 5525 6127 8571 1811 5229 7620 9624 8607 4378 363 7806 8315 6580 7478 186 8017 8124 7883 1151 5715 6355 5672 4528 737 8270 3826 6633 6530 7061 601 5582 2383 1293 5973 3968 6576 154 5955 94 9125 7105 327 3517 5650 292 1666 4369 5868 8813 3640 7542 9201 9636 5285 5897 8819 4781 4746 8777 6790 4334 3121 2741 8187 2971 8113 2139 7317 2991 2100 1737 5638 9731 811 9960 2556 8287 8881 4430 1839 4374 2198 2081 2197 6537 8487 6866 6219 181 4425 2044 7054 5097 9497 6382 2015 9930 697 2458 7217 3465 2621 4460 7155 925 4804 8097 3388 8153 9750 4917 5336 1256 2345 9905 418 9097 3075 1400 5622 488 5955 7263 8753 4027 9913 6530 7192 4914 636 4795 1814 2068 1293 8370 3861 6690 7724 1101 6472 5687 8111 7575 6412 1791 8667 866 410 4740 8188 7359 4701 8798 1127 7092 7838 4962 5619 8549 4535 4376 4406 83 9039 5785 6997 4255 9547 9683 456 187 6033 4573 5585 1822 19 9298 56 4216 1538 6717 2909 3857 3493 7457 3825 9981 8758 5791 3648 5855 8112 1139 2369 5691 8070 2066 7069 6372 3544 3022 3274 9394 9115 3267 4625 783 2135 1601 1715 6477 417 518 6002 1135 2943 6714 2766 8544 7074 6022 9653 9027 4227 2088 7898 7121 3007 8162 9516 2451 8705 4603 5422 6263 9217 9279 9651 5684 1835 6567 160 4308 3295 7039 7335 9504 8308 8640 4897 6243 4309 1856 6677 6152 68 8822 8277 9449 1970 6868 3825 4518 8568 1796 8491 6298 2914 6396 4088 8875 8398 6321 7271 2510 5331 8861 5312 3584 1445 6170 8701 8484 9719 9352 7578 8923 1547 9519 1762 8987 1396 195 1612 5628 4591 9070 2377 4248 3197 4712 1545 6663 3397 2851 2746 2268 5647 131 78 8611 4844 7055 4667 1852 4704 3038 7955 8272 9721 5567 8620 1635 3752 6538 7010 9355 8675 8973 3497 8608 3330 6586 3378 7059 4674 6836 9093 1514 1870 3189 5986 3434 7501 1599 8940 227 6244 7354 241 8308 9319 2441 7538 6297 948 4816 123 5182 7753 2655 6241 6042 2299 4598 6362 1058 6003 6587 903 2534 8362 7392 2869 9602 8070 8436 928 7050 4523 2766 8535 5777 87 5810 5087 1309 929 232 7572 6828 4974 2894 6102 9552 6262 8533 5242 3373 1383 5805 8476 484 9157 7246 9031 1632 5886 7373 5142 1197 6549 344 5306 5058 2588 3688 6018 8018 475 1929 1776 3493 923 8349 4862 1110 3603 9440 8440 4533 9073 1865 1004 7087 9587 3494 9906 3747 6824 4880 6289 9864 9818 7208 4393 723 3632 8916 6335 8257 780 2045 1098 799 7866 1505 6399 2921 1210 2686 3054 4772 9427 1864 4204 1360 6495 6778 8948 538 5415 7782 5543 5634 6219 3975 1046 3200 4263 9069 7670 8312 2783 6896 3624 8715 5196 2693 9028 7866 6953 5943 2052 6121 1409 8081 3773 8687 1825 4444 738 4849 5065 7026 6188 1864 6709 3193 1703 5050 2862 3835 4796 3867 5368 1155 8261 7538 3114 5907 4522 3850 4243 9782 7268 1555 7569 5035 3807 8517 7237 8976 7709 6629 1887 631 9324 8473 1019 7588 6264 9391 1063 8314 3399 1687 1328 7379 2326 7297 3366 1886 1867 6625 8001 6366 4067 7766 3341 6999 8717 2622 3050 1047 7761 252 2897 8877 1428 1369 8520 2005 9930 7424 6739 2028 5944 7243 6359 3412 1168 3447 6864 6153 4368 4683 2370 8513 3159 7231 8802 953 5902 8284 3564 726 1945 3797 5942 4337 8596 9934 5796 4877 8574 9137 2493 9863 1524 8198 540 736 3073 3822 4178 3399 675 6078 4544 3246 3958 4930 2345 8211 3127 6425 2702 128 1026 9074 7132 7824 6047 9402 4763 6277 9890 88 8599 2074 5945 3646 459 9879 1867 5464 6437 2418 6733 5718 9473 4003 9013 1294 3172 1256 4791 5937 4777 7431 9384 7927 8587 660 3082 6070 5224 4078 5489 9996 4489 8121 9918 9177 7317 7530 6815 5640 5343 5639 9279 3284 8150 83 401 6109 9510 6417 9296 7431 4710 9028 4423 1380 4933 7936 7954 2557 792 1714 3998 5955 431 7825 9240 8621 9398 9746 8792 8033 4173 6692 715 8869 4155 3992 9557 8382 7620 1263 1584 3299 6491 4197 9050 9860 7042 40 9424 951 8035 1791 190 5184 9370 6703 7541 1860 9683 9127 5408 1581 6606 1833 4657 4338 7778 612 3686 648 8832 4278 1064 6830 7449 8472 8744 6874 7220 3557 7375 6407 3106 5971 3219 9316 957 2092 3478 5459 3008 3480 5684 4743 9082 7460 6211 1305 2335 4216 6508 6532 3214 9190 2699 5245 7617 9866 5695 4654 956 5888 4338 8227 5078 4180 7975 3021 3771 3085 6334 2389 3440 619 9483 547 3972 3615 3876 2468 9166 682 8613 3177 9049 7807 9708 9325 5335 8185 6984 8203 4472 2552 5855 1310 3522 9912 9290 4855 6718 1821 3651 5807 7874 4753 3424 3713 6185 5276 1196 9732 6536 3256 8681 6322 2925 9097 8867 7362 618 4978 1103 9451 4702 7750 8698 1718 3889 7423 1644 559 2705 1232 6675 2465 9888 1569 1671 569 1269 9916 2997 4024 6633 9732 7101 7239 1543 4206 1613 3864 5020 8232 8384 1896 4948 6321 1450 334 9659 3909 1826 7391 8319 7325 6091 8257 9234 1743 1123 1846 3925 5832 1983 3553 5503 3406 3309 7206 6599 7760 6889 3499 9232 2424 4783 3970 2688 8147 8763 8023 7030 4643 9731 9585 223 9999 5468 2958 3137 2353 4160 9168 6478 1548 839 8036 3656 6094 7695 6635 7314 6281 4850 2995 1812 5373 215 5849 1524 6007 1681 7815 4265 8667 7356 2920 183 5633 2233 9860 87 163 1590 2478 6326 5919 3712 6872 2477 4679 4975 8886 2237 4872 7978 703 2308 1498 8984 488 4706 8577 9836 7908 6950 7428 7934 2825 327 6015 4810 9296 9872 9883 3055 4978 4751 5196 4104 621 6541 7552 4881 8328 2989 1568 7747 3708 2108 5097 7478 3966 1070 9218 3258 4862 9142 5867 7291 5279 356 3918 8086 2863 1059 244 5687 4427 9763 8810 4745 8382 6651 8716 1867 5965 3824 4748 4501 1927 4849 6754 3759 692 1765 3909 6846 4802 210 8460 5598 7667 1847 9546 3385 900 7098 332 3567 1604 166 7893 462 1072 1194 8781 8253 7216 557 906 5621 9487 6220 7173 1165 1322 4474 5282 2303 127 3746 4662 5001 7193 488 1088 6577 4136 6299 5203 1166 8926 2919 9604 2160 868 4862 7654 3600 8990 3045 292 8055 4744 3134 1394 5385 5642 264 7282 8802 4694 5931 6126 2834 6449 8414 7688 6021 8890 7981 1135 4161 3374 8821 8164 2713 864 8927 3115 9249 1129 4626 7784 6559 4592 5171 6284 1796 119 4774 3799 9896 4832 7892 4971 89 9268 5435 3849 2385 1604 9558 7424 8359 9270 3478 501 9668 3554 1004 5841 8206 3634 839 5541 4449 8589 1205 1134 3338 1082 1099 7422 8845 2242 6400 7991 3957 9372 3162 3337 8160 9 5507 3691 762 7863 9452 6861 1145 7581 4388 866 1240 292 562 3238 8410 1974 1610 447 8495 4068 37 8054 9484 803 6596 6179 3602 592 5133 7553 3296 6361 5947 6155 2388 3940 6231 7193 574 3881 5834 3327 5203 9817 9101 8315 6592 1936 2604 1336 6789 2763 1125 4305 4845 2570 6302 3752 4420 6082 9767 586 3791 1735 9440 6663 3434 5584 2441 9234 9402 1220 661 225 3962 6557 8364 2886 4129 8780 9799 5379 6298 4829 9673 4658 5748 8639 8274 4977 4613 4513 203 7400 6698 4207 8337 6962 5630 4482 2610 8757 7551 8425 4295 1359 4527 6901 6196 3052 2070 3116 7931 5255 8752 9892 9363 3825 3761 5301 224 6831 7315 5654 8286
8286 5654 7315 6831 224 5301 3761 3825 9363 9892 8752 5255 7931 3116 2070 3052 6196 6901 4527 1359 4295 8425 7551 8757 2610 4482 5630 6962 8337 4207 6698 7400 203 4513 4613 4977 8274 8639 5748 4658 9673 4829 6298 5379 9799 8780 4129 2886 8364 6557 3962 225 661 1220 9402 9234 2441 5584 3434 6663 9440 1735 3791 586 9767 6082 4420 3752 6302 2570 4845 4305 1125 2763 6789 1336 2604 1936 6592 8315 9101 9817 5203 3327 5834 3881 574 7193 6231 3940 2388 6155 5947 6361 3296 7553 5133 592 3602 6179 6596 803 9484 8054 37 4068 8495 447 1610 1974 8410 3238 562 292 1240 866 4388 7581 1145 6861 9452 7863 762 3691 5507 9 8160 3337 3162 9372 3957 7991 6400 2242 8845 7422 1099 1082 3338 1134 1205 8589 4449 5541 839 3634 8206 5841 1004 3554 9668 501 3478 9270 8359 7424 9558 1604 2385 3849 5435 9268 89 4971 7892 4832 9896 3799 4774 119 1796 6284 5171 4592 6559 7784 4626 1129 9249 3115 8927 864 2713 8164 8821 3374 4161 1135 7981 8890 6021 7688 8414 6449 2834 6126 5931 4694 8802 7282 264 5642 5385 1394 3134 4744 8055 292 3045 8990 3600 7654 4862 868 2160 9604 2919 8926 1166 5203 6299 4136 6577 1088 488 7193 5001 4662 3746 127 2303 5282 4474 1322 1165 7173 6220 9487 5621 906 557 7216 8253 8781 1194 1072 462 7893 166 1604 3567 332 7098 900 3385 9546 1847 7667 5598 8460 210 4802 6846 3909 1765 692 3759 6754 4849 1927 4501 4748 3824 5965 1867 8716 6651 8382 4745 8810 9763 4427 5687 244 1059 2863 8086 3918 356 5279 7291 5867 9142 4862 3258 9218 1070 3966 7478 5097 2108 3708 7747 1568 2989 8328 4881 7552 6541 621 4104 5196 4751 4978 3055 9883 9872 9296 4810 6015 327 2825 7934 7428 6950 7908 9836 8577 4706 488 8984 1498 2308 703 7978 4872 2237 8886 4975 4679 2477 6872 3712 5919 6326 2478 1590 163 87 9860 2233 5633 183 2920 7356 8667 4265 7815 1681 6007 1524 5849 215 5373 1812 2995 4850 6281 7314 6635 7695 6094 3656 8036 839 1548 6478 9168 4160 2353 3137 2958 5468 9999 223 9585 9731 4643 7030 8023 8763 8147 2688 3970 4783 2424 9232 3499 6889 7760 6599 7206 3309 3406 5503 3553 1983 5832 3925 1846 1123 1743 9234 8257 6091 7325 8319 7391 1826 3909 9659 334 1450 6321 4948 1896 8384 8232 5020 3864 1613 4206 1543 7239 7101 9732 6633 4024 2997 9916 1269 569 1671 1569 9888 2465 6675 1232 2705 559 1644 7423 3889 1718 8698 7750 4702 9451 1103 4978 618 7362 8867 9097 2925 6322 8681 3256 6536 9732 1196 5276 6185 3713 3424 4753 7874 5807 3651 1821 6718 4855 9290 9912 3522 1310 5855 2552 4472 8203 6984 8185 5335 9325 9708 7807 9049 3177 8613 682 9166 2468 3876 3615 3972 547 9483 619 3440 2389 6334 3085 3771 3021 7975 4180 5078 8227 4338 5888 956 4654 5695 9866 7617 5245 2699 9190 3214 6532 6508 4216 2335 1305 6211 7460 9082 4743 5684 3480 3008 5459 3478 2092 957 9316 3219 5971 3106 6407 7375 3557 7220 6874 8744 8472 7449 6830 1064 4278 8832 648 3686 612 7778 4338 4657 1833 6606 1581 5408 9127 9683 1860 7541 6703 9370 5184 190 1791 8035 951 9424 40 7042 9860 9050 4197 6491 3299 1584 1263 7620 8382 9557 3992 4155 8869 715 6692 4173 8033 8792 9746 9398 8621 9240 7825 431 5955 3998 1714 792 2557 7954 7936 4933 1380 4423 9028 4710 7431 9296 6417 9510 6109 401 83 8150 3284 9279 5639 5343 5640 6815 7530 7317 9177 9918 8121 4489 9996 5489 4078 5224 6070 3082 660 8587 7927 9384 7431 4777 5937 4791 1256 3172 1294 9013 4003 9473 5718 6733 2418 6437 5464 1867 9879 459 3646 5945 2074 8599 88 9890 6277 4763 9402 6047 7824 7132 9074 1026 128 2702 6425 3127 8211 2345 4930 3958 3246 4544 6078 675 3399 4178 3822 3073 736 540 8198 1524 9863 2493 9137 8574 4877 5796 9934 8596 4337 5942 3797 1945 726 3564 8284 5902 953 8802 7231 3159 8513 2370 4683 4368 6153 6864 3447 1168 3412 6359 7243 5944 2028 6739 7424 9930 2005 8520 1369 1428 8877 2897 252 7761 1047 3050 2622 8717 6999 3341 7766 4067 6366 8001 6625 1867 1886 3366 7297 2326 7379 1328 1687 3399 8314 1063 9391 6264 7588 1019 8473 9324 631 1887 6629 7709 8976 7237 8517 3807 5035 7569 1555 7268 9782 4243 3850 4522 5907 3114 7538 8261 1155 5368 3867 4796 3835 2862 5050 1703 3193 6709 1864 6188 7026 5065 4849 738 4444 1825 8687 3773 8081 1409 6121 2052 5943 6953 7866 9028 2693 5196 8715 3624 6896 2783 8312 7670 9069 4263 3200 1046 3975 6219 5634 5543 7782 5415 538 8948 6778 6495 1360 4204 1864 9427 4772 3054 2686 1210 2921 6399 1505 7866 799 1098 2045 780 8257 6335 8916 3632 723 4393 7208 9818 9864 6289 4880 6824 3747 9906 3494 9587 7087 1004 1865 9073 4533 8440 9440 3603 1110 4862 8349 923 3493 1776 1929 475 8018 6018 3688 2588 5058 5306 344 6549 1197 5142 7373 5886 1632 9031 7246 9157 484 8476 5805 1383 3373 5242 8533 6262 9552 6102 2894 4974 6828 7572 232 929 1309 5087 5810 87 5777 8535 2766 4523 7050 928 8436 8070 9602 2869 7392 8362 2534 903 6587 6003 1058 6362 4598 2299 6042 6241 2655 7753 5182 123 4816 948 6297 7538 2441 9319 8308 241 7354 6244 227 8940 1599 7501 3434 5986 3189 1870 1514 9093 6836 4674 7059 3378 6586 3330 8608 3497 8973 8675 9355 7010 6538 3752 1635 8620 5567 9721 8272 7955 3038 4704 1852 4667 7055 4844 8611 78 131 5647 2268 2746 2851 3397 6663 1545 4712 3197 4248 2377 9070 4591 5628 1612 195 1396 8987 1762 9519 1547 8923 7578 9352 9719 8484 8701 6170 1445 3584 5312 8861 5331 2510 7271 6321 8398 8875 4088 6396 2914 6298 8491 1796 8568 4518 3825 6868 1970 9449 8277 8822 68 6152 6677 1856 4309 6243 4897 8640 8308 9504 7335 7039 3295 4308 160 6567 1835 5684 9651 9279 9217 6263 5422 4603 8705 2451 9516 8162 3007 7121 7898 2088 4227 9027 9653 6022 7074 8544 2766 6714 2943 1135 6002 518 417 6477 1715 1601 2135 783 4625 3267 9115 9394 3274 3022 3544 6372 7069 2066 8070 5691 2369 1139 8112 5855 3648 5791 8758 9981 3825 7457 3493 3857 2909 6717 1538 4216 56 9298 19 1822 5585 4573 6033 187 456 9683 9547 4255 6997 5785 9039 83 4406 4376 4535 8549 5619 4962 7838 7092 1127 8798 4701 7359 8188 4740 410 866 8667 1791 6412 7575 8111 5687 6472 1101 7724 6690 3861 8370 1293 2068 1814 4795 636 4914 7192 6530 9913 4027 8753 7263 5955 488 5622 1400 3075 9097 418 9905 2345 1256 5336 4917 9750 8153 3388 8097 4804 925 7155 4460 2621 3465 7217 2458 697 9930 2015 6382 9497 5097 7054 2044 4425 181 6219 6866 8487 6537 2197 2081 2198 4374 1839 4430 8881 8287 2556 9960 811 9731 5638 1737 2100 2991 7317 2139 8113 2971 8187 2741 3121 4334 6790 8777 4746 4781 8819 5897 5285 9636 9201 7542 3640 8813 5868 4369 1666 292 5650 3517 327 7105 9125 94 5955 154 6576 3968 5973 1293 2383 5582 601 7061 6530 6633 3826 8270 737 4528 5672 6355 5715 1151 7883 8124 8017 186 7478 6580 8315 7806 363 4378 8607 9624 7620 5229 1811 8571 6127 5525 3715 1928 9141 682 8491 6484 2426 9110 4588 7881 2697 9981 2486 8099 8547 4804 8221 2579 3953 9717 3291 3501 5022 6050 7159 5850 3405 2140 607 3445 3234 5967 5955 5658 2576 950 1111 3336 2943 9650 6378 6915 523 6625 4139 3956 3266 1773 760 9414 1441 9938 9443 3013 7626 5059 4073 9100 5691 7494 6383 4546 1521 9714 2954 3984 6069 6581 2928 7717 9677 3217 7089 5595 5564 90 239 2511 5585 9372 7488 730 640 8682 8484 9562 4349 9591 8523 641 9716 2604 7578 9774 562 9675 5287 8454 3160 7290 259 8438 4426 7383 8368 7841 2560 3889 2660 8008 4496 7307 3091 1887 1895 8482 7212 7896 6476 3717 5236 620 2831 8993 8353 6901 5210 9311 3756 8823 471 7781 595 6607 8667 5706 3923 1176 1528 3891 7104 212 964 8070 1272 9276 758 2732 3821 2030 8384 4046 7671 7123 5016 5895 3342 7082 4585 9030 8060 7314 928 7754 7980 6770 370 9793 4225 465 9063 4019 6961 7802 2960 3010 800 2845 7312 3436 9207 2879 8790 5171 1525 4817 7209 3100 1091 7208 5145 4497 7183 9213 1289 4435 9821 3991 9399 1384 7390 2933 690 300 7110 7647 1395 5992 4459 5978 8600 3218 9349 2170 4476 1440 2088 4933 7494 885 500 1425 7848 7895 5188 2290 9192 8589 4507 6881 8124 6801 8723 9775 4042 3059 4637 1370 7984 5800 499 8765 1693 7018 6239 3652 5974 8415 5942 7063 8858 874 7500 5828 5879 8559 238 858 4396 2639 7683 5680 2825 9025 1623 9470 635 3052 6817 3006 8783 9792 1197 8893 9568 8161 4968 9132 8682 5762 7425 2299 6031 7422 9939 164 8783 8241 5389 6001 7006 1631 6126 1818 2658 8581 1212 6955 5411 3159 7915 9935 9899 7222 256 6842 9058 4660 3828 4216 2286 5531 7468 1691 3319 709 3792 1440 5555 9243 4543 9987 3824 1165 4187 2385 2694 5722 5553 9631 2284 2290 7543 1904 6908 4371 2815 2937 9587 6381 9074 4669 259 3294 7447 723 9773 4716 5594 1187 529 3428 7628 6898 7578 6310 3338 5773 7053 3836 6914 652 7449 9060 4889 5302 8522 6171 6661 3028 5186 7239 8126 9614 9092 7937 7166 6400 942 8002 4471 7509 6935 1204 2669 1073 881 8341 9856 4409 2406 9156 2111 6851 3660 8320 5433 3802 577 7474 9619 3836 3003 1521 8798 1274 7033 4309 3013 2130 6865 9667 6152 9660 236 8256 5308 4133 5076 8211 6557 3306 9497 7466 3444 5391 1561 9691 9055 9057 711 2072 3677 6429 3023 6230 6334 8838 7274 3720 5896 9297 6642 2573 9640 7002 443 8198 6299 6324 4593 4934 5001 9759 21 8447 3735 7345 3428 5470 8928 5672 7441 101 3510 4124 6391 767 3269 3477 4847 8819 118 1073 1108 2487 7153 9489 7716 8139 8702 8229 3824 7453 4952 9822 2835 5077 4943 4622 604 9097 785 2910 8264 2491 6967 7270 9839 5191 1119 6382 905 9089 9397 7789 2702 3659 2170 6855 8212 8669 4165 5148 2267 1801 5882 3580 819 4291 4842 8235 2792 7625 1587 1322 6265 7527 4014 4144 6395 7674 7464 6863 5837 3632 6335 215 5999 5293 8315 6857 7184 3560 1259 2187 6188 7090 585 3316 2788 2405 4464 4021 3191 8778 4987 1407 7371 9664 957 5035 4911 6953 6792 9975 7286 7264 839 3386 9935 6393 3842 4566 9550 8527 7878 9950 178 2318 4273 8275 745 3401 1669 5097 1021 331 5023 4906 1646 9972 2771 7714 2738 6243 4452 6097 716 5147 5882 7633 8198 5888 1386 1831 342 9584 4733 6547 1476 2189 9420 980 3030 1185 2278 4159 4666 2346 9023 6818 8069 9093 412 6251 1775 8855 793 6358 8174 215 646 5976 8206 7345 1237 7908 821 2855 1924 9238 1573 6617 6876 5237 9274 217 2461 8433 7864 1312 9360 4789 248 145 7967 4794 7872 4998 109 8640 7888 5294 3867 2364 509 205 8880 2840 9211 5484 5677 9746 8660 9668 1212 889 6210 8035 5465 2827 6389 9765 7575 5676 5062 2632 1753 926 3676 6014 7199 5596 543 2378 1388 7844 932 3508 656 2807 1328 4857 6273 8810 474 9681 5203 3977 8743 9680 9871 8886 4745 9681 9587 8830 4223 1071 2831 7513 1029 8815 2366 7076 3050 6369 9613 304 3774 1785 434 767 409 7386 5957 2224 1687 3720 70 7923 4164 9375 4887 1636 647 6782 1484 103 5817 9276 6466 5621 2004 2702 121 9289 6511 5164 6709 8865
