5997
1108
NOT_FOUND
2336
4691
8564
327
8615
1105
1105
1105
1105
4059
NOT_FOUND
NOT_FOUND
7150
208
1106
4978
3681
1104
3970
1103
1577
8121
7351
6101
9312
1421
5587
NOT_FOUND
NOT_FOUND
429
545
4608
NOT_FOUND
NOT_FOUND
6825
1103
1104
1105
1130
NOT_FOUND
950
9334
NOT_FOUND
3420
3642
2421
5124
8329
4748
1107
3966
1107
NOT_FOUND
5495
9856
1720
9452
464
2969
4451
453
NOT_FOUND
6457
9934
NOT_FOUND
8331
NOT_FOUND
5990
1289
1146
1101
218
NOT_FOUND
NOT_FOUND
6906
NOT_FOUND
NOT_FOUND
NOT_FOUND
NOT_FOUND
1102
7014
1102
2559
NOT_FOUND
1103
8263
NOT_FOUND
1106
7112
1106
9255
4740
7374
5569
8304
9088
3439
1107
NOT_FOUND
4574
3910
1110
NOT_FOUND
1313
6764
1114
NOT_FOUND
9374
NOT_FOUND
8634
1116
NOT_FOUND
1117
1117
2019
NOT_FOUND
NOT_FOUND
1511
3947
1115
NOT_FOUND
NOT_FOUND
5767
1919
1116
5728
1704
1116
7596
NOT_FOUND
NOT_FOUND
1600
NOT_FOUND
589
5546
553
1118
5319
9802
1116
1447
NOT_FOUND
4640
1115
NOT_FOUND
1115
NOT_FOUND
1115
1115
6311
7773
NOT_FOUND
NOT_FOUND
4289
1636
7950
NOT_FOUND
2808
2940
1324
1112
5836
5785
1110
NOT_FOUND
8082
38
NOT_FOUND
NOT_FOUND
1110
2940
3147
NOT_FOUND
2002
NOT_FOUND
NOT_FOUND
1111
253
1110
9078
7141
4149
9843
1110
3257
2263
NOT_FOUND
1108
2285
8874
3500
NOT_FOUND
1111
8455
3570
9907
2065
7521
3355
99
NOT_FOUND
1110
NOT_FOUND
NOT_FOUND
NOT_FOUND
2206
884
NOT_FOUND
1112
1096
NOT_FOUND
NOT_FOUND
NOT_FOUND
2753
NOT_FOUND
NOT_FOUND
NOT_FOUND
1116
1275
9185
1116
1116
1116
481
3025
8775
1115
NOT_FOUND
1116
NOT_FOUND
1116
5325
1115
NOT_FOUND
5166
NOT_FOUND
1115
1116
8311
NOT_FOUND
1763
9638
1118
8183
1117
NOT_FOUND
7409
1122
1122
NOT_FOUND
811
NOT_FOUND
758
6883
NOT_FOUND
NOT_FOUND
NOT_FOUND
8154
4531
1123
NOT_FOUND
339
1123
NOT_FOUND
4438
NOT_FOUND
NOT_FOUND
344
8705
1121
7632
NOT_FOUND
9722
1122
2063
NOT_FOUND
6411
3166
877
888
1118
1118
1119
NOT_FOUND
646
1938
8672
303
7385
1116
1116
2570
674
3794
3976
NOT_FOUND
4536
NOT_FOUND
1115
1116
4532
9014
1119
7964
NOT_FOUND
5752
1119
NOT_FOUND
7636
NOT_FOUND
NOT_FOUND
7653
7338
2496
1118
NOT_FOUND
1768
1271
9295
5729
640
1114
1114
2441
6847
5820
5130
3065
NOT_FOUND
1113
1116
3812
5440
1116
NOT_FOUND
7585
5623
1119
2688
728
NOT_FOUND
4288
1116
1116
96
NOT_FOUND
548
8171
4802
1117
8214
1117
458
NOT_FOUND
5086
4431
9392
1016
1119
7668
1119
8821
3608
6239
NOT_FOUND
1876
NOT_FOUND
1117
1117
941
1119
3963
9898
1118
5907
NOT_FOUND
8689
140
5985
5735
NOT_FOUND
NOT_FOUND
1118
NOT_FOUND
1675
299
3669
6430
6395
NOT_FOUND
NOT_FOUND
NOT_FOUND
1119
2789
141
9196
494
NOT_FOUND
8145
1098
NOT_FOUND
7217
1113
1113
NOT_FOUND
7180
1041
NOT_FOUND
1114
NOT_FOUND
1114
7128
2242
475
NOT_FOUND
NOT_FOUND
6379
NOT_FOUND
1110
3279
1112
5332
NOT_FOUND
4816
1111
9493
636
NOT_FOUND
3211
1111
8757
1113
8774
1113
6810
6849
NOT_FOUND
2731
8929
1109
1109
6094
NOT_FOUND
1108
NOT_FOUND
1111
1113
5463
NOT_FOUND
1114
1114
NOT_FOUND
1117
1687
9688
1115
1340
NOT_FOUND
NOT_FOUND
4324
NOT_FOUND
5322
1117
5437
212
1118
3375
2405
4969
6703
3751
1116
NOT_FOUND
1117
NOT_FOUND
1120
NOT_FOUND
NOT_FOUND
8789
3355
NOT_FOUND
NOT_FOUND
1120
16
1119
2164
1121
1122
4575
851
1122
5897
3022
9403
NOT_FOUND
4248
NOT_FOUND
1123
NOT_FOUND
1123
4931
1122
1124
1125
1125
7890
3340
3731
7392
NOT_FOUND
3628
NOT_FOUND
NOT_FOUND
4937
2180
1127
498
1130
1130
625
1129
NOT_FOUND
NOT_FOUND
9026
1405
8222
NOT_FOUND
6503
4558
4098
1129
1129
5248
4333
NOT_FOUND
NOT_FOUND
5380
2847
3738
6518
1124
3635
8027
5531
5915
4200
NOT_FOUND
1123
7090
1123
1123
NOT_FOUND
NOT_FOUND
6447
NOT_FOUND
5612
8430
8705
1179
8982
NOT_FOUND
1124
97
4817
NOT_FOUND
1126
1126
7243
1125
NOT_FOUND
1633
1671
8762
NOT_FOUND
1123
731
NOT_FOUND
7298
4955
8663
6496
3677
1121
NOT_FOUND
29
3905
2746
NOT_FOUND
1119
NOT_FOUND
2153
587
8242
NOT_FOUND
1117
4963
5483
1119
1120
NOT_FOUND
NOT_FOUND
NOT_FOUND
996
NOT_FOUND
7330
NOT_FOUND
6467
8056
2438
1176
3302
1119
NOT_FOUND
4395
7176
1121
5964
NOT_FOUND
1123
306
4999
1128
NOT_FOUND
1129
322
NOT_FOUND
6709
1130
1130
NOT_FOUND
4898
1298
2676
1130
8646
1129
2045
1129
7027
NOT_FOUND
1135
NOT_FOUND
1136
5446
595
7919
9571
3871
1133
1133
881
NOT_FOUND
NOT_FOUND
157
NOT_FOUND
1786
2279
4542
18
NOT_FOUND
7338
1135
8704
8499
1137
NOT_FOUND
6156
NOT_FOUND
1139
1139
1139
9857
NOT_FOUND
767
9896
1139
1139
1139
4719
4964
4272
8019
7605
3823
6958
9449
NOT_FOUND
8516
1105
1143
NOT_FOUND
9972
NOT_FOUND
NOT_FOUND
903
7982
2336
1140
NOT_FOUND
NOT_FOUND
5651
5927
NOT_FOUND
1145
NOT_FOUND
NOT_FOUND
8453
3863
NOT_FOUND
5217
5213
NOT_FOUND
591
5338
9226
105 9741 2045 1898 1443 1311 7224 3822 2662 4851 9953 5596 8798 7170 3148 3710 447 3492 8032 3659 181 7290 8883 5926 6019 5562 6519 7229 8926 1795 623 4581 5368 1000 1430 1153 7317 7619 7674 72 1325 2392 195 2397 5712 275 6343 6501 2606 6702 2386 86 3081 5144 5960 9482 1842 6950 5124 4334 1445 4768 3591 1845 4045 2721 8237 5414 4696 5675 7975 8214 1279 8893 1089 3517 1086 679 362 9146 7891 6949 8480 907 3502 4446 3615 578 5580 3893 9397 5423 9336 6314 4309 9715 5237 3949 2507 1885 617 5225 1864 3672 7403 3789 7713 3077 9524 3818 1227 2597 3700 7082 7094 7074 400 1197 3896 6398 9146 7586 2222 7538 1619 5410 5089 1542 9731 5272 2412 641 5811 3945 9772 7102 2444 9467 3548 6277 7990 4855 6584 250 26 9243 1187 2308 6744 5335 2348 4202 5439 9713 9451 2403 1511 7083 5639 2043 9158 3794 3857 2110 4612 545 4723 9609 2382 5558 3996 4682 1605 7239 5342 5844 9594 5602 5671 1241 4433 1230 7998 8930 9281 4499 5015 3856 2540 8485 7553 3076 2315 7473 3385 8119 2758 7451 2831 5460 8683 1120 9253 3129 1556 7031 1102 8786 996 2331 230 5125 1998 3323 9990 505 3462 6055 4049 4150 6040 9269 2354 6322 8176 4692 1953 4334 8028 7861 8112 9793 3940 6146 3281 9308 4400 484 9854 4164 4289 8253 7427 1039 7065 5356 1090 7458 7521 2683 9002 9410 2004 5335 4199 2744 337 2228 8748 6311 5389 2750 1650 2560 5462 4545 5492 6274 9882 889 2380 7196 7025 2790 6149 5537 2309 6006 5452 1914 3696 9886 3240 1505 8413 1899 4118 9271 7461 8263 814 1861 9842 3099 7352 9355 5820 9135 9951 3079 4932 645 7510 8803 2801 2293 1551 1905 1717 6421 190 5106 729 1472 9187 2442 1034 1164 6239 8599 2181 6236 8285 9494 5378 7763 217 6551 9063 2380 6761 8462 4488 9263 319 2107 1457 4252 5515 5051 8941 9614 6819 7259 8416 8022 3635 9889 7257 4143 6269 5725 5966 2058 8063 2439 7033 3494 5857 9932 5091 1315 6220 9212 7095 794 5861 2534 3470 9661 442 8312 7246 5679 5080 8342 803 8530 8997 2681 1024 2477 5277 8686 6333 8103 1243 3194 6290 5037 3629 8546 6875 4385 9228 7423 5454 5707 1560 5513 9474 1075 3255 4374 7652 2801 3799 5598 3620 5396 4200 6212 1493 8749 1104 5507 9853 8680 3055 3916 6589 1275 8399 2518 8335 1619 2731 683 161 2713 5743 7542 4708 1217 9285 5498 9784 8850 6575 2578 2057 712 6622 6676 8776 5963 8715 8877 5536 4571 5491 9546 8845 7523 6783 2473 933 4867 3509 6819 4011 3760 1321 4897 7640 2451 2173 8950 8020 1480 7180 839 6688 838 339 3473 1187 3463 6498 3747 3243 5189 2175 5162 7196 1135 1184 4864 9207 7382 3698 569 8915 6251 8182 6188 1922 6602 726 1870 767 4373 7317 5447 822 3684 1338 9791 5985 5522 6826 5811 6552 2327 9498 1192 8474 3427 991 8026 9851 5506 6534 9109 1569 1450 9480 7555 5109 8134 747 9783 4469 5773 2386 2708 2424 3199 1844 4038 1433 3636 3035 8099 3 1802 9882 7586 1125 2696 270 2395 3071 316 6653 9004 2377 9081 2104 4506 5123 1604 9972 2853 3416 8465 9834 7988 2509 2379 8046 7622 4731 115 9010 7588 323 9839 8763 7069 1923 6122 9473 2051 7600 8760 9502 5750 9108 5114 1672 6389 4599 2893 6523 6512 601 9077 1807 248 2438 9088 2956 6797 3754 977 3808 2375 7326 3709 2627 4160 8587 3170 4524 3510 7457 4335 9036 2042 2111 2565 3116 7246 3094 8894 8042 4918 6837 5046 7569 2115 3697 493 4096 6203 3936 2176 2982 9499 9076 8152 5711 2547 6041 8431 1817 3361 4182 9096 5701 4520 3989 9227 3573 8506 3009 3575 4158 7291 9061 4108 8848 960 832 2756 8055 3435 6373 4182 636 9844 2047 5985 8369 1765 5755 9564 6052 6853 7133 7577 5358 5864 2463 4919 6173 7622 2821 4 8593 4336 1993 7695 8968 1479 7648 1754 5764 6854 7779 7599 1245 276 1950 8316 9495 4186 3256 9079 6958 1002 6815 8133 7346 2859 492 4841 2750 9586 3321 6658 9774 3961 1009 1532 1484 1874 5768 8694 2261 6776 7279 4823 1820 1759 1221 6167 1049 7259 7281 8892 9055 3523 2120 3738 1319 8012 4553 1516 7060 3800 9911 970 2616 953 3320 2465 1480 2408 9284 2252 894 7264 1006 5962 1405 7871 2346 8396 5190 7586 936 3736 5888 9014 7693 9857 8564 4159 4253 6461 8453 636 159 8694 7274 7185 4040 8150 3311 511 5887 7079 2080 8662 4630 1364 4433 1086 6698 6243 1395 2313 9459 9894 9524 3834 8579 4660 4686 1577 674 4644 3167 9972 6320 6257 1646 5665 7462 2601 7512 4029 3663 8519 9388 7055 3779 4351 2008 6351 5124 5032 3340 2241 1526 1147 4311 5536 3848 3140 4348 3179 242 5767 1805 8373 7864 4815 4759 4460 4722 199 3036 5947 2807 5251 8158 1142 9581 4876 713 6263 9437 2572 6895 4812 1626 3042 2691 9379 5968 2654 4904 8187 3976 8541 5120 2868 5470 215 4471 9027 1872 1153 5556 9426 3610 3212 4610 2901 2841 2980 2688 7456 8007 5686 2216 5047 4081 3196 233 6973 8785 2115 8607 3869 2723 6746 8643 5020 1075 1238 2784 6969 9090 4803 5795 9815 1353 4063 9999 8735 6728 4525 1777 6049 219 3627 6859 6825 2795 8142 8798 2643 1446 6471 1919 2581 395 3487 6688 7598 9441 8781 5015 3533 8676 6621 6265 5871 6372 9124 5790 1384 697 2888 2850 8596 9864 8793 5817 5181 3290 9778 6419 2733 616 299 4205 8582 784 8904 3538 7220 2353 9802 8857 1618 2862 6290 363 5039 5475 3946 6570 197 1390 3899 8892 5103 8309 7560 4428 4899 1611 4034 4853 3752 1439 3448 5637 8626 6861 9348 6404 5692 5546 1716 5865 4226 9435 6715 8491 4448 1667 7442 9385 8578 284 8988 6639 371 4251 8484 2111 217 448 8778 2627 5140 6167 4397 8571 7010 9639 5632 2576 4311 6947 7714 5117 8375 8169 2063 8120 174 8374 5914 1013 7500 3169 2086 7924 9719 9439 4191 2210 9023 3868 905 181 719 9885 9351 8531 3202 5962 1667 4364 8531 1250 1418 3738 9464 6656 7109 1564 384 429 9291 3693 3372 1357 2655 692 9121 1852 1022 4289 8245 2258 1344 6791 4717 4135 6063 6692 128 1238 7027 5683 5884 685 5267 7947 8148 9491 5229 288 340 6147 9323 162 5995 2013 9561 792 3666 3265 8799 2984 1406 3157 9722 1262 1057 8741 596 1245 3207 5631 5381 9226 6600 6056 4298 2934 5874 3294 4716 2018 227 548
105 9741 2045 1898 1443 1311 7224 3822 2662 4851 9953 5596 8798 7170 3148 3710 447 3492 8032 3659 181 7290 8883 5926 6019 5562 6519 7229 8926 1795 623 4581 5368 1000 1430 1153 7317 7619 7674 72 1325 2392 195 2397 5712 275 6343 6501 2606 6702 2386 86 3081 5144 5960 9482 1842 6950 5124 4334 1445 4768 3591 1845 4045 2721 8237 5414 4696 5675 7975 8214 1279 8893 1089 3517 1086 679 362 9146 7891 6949 8480 907 3502 4446 3615 578 5580 3893 9397 5423 9336 6314 4309 9715 5237 3949 2507 1885 617 5225 1864 3672 7403 3789 7713 3077 9524 3818 1227 2597 3700 7082 7094 7074 400 1197 3896 6398 9146 7586 2222 7538 1619 5410 5089 1542 9731 5272 2412 641 5811 3945 9772 7102 2444 9467 3548 6277 7990 4855 6584 250 26 9243 1187 2308 6744 5335 2348 4202 5439 9713 9451 2403 1511 7083 5639 2043 9158 3794 3857 2110 4612 545 4723 9609 2382 5558 3996 4682 1605 7239 5342 5844 9594 5602 5671 1241 4433 1230 7998 8930 9281 4499 5015 3856 2540 8485 7553 3076 2315 7473 3385 8119 2758 7451 2831 5460 8683 1120 9253 3129 1556 7031 1102 8786 996 2331 230 5125 1998 3323 9990 505 3462 6055 4049 4150 6040 9269 2354 6322 8176 4692 1953 4334 8028 7861 8112 9793 3940 6146 3281 9308 4400 484 9854 4164 4289 8253 7427 1039 7065 5356 1090 7458 7521 2683 9002 9410 2004 5335 4199 2744 337 2228 8748 6311 5389 2750 1650 2560 5462 4545 5492 6274 9882 889 2380 7196 7025 2790 6149 5537 2309 6006 5452 1914 3696 9886 3240 1505 8413 1899 4118 9271 7461 8263 814 1861 9842 3099 7352 9355 5820 9135 9951 3079 4932 645 7510 8803 2801 2293 1551 1905 1717 6421 190 5106 729 1472 9187 2442 1034 1164 6239 8599 2181 6236 8285 9494 5378 7763 217 6551 9063 2380 6761 8462 4488 9263 319 2107 1457 4252 5515 5051 8941 9614 6819 7259 8416 8022 3635 9889 7257 4143 6269 5725 5966 2058 8063 2439 7033 3494 5857 9932 5091 1315 6220 9212 7095 794 5861 2534 3470 9661 442 8312 7246 5679 5080 8342 803 8530 8997 2681 1024 2477 5277 8686 6333 8103 1243 3194 6290 5037 3629 8546 6875 4385 9228 7423 5454 5707 1560 5513 9474 1075 3255 4374 7652 2801 3799 5598 3620 5396 4200 6212 1493 8749 1104 5507 9853 8680 3055 3916 6589 1275 8399 2518 8335 1619 2731 683 161 2713 5743 7542 4708 1217 9285 5498 9784 8850 6575 2578 2057 712 6622 6676 8776 5963 8715 8877 5536 4571 5491 9546 8845 7523 6783 2473 933 4867 3509 6819 4011 3760 1321 4897 7640 2451 2173 8950 8020 1480 7180 839 6688 838 339 3473 1187 3463 6498 3747 3243 5189 2175 5162 7196 1135 1184 4864 9207 7382 3698 569 8915 6251 8182 6188 1922 6602 726 1870 767 4373 7317 5447 822 3684 1338 9791 5985 5522 6826 5811 6552 2327 9498 1192 8474 3427 991 8026 9851 5506 6534 9109 1569 1450 9480 7555 5109 8134 747 9783 4469 5773 2386 2708 2424 3199 1844 4038 1433 3636 3035 8099 3 1802 9882 7586 1125 2696 270 2395 3071 316 6653 9004 2377 9081 2104 4506 5123 1604 9972 2853 3416 8465 9834 7988 2509 2379 8046 7622 4731 115 9010 7588 323 9839 8763 7069 1923 6122 9473 2051 7600 8760 9502 5750 9108 5114 1672 6389 4599 2893 6523 6512 601 9077 1807 248 2438 9088 2956 6797 3754 977 3808 2375 7326 3709 2627 4160 8587 3170 4524 3510 7457 4335 9036 2042 2111 2565 3116 7246 3094 8894 8042 4918 6837 5046 7569 2115 3697 493 4096 6203 3936 2176 2982 9499 9076 8152 5711 2547 6041 8431 1817 3361 4182 9096 5701 4520 3989 9227 3573 8506 3009 3575 4158 7291 9061 4108 8848 960 832 2756 8055 3435 6373 4182 636 9844 2047 5985 8369 1765 5755 9564 6052 6853 7133 7577 5358 5864 2463 4919 6173 7622 2821 4 8593 4336 1993 7695 8968 1479 7648 1754 5764 6854 7779 7599 1245 276 1950 8316 9495 4186 3256 9079 6958 1002 6815 8133 7346 2859 492 4841 2750 9586 3321 6658 9774 3961 1009 1532 1484 1874 5768 8694 2261 6776 7279 4823 1820 1759 1221 6167 1049 7259 7281 8892 9055 3523 2120 3738 1319 8012 4553 1516 7060 3800 9911 970 2616 953 3320 2465 1480 2408 9284 2252 894 7264 1006 5962 1405 7871 2346 8396 5190 7586 936 3736 5888 9014 7693 9857 8564 4159 4253 6461 8453 636 159 8694 7274 7185 4040 8150 3311 511 5887 7079 2080 8662 4630 1364 4433 1086 6698 6243 1395 2313 9459 9894 9524 3834 8579 4660 4686 1577 674 4644 3167 9972 6320 6257 1646 5665 7462 2601 7512 4029 3663 8519 9388 7055 3779 4351 2008 6351 5124 5032 3340 2241 1526 1147 4311 5536 3848 3140 4348 3179 242 5767 1805 8373 7864 4815 4759 4460 4722 199 3036 5947 2807 5251 8158 1142 9581 4876 713 6263 9437 2572 6895 4812 1626 3042 2691 9379 5968 2654 4904 8187 3976 8541 5120 2868 5470 215 4471 9027 1872 1153 5556 9426 3610 3212 4610 2901 2841 2980 2688 7456 8007 5686 2216 5047 4081 3196 233 6973 8785 2115 8607 3869 2723 6746 8643 5020 1075 1238 2784 6969 9090 4803 5795 9815 1353 4063 9999 8735 6728 4525 1777 6049 219 3627 6859 6825 2795 8142 8798 2643 1446 6471 1919 2581 395 3487 6688 7598 9441 8781 5015 3533 8676 6621 6265 5871 6372 9124 5790 1384 697 2888 2850 8596 9864 8793 5817 5181 3290 9778 6419 2733 616 299 4205 8582 784 8904 3538 7220 2353 9802 8857 1618 2862 6290 363 5039 5475 3946 6570 197 1390 3899 8892 5103 8309 7560 4428 4899 1611 4034 4853 3752 1439 3448 5637 8626 6861 9348 6404 5692 5546 1716 5865 4226 9435 6715 8491 4448 1667 7442 9385 8578 284 8988 6639 371 4251 8484 2111 217 448 8778 2627 5140 6167 4397 8571 7010 9639 5632 2576 4311 6947 7714 5117 8375 8169 2063 8120 174 8374 5914 1013 7500 3169 2086 7924 9719 9439 4191 2210 9023 3868 905 181 719 9885 9351 8531 3202 5962 1667 4364 8531 1250 1418 3738 9464 6656 7109 1564 384 429 9291 3693 3372 1357 2655 692 9121 1852 1022 4289 8245 2258 1344 6791 4717 4135 6063 6692 128 1238 7027 5683 5884 685 5267 7947 8148 9491 5229 288 340 6147 9323 162 5995 2013 9561 792 3666 3265 8799 2984 1406 3157 9722 1262 1057 8741 596 1245 3207 5631 5381 9226 6600 6056 4298 2934 5874 3294 4716 2018 227 548
105 9741 2045 1898 1443 1311 7224 3822 2662 4851 9953 5596 8798 7170 3148 3710 447 3492 8032 3659 181 7290 8883 5926 6019 5562 6519 7229 8926 1795 623 4581 5368 1000 1430 1153 7317 7619 7674 72 1325 2392 195 2397 5712 275 6343 6501 2606 6702 2386 86 3081 5144 5960 9482 1842 6950 5124 4334 1445 4768 3591 1845 4045 2721 8237 5414 4696 5675 7975 8214 1279 8893 1089 3517 1086 679 362 9146 7891 6949 8480 907 3502 4446 3615 578 5580 3893 9397 5423 9336 6314 4309 9715 5237 3949 2507 1885 617 5225 1864 3672 7403 3789 7713 3077 9524 3818 1227 2597 3700 7082 7094 7074 400 1197 3896 6398 9146 7586 2222 7538 1619 5410 5089 1542 9731 5272 2412 641 5811 3945 9772 7102 2444 9467 3548 6277 7990 4855 6584 250 26 9243 1187 2308 6744 5335 2348 4202 5439 9713 9451 2403 1511 7083 5639 2043 9158 3794 3857 2110 4612 545 4723 9609 2382 5558 3996 4682 1605 7239 5342 5844 9594 5602 5671 1241 4433 1230 7998 8930 9281 4499 5015 3856 2540 8485 7553 3076 2315 7473 3385 8119 2758 7451 2831 5460 8683 1120 9253 3129 1556 7031 1102 8786 996 2331 230 5125 1998 3323 9990 505 3462 6055 4049 4150 6040 9269 2354 6322 8176 4692 1953 4334 8028 7861 8112 9793 3940 6146 3281 9308 4400 484 9854 4164 4289 8253 7427 1039 7065 5356 1090 7458 7521 2683 9002 9410 2004 5335 4199 2744 337 2228 8748 6311 5389 2750 1650 2560 5462 4545 5492 6274 9882 889 2380 7196 7025 2790 6149 5537 2309 6006 5452 1914 3696 9886 3240 1505 8413 1899 4118 9271 7461 8263 814 1861 9842 3099 7352 9355 5820 9135 9951 3079 4932 645 7510 8803 2801 2293 1551 1905 1717 6421 190 5106 729 1472 9187 2442 1034 1164 6239 8599 2181 6236 8285 9494 5378 7763 217 6551 9063 2380 6761 8462 4488 9263 319 2107 1457 4252 5515 5051 8941 9614 6819 7259 8416 8022 3635 9889 7257 4143 6269 5725 5966 2058 8063 2439 7033 3494 5857 9932 5091 1315 6220 9212 7095 794 5861 2534 3470 9661 442 8312 7246 5679 5080 8342 803 8530 8997 2681 1024 2477 5277 8686 6333 8103 1243 3194 6290 5037 3629 8546 6875 4385 9228 7423 5454 5707 1560 5513 9474 1075 3255 4374 7652 2801 3799 5598 3620 5396 4200 6212 1493 8749 1104 5507 9853 8680 3055 3916 6589 1275 8399 2518 8335 1619 2731 683 161 2713 5743 7542 4708 1217 9285 5498 9784 8850 6575 2578 2057 712 6622 6676 8776 5963 8715 8877 5536 4571 5491 9546 8845 7523 6783 2473 933 4867 3509 6819 4011 3760 1321 4897 7640 2451 2173 8950 8020 1480 7180 839 6688 838 339 3473 1187 3463 6498 3747 3243 5189 2175 5162 7196 1135 1184 4864 9207 7382 3698 569 8915 6251 8182 6188 1922 6602 726 1870 767 4373 7317 5447 822 3684 1338 9791 5985 5522 6826 5811 6552 2327 9498 1192 8474 3427 991 8026 9851 5506 6534 9109 1569 1450 9480 7555 5109 8134 747 9783 4469 5773 2386 2708 2424 3199 1844 4038 1433 3636 3035 8099 3 1802 9882 7586 1125 2696 270 2395 3071 316 6653 9004 2377 9081 2104 4506 5123 1604 9972 2853 3416 8465 9834 7988 2509 2379 8046 7622 4731 115 9010 7588 323 9839 8763 7069 1923 6122 9473 2051 7600 8760 9502 5750 9108 5114 1672 6389 4599 2893 6523 6512 601 9077 1807 248 2438 9088 2956 6797 3754 977 3808 2375 7326 3709 2627 4160 8587 3170 4524 3510 7457 4335 9036 2042 2111 2565 3116 7246 3094 8894 8042 4918 6837 5046 7569 2115 3697 493 4096 6203 3936 2176 2982 9499 9076 8152 5711 2547 6041 8431 1817 3361 4182 9096 5701 4520 3989 9227 3573 8506 3009 3575 4158 7291 9061 4108 8848 960 832 2756 8055 3435 6373 4182 636 9844 2047 5985 8369 1765 5755 9564 6052 6853 7133 7577 5358 5864 2463 4919 6173 7622 2821 4 8593 4336 1993 7695 8968 1479 7648 1754 5764 6854 7779 7599 1245 276 1950 8316 9495 4186 3256 9079 6958 1002 6815 8133 7346 2859 492 4841 2750 9586 3321 6658 9774 3961 1009 1532 1484 1874 5768 8694 2261 6776 7279 4823 1820 1759 1221 6167 1049 7259 7281 8892 9055 3523 2120 3738 1319 8012 4553 1516 7060 3800 9911 970 2616 953 3320 2465 1480 2408 9284 2252 894 7264 1006 5962 1405 7871 2346 8396 5190 7586 936 3736 5888 9014 7693 9857 8564 4159 4253 6461 8453 636 159 8694 7274 7185 4040 8150 3311 511 5887 7079 2080 8662 4630 1364 4433 1086 6698 6243 1395 2313 9459 9894 9524 3834 8579 4660 4686 1577 674 4644 3167 9972 6320 6257 1646 5665 7462 2601 7512 4029 3663 8519 9388 7055 3779 4351 2008 6351 5124 5032 3340 2241 1526 1147 4311 5536 3848 3140 4348 3179 242 5767 1805 8373 7864 4815 4759 4460 4722 199 3036 5947 2807 5251 8158 1142 9581 4876 713 6263 9437 2572 6895 4812 1626 3042 2691 9379 5968 2654 4904 8187 3976 8541 5120 2868 5470 215 4471 9027 1872 1153 5556 9426 3610 3212 4610 2901 2841 2980 2688 7456 8007 5686 2216 5047 4081 3196 233 6973 8785 2115 8607 3869 2723 6746 8643 5020 1075 1238 2784 6969 9090 4803 5795 9815 1353 4063 9999 8735 6728 4525 1777 6049 219 3627 6859 6825 2795 8142 8798 2643 1446 6471 1919 2581 395 3487 6688 7598 9441 8781 5015 3533 8676 6621 6265 5871 6372 9124 5790 1384 697 2888 2850 8596 9864 8793 5817 5181 3290 9778 6419 2733 616 299 4205 8582 784 8904 3538 7220 2353 9802 8857 1618 2862 6290 363 5039 5475 3946 6570 197 1390 3899 8892 5103 8309 7560 4428 4899 1611 4034 4853 3752 1439 3448 5637 8626 6861 9348 6404 5692 5546 1716 5865 4226 9435 6715 8491 4448 1667 7442 9385 8578 284 8988 6639 371 4251 8484 2111 217 448 8778 2627 5140 6167 4397 8571 7010 9639 5632 2576 4311 6947 7714 5117 8375 8169 2063 8120 174 8374 5914 1013 7500 3169 2086 7924 9719 9439 4191 2210 9023 3868 905 181 719 9885 9351 8531 3202 5962 1667 4364 8531 1250 1418 3738 9464 6656 7109 1564 384 429 9291 3693 3372 1357 2655 692 9121 1852 1022 4289 8245 2258 1344 6791 4717 4135 6063 6692 128 1238 7027 5683 5884 685 5267 7947 8148 9491 5229 288 340 6147 9323 162 5995 2013 9561 792 3666 3265 8799 2984 1406 3157 9722 1262 1057 8741 596 1245 3207 5631 5381 9226 6600 6056 4298 2934 5874 3294 4716 2018 227 548
548 227 2018 4716 3294 5874 2934 4298 6056 6600 9226 5381 5631 3207 1245 596 8741 1057 1262 9722 3157 1406 2984 8799 3265 3666 792 9561 2013 5995 162 9323 6147 340 288 5229 9491 8148 7947 5267 685 5884 5683 7027 1238 128 6692 6063 4135 4717 6791 1344 2258 8245 4289 1022 1852 9121 692 2655 1357 3372 3693 9291 429 384 1564 7109 6656 9464 3738 1418 1250 8531 4364 1667 5962 3202 8531 9351 9885 719 181 905 3868 9023 2210 4191 9439 9719 7924 2086 3169 7500 1013 5914 8374 174 8120 2063 8169 8375 5117 7714 6947 4311 2576 5632 9639 7010 8571 4397 6167 5140 2627 8778 448 217 2111 8484 4251 371 6639 8988 284 8578 9385 7442 1667 4448 8491 6715 9435 4226 5865 1716 5546 5692 6404 9348 6861 8626 5637 3448 1439 3752 4853 4034 1611 4899 4428 7560 8309 5103 8892 3899 1390 197 6570 3946 5475 5039 363 6290 2862 1618 8857 9802 2353 7220 3538 8904 784 8582 4205 299 616 2733 6419 9778 3290 5181 5817 8793 9864 8596 2850 2888 697 1384 5790 9124 6372 5871 6265 6621 8676 3533 5015 8781 9441 7598 6688 3487 395 2581 1919 6471 1446 2643 8798 8142 2795 6825 6859 3627 219 6049 1777 4525 6728 8735 9999 4063 1353 9815 5795 4803 9090 6969 2784 1238 1075 5020 8643 6746 2723 3869 8607 2115 8785 6973 233 3196 4081 5047 2216 5686 8007 7456 2688 2980 2841 2901 4610 3212 3610 9426 5556 1153 1872 9027 4471 215 5470 2868 5120 8541 3976 8187 4904 2654 5968 9379 2691 3042 1626 4812 6895 2572 9437 6263 713 4876 9581 1142 8158 5251 2807 5947 3036 199 4722 4460 4759 4815 7864 8373 1805 5767 242 3179 4348 3140 3848 5536 4311 1147 1526 2241 3340 5032 5124 6351 2008 4351 3779 7055 9388 8519 3663 4029 7512 2601 7462 5665 1646 6257 6320 9972 3167 4644 674 1577 4686 4660 8579 3834 9524 9894 9459 2313 1395 6243 6698 1086 4433 1364 4630 8662 2080 7079 5887 511 3311 8150 4040 7185 7274 8694 159 636 8453 6461 4253 4159 8564 9857 7693 9014 5888 3736 936 7586 5190 8396 2346 7871 1405 5962 1006 7264 894 2252 9284 2408 1480 2465 3320 953 2616 970 9911 3800 7060 1516 4553 8012 1319 3738 2120 3523 9055 8892 7281 7259 1049 6167 1221 1759 1820 4823 7279 6776 2261 8694 5768 1874 1484 1532 1009 3961 9774 6658 3321 9586 2750 4841 492 2859 7346 8133 6815 1002 6958 9079 3256 4186 9495 8316 1950 276 1245 7599 7779 6854 5764 1754 7648 1479 8968 7695 1993 4336 8593 4 2821 7622 6173 4919 2463 5864 5358 7577 7133 6853 6052 9564 5755 1765 8369 5985 2047 9844 636 4182 6373 3435 8055 2756 832 960 8848 4108 9061 7291 4158 3575 3009 8506 3573 9227 3989 4520 5701 9096 4182 3361 1817 8431 6041 2547 5711 8152 9076 9499 2982 2176 3936 6203 4096 493 3697 2115 7569 5046 6837 4918 8042 8894 3094 7246 3116 2565 2111 2042 9036 4335 7457 3510 4524 3170 8587 4160 2627 3709 7326 2375 3808 977 3754 6797 2956 9088 2438 248 1807 9077 601 6512 6523 2893 4599 6389 1672 5114 9108 5750 9502 8760 7600 2051 9473 6122 1923 7069 8763 9839 323 7588 9010 115 4731 7622 8046 2379 2509 7988 9834 8465 3416 2853 9972 1604 5123 4506 2104 9081 2377 9004 6653 316 3071 2395 270 2696 1125 7586 9882 1802 3 8099 3035 3636 1433 4038 1844 3199 2424 2708 2386 5773 4469 9783 747 8134 5109 7555 9480 1450 1569 9109 6534 5506 9851 8026 991 3427 8474 1192 9498 2327 6552 5811 6826 5522 5985 9791 1338 3684 822 5447 7317 4373 767 1870 726 6602 1922 6188 8182 6251 8915 569 3698 7382 9207 4864 1184 1135 7196 5162 2175 5189 3243 3747 6498 3463 1187 3473 339 838 6688 839 7180 1480 8020 8950 2173 2451 7640 4897 1321 3760 4011 6819 3509 4867 933 2473 6783 7523 8845 9546 5491 4571 5536 8877 8715 5963 8776 6676 6622 712 2057 2578 6575 8850 9784 5498 9285 1217 4708 7542 5743 2713 161 683 2731 1619 8335 2518 8399 1275 6589 3916 3055 8680 9853 5507 1104 8749 1493 6212 4200 5396 3620 5598 3799 2801 7652 4374 3255 1075 9474 5513 1560 5707 5454 7423 9228 4385 6875 8546 3629 5037 6290 3194 1243 8103 6333 8686 5277 2477 1024 2681 8997 8530 803 8342 5080 5679 7246 8312 442 9661 3470 2534 5861 794 7095 9212 6220 1315 5091 9932 5857 3494 7033 2439 8063 2058 5966 5725 6269 4143 7257 9889 3635 8022 8416 7259 6819 9614 8941 5051 5515 4252 1457 2107 319 9263 4488 8462 6761 2380 9063 6551 217 7763 5378 9494 8285 6236 2181 8599 6239 1164 1034 2442 9187 1472 729 5106 190 6421 1717 1905 1551 2293 2801 8803 7510 645 4932 3079 9951 9135 5820 9355 7352 3099 9842 1861 814 8263 7461 9271 4118 1899 8413 1505 3240 9886 3696 1914 5452 6006 2309 5537 6149 2790 7025 7196 2380 889 9882 6274 5492 4545 5462 2560 1650 2750 5389 6311 8748 2228 337 2744 4199 5335 2004 9410 9002 2683 7521 7458 1090 5356 7065 1039 7427 8253 4289 4164 9854 484 4400 9308 3281 6146 3940 9793 8112 7861 8028 4334 1953 4692 8176 6322 2354 9269 6040 4150 4049 6055 3462 505 9990 3323 1998 5125 230 2331 996 8786 1102 7031 1556 3129 9253 1120 8683 5460 2831 7451 2758 8119 3385 7473 2315 3076 7553 8485 2540 3856 5015 4499 9281 8930 7998 1230 4433 1241 5671 5602 9594 5844 5342 7239 1605 4682 3996 5558 2382 9609 4723 545 4612 2110 3857 3794 9158 2043 5639 7083 1511 2403 9451 9713 5439 4202 2348 5335 6744 2308 1187 9243 26 250 6584 4855 7990 6277 3548 9467 2444 7102 9772 3945 5811 641 2412 5272 9731 1542 5089 5410 1619 7538 2222 7586 9146 6398 3896 1197 400 7074 7094 7082 3700 2597 1227 3818 9524 3077 7713 3789 7403 3672 1864 5225 617 1885 2507 3949 5237 9715 4309 6314 9336 5423 9397 3893 5580 578 3615 4446 3502 907 8480 6949 7891 9146 362 679 1086 3517 1089 8893 1279 8214 7975 5675 4696 5414 8237 2721 4045 1845 3591 4768 1445 4334 5124 6950 1842 9482 5960 5144 3081 86 2386 6702 2606 6501 6343 275 5712 2397 195 2392 1325 72 7674 7619 7317 1153 1430 1000 5368 4581 623 1795 8926 7229 6519 5562 6019 5926 8883 7290 181 3659 8032 3492 447 3710 3148 7170 8798 5596 9953 4851 2662 3822 7224 1311 1443 1898 2045 9741 105
548 227 2018 4716 3294 5874 2934 4298 6056 6600 9226 5381 5631 3207 1245 596 8741 1057 1262 9722 3157 1406 2984 8799 3265 3666 792 9561 2013 5995 162 9323 6147 340 288 5229 9491 8148 7947 5267 685 5884 5683 7027 1238 128 6692 6063 4135 4717 6791 1344 2258 8245 4289 1022 1852 9121 692 2655 1357 3372 3693 9291 429 384 1564 7109 6656 9464 3738 1418 1250 8531 4364 1667 5962 3202 8531 9351 9885 719 181 905 3868 9023 2210 4191 9439 9719 7924 2086 3169 7500 1013 5914 8374 174 8120 2063 8169 8375 5117 7714 6947 4311 2576 5632 9639 7010 8571 4397 6167 5140 2627 8778 448 217 2111 8484 4251 371 6639 8988 284 8578 9385 7442 1667 4448 8491 6715 9435 4226 5865 1716 5546 5692 6404 9348 6861 8626 5637 3448 1439 3752 4853 4034 1611 4899 4428 7560 8309 5103 8892 3899 1390 197 6570 3946 5475 5039 363 6290 2862 1618 8857 9802 2353 7220 3538 8904 784 8582 4205 299 616 2733 6419 9778 3290 5181 5817 8793 9864 8596 2850 2888 697 1384 5790 9124 6372 5871 6265 6621 8676 3533 5015 8781 9441 7598 6688 3487 395 2581 1919 6471 1446 2643 8798 8142 2795 6825 6859 3627 219 6049 1777 4525 6728 8735 9999 4063 1353 9815 5795 4803 9090 6969 2784 1238 1075 5020 8643 6746 2723 3869 8607 2115 8785 6973 233 3196 4081 5047 2216 5686 8007 7456 2688 2980 2841 2901 4610 3212 3610 9426 5556 1153 1872 9027 4471 215 5470 2868 5120 8541 3976 8187 4904 2654 5968 9379 2691 3042 1626 4812 6895 2572 9437 6263 713 4876 9581 1142 8158 5251 2807 5947 3036 199 4722 4460 4759 4815 7864 8373 1805 5767 242 3179 4348 3140 3848 5536 4311 1147 1526 2241 3340 5032 5124 6351 2008 4351 3779 7055 9388 8519 3663 4029 7512 2601 7462 5665 1646 6257 6320 9972 3167 4644 674 1577 4686 4660 8579 3834 9524 9894 9459 2313 1395 6243 6698 1086 4433 1364 4630 8662 2080 7079 5887 511 3311 8150 4040 7185 7274 8694 159 636 8453 6461 4253 4159 8564 9857 7693 9014 5888 3736 936 7586 5190 8396 2346 7871 1405 5962 1006 7264 894 2252 9284 2408 1480 2465 3320 953 2616 970 9911 3800 7060 1516 4553 8012 1319 3738 2120 3523 9055 8892 7281 7259 1049 6167 1221 1759 1820 4823 7279 6776 2261 8694 5768 1874 1484 1532 1009 3961 9774 6658 3321 9586 2750 4841 492 2859 7346 8133 6815 1002 6958 9079 3256 4186 9495 8316 1950 276 1245 7599 7779 6854 5764 1754 7648 1479 8968 7695 1993 4336 8593 4 2821 7622 6173 4919 2463 5864 5358 7577 7133 6853 6052 9564 5755 1765 8369 5985 2047 9844 636 4182 6373 3435 8055 2756 832 960 8848 4108 9061 7291 4158 3575 3009 8506 3573 9227 3989 4520 5701 9096 4182 3361 1817 8431 6041 2547 5711 8152 9076 9499 2982 2176 3936 6203 4096 493 3697 2115 7569 5046 6837 4918 8042 8894 3094 7246 3116 2565 2111 2042 9036 4335 7457 3510 4524 3170 8587 4160 2627 3709 7326 2375 3808 977 3754 6797 2956 9088 2438 248 1807 9077 601 6512 6523 2893 4599 6389 1672 5114 9108 5750 9502 8760 7600 2051 9473 6122 1923 7069 8763 9839 323 7588 9010 115 4731 7622 8046 2379 2509 7988 9834 8465 3416 2853 9972 1604 5123 4506 2104 9081 2377 9004 6653 316 3071 2395 270 2696 1125 7586 9882 1802 3 8099 3035 3636 1433 4038 1844 3199 2424 2708 2386 5773 4469 9783 747 8134 5109 7555 9480 1450 1569 9109 6534 5506 9851 8026 991 3427 8474 1192 9498 2327 6552 5811 6826 5522 5985 9791 1338 3684 822 5447 7317 4373 767 1870 726 6602 1922 6188 8182 6251 8915 569 3698 7382 9207 4864 1184 1135 7196 5162 2175 5189 3243 3747 6498 3463 1187 3473 339 838 6688 839 7180 1480 8020 8950 2173 2451 7640 4897 1321 3760 4011 6819 3509 4867 933 2473 6783 7523 8845 9546 5491 4571 5536 8877 8715 5963 8776 6676 6622 712 2057 2578 6575 8850 9784 5498 9285 1217 4708 7542 5743 2713 161 683 2731 1619 8335 2518 8399 1275 6589 3916 3055 8680 9853 5507 1104 8749 1493 6212 4200 5396 3620 5598 3799 2801 7652 4374 3255 1075 9474 5513 1560 5707 5454 7423 9228 4385 6875 8546 3629 5037 6290 3194 1243 8103 6333 8686 5277 2477 1024 2681 8997 8530 803 8342 5080 5679 7246 8312 442 9661 3470 2534 5861 794 7095 9212 6220 1315 5091 9932 5857 3494 7033 2439 8063 2058 5966 5725 6269 4143 7257 9889 3635 8022 8416 7259 6819 9614 8941 5051 5515 4252 1457 2107 319 9263 4488 8462 6761 2380 9063 6551 217 7763 5378 9494 8285 6236 2181 8599 6239 1164 1034 2442 9187 1472 729 5106 190 6421 1717 1905 1551 2293 2801 8803 7510 645 4932 3079 9951 9135 5820 9355 7352 3099 9842 1861 814 8263 7461 9271 4118 1899 8413 1505 3240 9886 3696 1914 5452 6006 2309 5537 6149 2790 7025 7196 2380 889 9882 6274 5492 4545 5462 2560 1650 2750 5389 6311 8748 2228 337 2744 4199 5335 2004 9410 9002 2683 7521 7458 1090 5356 7065 1039 7427 8253 4289 4164 9854 484 4400 9308 3281 6146 3940 9793 8112 7861 8028 4334 1953 4692 8176 6322 2354 9269 6040 4150 4049 6055 3462 505 9990 3323 1998 5125 230 2331 996 8786 1102 7031 1556 3129 9253 1120 8683 5460 2831 7451 2758 8119 3385 7473 2315 3076 7553 8485 2540 3856 5015 4499 9281 8930 7998 1230 4433 1241 5671 5602 9594 5844 5342 7239 1605 4682 3996 5558 2382 9609 4723 545 4612 2110 3857 3794 9158 2043 5639 7083 1511 2403 9451 9713 5439 4202 2348 5335 6744 2308 1187 9243 26 250 6584 4855 7990 6277 3548 9467 2444 7102 9772 3945 5811 641 2412 5272 9731 1542 5089 5410 1619 7538 2222 7586 9146 6398 3896 1197 400 7074 7094 7082 3700 2597 1227 3818 9524 3077 7713 3789 7403 3672 1864 5225 617 1885 2507 3949 5237 9715 4309 6314 9336 5423 9397 3893 5580 578 3615 4446 3502 907 8480 6949 7891 9146 362 679 1086 3517 1089 8893 1279 8214 7975 5675 4696 5414 8237 2721 4045 1845 3591 4768 1445 4334 5124 6950 1842 9482 5960 5144 3081 86 2386 6702 2606 6501 6343 275 5712 2397 195 2392 1325 72 7674 7619 7317 1153 1430 1000 5368 4581 623 1795 8926 7229 6519 5562 6019 5926 8883 7290 181 3659 8032 3492 447 3710 3148 7170 8798 5596 9953 4851 2662 3822 7224 1311 1443 1898 2045 9741 105
