949
5296
3166
947
NOT_FOUND
NOT_FOUND
951
953
8410
952
3424
NOT_FOUND
NOT_FOUND
952
NOT_FOUND
NOT_FOUND
634
2745
7689
949
9459
948
1556
3106
946
3
8484
4905
946
6227
1274
4240
950
8341
1879
6730
8768
949
949
7249
948
3374
NOT_FOUND
4898
2576
NOT_FOUND
104
7974
5911
9201
7213
304
NOT_FOUND
944
NOT_FOUND
944
944
7444
944
54
NOT_FOUND
5249
NOT_FOUND
8157
7081
3541
NOT_FOUND
NOT_FOUND
NOT_FOUND
72
4872
NOT_FOUND
942
942
942
2384
941
NOT_FOUND
9971
NOT_FOUND
470
7884
5051
NOT_FOUND
7150
938
939
941
941
6072
1010
8884
940
7107
939
939
NOT_FOUND
3338
9767
111
9391
3062
NOT_FOUND
440
NOT_FOUND
938
6468
9527
938
2038
938
5734
939
940
2982
9668
8411
3202
9824
NOT_FOUND
1822
NOT_FOUND
936
2311
937
NOT_FOUND
938
582
937
NOT_FOUND
2686
NOT_FOUND
2783
6900
5925
7990
NOT_FOUND
2942
7760
933
7795
16
932
NOT_FOUND
NOT_FOUND
7608
933
NOT_FOUND
1818
NOT_FOUND
7850
3496
7206
932
3532
6005
1616
929
1256
1873
7453
NOT_FOUND
9243
5919
6048
14
NOT_FOUND
289
NOT_FOUND
NOT_FOUND
931
NOT_FOUND
933
590
NOT_FOUND
NOT_FOUND
NOT_FOUND
934
3059
1737
932
6156
931
2242
4897
930
3770
930
668
931
931
386
510
1389
931
8343
NOT_FOUND
933
687
NOT_FOUND
8468
4964
9221
932
5118
931
2728
NOT_FOUND
NOT_FOUND
7276
930
5997
NOT_FOUND
929
929
1662
929
NOT_FOUND
8394
929
NOT_FOUND
NOT_FOUND
7113
8349
5480
NOT_FOUND
6373
798
2409
1175
NOT_FOUND
9474
927
12
805
4501
925
925
9088
924
23
6151
NOT_FOUND
925
925
926
8333
930
NOT_FOUND
933
935
1369
8870
8320
NOT_FOUND
5253
3488
6139
2770
5610
NOT_FOUND
NOT_FOUND
8280
1617
4616
1358
9945
NOT_FOUND
3498
927
5782
929
1916
7121
NOT_FOUND
927
7335
927
9800
NOT_FOUND
NOT_FOUND
NOT_FOUND
927
731
NOT_FOUND
2484
9299
NOT_FOUND
5087
4889
1173
9914
1322
3767
NOT_FOUND
NOT_FOUND
NOT_FOUND
7563
NOT_FOUND
922
NOT_FOUND
NOT_FOUND
2998
6549
NOT_FOUND
6353
4561
7093
920
5894
223
919
5899
NOT_FOUND
NOT_FOUND
4802
9321
6654
915
4073
7835
8899
8923
2507
911
NOT_FOUND
NOT_FOUND
2466
NOT_FOUND
3319
NOT_FOUND
911
911
911
9781
517
3351
NOT_FOUND
912
913
2829
915
NOT_FOUND
1580
NOT_FOUND
917
1122
NOT_FOUND
NOT_FOUND
918
328
3522
917
2685
917
6172
6089
5371
5503
9907
NOT_FOUND
6144
918
NOT_FOUND
9713
918
1378
224
NOT_FOUND
NOT_FOUND
NOT_FOUND
NOT_FOUND
922
2505
NOT_FOUND
NOT_FOUND
8973
923
1147
NOT_FOUND
6873
NOT_FOUND
4141
205
NOT_FOUND
6790
922
922
3254
NOT_FOUND
6031
922
7020
2992
4803
NOT_FOUND
920
920
7072
919
6610
4047
922
NOT_FOUND
922
NOT_FOUND
923
NOT_FOUND
600
NOT_FOUND
NOT_FOUND
1964
929
634
NOT_FOUND
9574
2685
929
7161
928
7464
NOT_FOUND
929
6332
1486
928
928
9533
NOT_FOUND
NOT_FOUND
NOT_FOUND
9261
NOT_FOUND
263
NOT_FOUND
928
929
929
930
3109
8604
NOT_FOUND
9657
NOT_FOUND
45
8547
NOT_FOUND
NOT_FOUND
562
1240
8406
928
3095
NOT_FOUND
929
5648
NOT_FOUND
929
NOT_FOUND
9874
1237
NOT_FOUND
2630
929
903
8267
930
7725
930
876
7670
8318
2891
9597
926
3256
NOT_FOUND
NOT_FOUND
1073
2396
2299
931
4261
9155
4618
NOT_FOUND
3462
NOT_FOUND
6614
929
7921
NOT_FOUND
2274
3604
NOT_FOUND
926
NOT_FOUND
NOT_FOUND
3117
9692
NOT_FOUND
203
695
4731
6379
NOT_FOUND
3423
NOT_FOUND
925
387
7027
NOT_FOUND
929
NOT_FOUND
6054
1459
8598
929
1219
928
928
234
130
347
NOT_FOUND
2589
929
NOT_FOUND
8645
2662
NOT_FOUND
3163
929
NOT_FOUND
6435
6559
2426
98
4002
9379
923
924
5861
9960
1800
5525
NOT_FOUND
922
5215
801
3739
925
926
927
3968
929
4432
NOT_FOUND
9346
932
4384
7475
930
9121
6926
139
3984
NOT_FOUND
6981
7307
NOT_FOUND
927
5721
NOT_FOUND
930
7023
7820
5232
928
NOT_FOUND
3559
1534
NOT_FOUND
8734
37
926
7402
926
926
NOT_FOUND
NOT_FOUND
4586
NOT_FOUND
818
2775
NOT_FOUND
930
930
6154
NOT_FOUND
NOT_FOUND
7332
935
NOT_FOUND
937
NOT_FOUND
5808
938
939
939
6730
NOT_FOUND
315
NOT_FOUND
NOT_FOUND
NOT_FOUND
NOT_FOUND
7093
4832
NOT_FOUND
NOT_FOUND
942
9055
943
943
943
7382
944
946
7170
836
8088
944
944
944
793
9438
NOT_FOUND
945
945
202
5475
253
7653
943
4130
5384
5210
4560
8840 7815 2165 2589 7862 116 1322 8355 8343 6980 8582 9546 8449 2186 3632 7270 1255 3017 6889 9746 2329 5335 776 2707 3771 5292 970 1865 7101 3745 6047 3617 4428 7326 9556 415 4750 1420 1670 7239 6651 7486 1876 8232 2635 5536 2127 5512 7572 2468 5791 4106 9803 7183 6364 5627 4814 4839 163 4888 4803 4182 3368 9233 5741 1657 5670 4666 6811 739 5757 884 6109 8089 5054 2571 5388 1648 3163 972 9684 5951 1837 394 7480 7809 4818 9764 2697 3709 6028 565 3649 9794 7004 2982 9926 2506 9836 5717 3989 4622 9228 3782 8440 8507 5826 5701 4949 6783 4655 5795 4841 5235 1933 3105 7799 3195 6122 4256 9788 2386 3472 9055 4180 3748 2052 4093 610 8221 4375 5958 5534 4077 8809 4923 7296 6716 9143 64 6049 2463 5258 7571 5297 3056 6552 3616 2795 6295 52 4561 2034 5250 4713 5596 375 3815 7416 5450 5830 8203 7682 4271 2775 3296 5537 4172 4702 5236 9541 37 2660 2062 3586 8791 2315 2059 949 3629 1263 2650 4529 9491 6876 8723 4733 9484 4238 153 2970 1058 6601 9487 2754 6566 7051 2335 681 9305 2557 6890 7043 452 9446 1475 6506 6723 8129 5109 1193 4243 5302 4237 3995 1157 9929 5857 5002 2096 7485 7202 2414 511 4317 115 6331 2294 1453 4044 9958 4403 340 2028 5721 9659 3285 3480 5438 2890 2509 5698 614 6517 4508 5100 9707 7903 2897 9319 1897 4844 8424 6536 5967 231 8755 1683 6231 1840 7008 5319 8208 7393 3682 1666 5714 4060 6826 1437 1564 8182 2617 6876 3690 2416 5322 3258 3823 5995 8887 9162 901 9891 5625 9764 9418 8928 317 5057 7293 4469 165 8687 5438 7795 7049 2468 8940 7641 3604 7956 1687 229 6120 2949 8756 9126 8086 2889 5876 1955 8234 9993 6680 1594 7720 5868 6671 7204 6713 708 5364 2950 3775 9377 3643 2660 3890 6597 9145 9355 4710 1590 3992 8990 7802 2573 6349 3304 99 2910 1946 3035 7535 2031 3885 8365 1715 7237 9104 1297 732 8857 3570 9854 1999 9352 7037 7946 3656 7678 1220 8925 7613 7590 8148 3328 8651 9478 5594 3781 8358 6657 1768 9407 3087 3536 1722 1173 5333 8071 273 9516 5926 5677 8022 270 2969 7634 9705 2012 1668 9409 5408 4195 4357 1765 3897 5478 9664 1623 7219 3602 8169 7400 4727 626 5162 5231 9791 1382 1645 6430 1244 5233 6706 1943 951 3550 8670 2390 7177 8481 9115 3113 673 8553 7360 5023 3230 7695 4111 9043 3320 1375 6698 7046 5822 8289 2466 8311 4552 985 1986 2271 691 8082 3685 3574 4624 1902 7282 2138 9600 6967 7575 7990 1082 9427 5516 4256 451 4965 214 460 5028 7200 2126 5979 6531 9080 8429 7388 3010 6620 4761 8443 1591 2349 7148 4948 513 6266 4099 9284 1698 7853 4954 8905 6829 8815 2169 4286 6109 2862 4781 2122 1449 2978 8017 259 779 1017 7578 636 8194 8939 8608 377 6503 1317 3794 9452 1836 9601 5483 2649 9390 1622 8239 642 5643 7471 9331 5889 7050 6521 1989 8687 5939 6390 9614 7265 8599 8013 1002 377 8493 61 503 5579 3761 8976 3225 4591 4726 2189 1212 5284 8190 4801 7593 9993 8171 9294 5892 6524 3345 5545 762 8857 1236 524 511 5711 8487 2377 7302 2836 8773 2897 2227 3101 1935 1126 3960 576 2629 9073 3393 5302 3011 1659 2086 797 4823 9479 8039 5277 6743 5283 5443 4515 3813 7908 7513 3992 8817 6804 4317 7800 6767 5550 5085 7545 2950 7299 8026 700 2260 2684 8848 8909 6045 8373 1642 4342 413 8266 6006 384 7656 6809 5203 7927 317 7423 5120 7250 1086 7536 303 2896 2106 6858 6239 5274 5106 147 3356 4551 92 6271 6133 41 7415 227 2921 2496 274 9232 3738 2985 2670 9884 6109 2498 2379 4682 1100 79 5605 4506 535 5426 4985 5091 5456 9543 9168 2771 1288 948 3043 4486 6358 1752 8597 5535 9994 9760 1418 47 791 9164 9480 2472 9236 8424 3906 6776 2124 9987 3671 6950 4857 4958 9013 5970 3530 3547 3095 9628 7789 10000 9954 530 5827 2535 3334 2207 2170 4096 7284 7799 4065 7043 9204 6582 494 7933 2300 2459 8699 9802 3486 4297 5595 3713 4442 7524 1692 9822 7672 8478 7703 3414 5908 75 5972 55 1934 2117 7262 6889 4419 1064 654 1310 849 8147 388 5413 5781 5191 8977 7719 1366 1188 5072 8563 8329 7465 67 2198 9965 8865 1261 6073 2001 7692 3126 2714 5988 5739 9164 8969 1430 5139 5904 2745 1539 376 9400 9184 673 1227 4536 8286 6269 2905 8768 9313 577 5730 5170 458 2209 3281 7186 3211 178 4256 5005 405 2515 7008 6518 3752 8175 6771 8328 3396 8884 7809 8770 4455 6022 1316 4108 5795 6151 9848 1559 4994 75 2286 7444 8467 7492 3402 5678 3822 9229 5031 6137 8880 2066 4541 858 4849 8849 2272 2998 3026 2629 7252 5382 3103 4595 2654 2192 1154 7313 1873 905 9110 3029 7264 2304 2368 6699 2538 2677 5436 6123 9608 3858 905 2819 3255 2331 1613 1469 8032 8449 3522 5500 8078 367 521 5338 4176 3262 1525 6302 2922 8199 2312 9165 1995 8303 2073 4010 818 4707 2465 4303 2303 901 3512 8055 7795 782 874 8537 5111 1059 2457 3514 4392 4258 9559 9591 1236 9206 7335 6832 1870 9556 7561 1731 7962 3636 8215 2363 8525 6023 9137 965 693 4360 2996 9680 9712 8973 3353 62 1827
8840 7815 2165 2589 7862 116 1322 8355 8343 6980 8582 9546 8449 2186 3632 7270 1255 3017 6889 9746 2329 5335 776 2707 3771 5292 970 1865 7101 3745 6047 3617 4428 7326 9556 415 4750 1420 1670 7239 6651 7486 1876 8232 2635 5536 2127 5512 7572 2468 5791 4106 9803 7183 6364 5627 4814 4839 163 4888 4803 4182 3368 9233 5741 1657 5670 4666 6811 739 5757 884 6109 8089 5054 2571 5388 1648 3163 972 9684 5951 1837 394 7480 7809 4818 9764 2697 3709 6028 565 3649 9794 7004 2982 9926 2506 9836 5717 3989 4622 9228 3782 8440 8507 5826 5701 4949 6783 4655 5795 4841 5235 1933 3105 7799 3195 6122 4256 9788 2386 3472 9055 4180 3748 2052 4093 610 8221 4375 5958 5534 4077 8809 4923 7296 6716 9143 64 6049 2463 5258 7571 5297 3056 6552 3616 2795 6295 52 4561 2034 5250 4713 5596 375 3815 7416 5450 5830 8203 7682 4271 2775 3296 5537 4172 4702 5236 9541 37 2660 2062 3586 8791 2315 2059 949 3629 1263 2650 4529 9491 6876 8723 4733 9484 4238 153 2970 1058 6601 9487 2754 6566 7051 2335 681 9305 2557 6890 7043 452 9446 1475 6506 6723 8129 5109 1193 4243 5302 4237 3995 1157 9929 5857 5002 2096 7485 7202 2414 511 4317 115 6331 2294 1453 4044 9958 4403 340 2028 5721 9659 3285 3480 5438 2890 2509 5698 614 6517 4508 5100 9707 7903 2897 9319 1897 4844 8424 6536 5967 231 8755 1683 6231 1840 7008 5319 8208 7393 3682 1666 5714 4060 6826 1437 1564 8182 2617 6876 3690 2416 5322 3258 3823 5995 8887 9162 901 9891 5625 9764 9418 8928 317 5057 7293 4469 165 8687 5438 7795 7049 2468 8940 7641 3604 7956 1687 229 6120 2949 8756 9126 8086 2889 5876 1955 8234 9993 6680 1594 7720 5868 6671 7204 6713 708 5364 2950 3775 9377 3643 2660 3890 6597 9145 9355 4710 1590 3992 8990 7802 2573 6349 3304 99 2910 1946 3035 7535 2031 3885 8365 1715 7237 9104 1297 732 8857 3570 9854 1999 9352 7037 7946 3656 7678 1220 8925 7613 7590 8148 3328 8651 9478 5594 3781 8358 6657 1768 9407 3087 3536 1722 1173 5333 8071 273 9516 5926 5677 8022 270 2969 7634 9705 2012 1668 9409 5408 4195 4357 1765 3897 5478 9664 1623 7219 3602 8169 7400 4727 626 5162 5231 9791 1382 1645 6430 1244 5233 6706 1943 951 3550 8670 2390 7177 8481 9115 3113 673 8553 7360 5023 3230 7695 4111 9043 3320 1375 6698 7046 5822 8289 2466 8311 4552 985 1986 2271 691 8082 3685 3574 4624 1902 7282 2138 9600 6967 7575 7990 1082 9427 5516 4256 451 4965 214 460 5028 7200 2126 5979 6531 9080 8429 7388 3010 6620 4761 8443 1591 2349 7148 4948 513 6266 4099 9284 1698 7853 4954 8905 6829 8815 2169 4286 6109 2862 4781 2122 1449 2978 8017 259 779 1017 7578 636 8194 8939 8608 377 6503 1317 3794 9452 1836 9601 5483 2649 9390 1622 8239 642 5643 7471 9331 5889 7050 6521 1989 8687 5939 6390 9614 7265 8599 8013 1002 377 8493 61 503 5579 3761 8976 3225 4591 4726 2189 1212 5284 8190 4801 7593 9993 8171 9294 5892 6524 3345 5545 762 8857 1236 524 511 5711 8487 2377 7302 2836 8773 2897 2227 3101 1935 1126 3960 576 2629 9073 3393 5302 3011 1659 2086 797 4823 9479 8039 5277 6743 5283 5443 4515 3813 7908 7513 3992 8817 6804 4317 7800 6767 5550 5085 7545 2950 7299 8026 700 2260 2684 8848 8909 6045 8373 1642 4342 413 8266 6006 384 7656 6809 5203 7927 317 7423 5120 7250 1086 7536 303 2896 2106 6858 6239 5274 5106 147 3356 4551 92 6271 6133 41 7415 227 2921 2496 274 9232 3738 2985 2670 9884 6109 2498 2379 4682 1100 79 5605 4506 535 5426 4985 5091 5456 9543 9168 2771 1288 948 3043 4486 6358 1752 8597 5535 9994 9760 1418 47 791 9164 9480 2472 9236 8424 3906 6776 2124 9987 3671 6950 4857 4958 9013 5970 3530 3547 3095 9628 7789 10000 9954 530 5827 2535 3334 2207 2170 4096 7284 7799 4065 7043 9204 6582 494 7933 2300 2459 8699 9802 3486 4297 5595 3713 4442 7524 1692 9822 7672 8478 7703 3414 5908 75 5972 55 1934 2117 7262 6889 4419 1064 654 1310 849 8147 388 5413 5781 5191 8977 7719 1366 1188 5072 8563 8329 7465 67 2198 9965 8865 1261 6073 2001 7692 3126 2714 5988 5739 9164 8969 1430 5139 5904 2745 1539 376 9400 9184 673 1227 4536 8286 6269 2905 8768 9313 577 5730 5170 458 2209 3281 7186 3211 178 4256 5005 405 2515 7008 6518 3752 8175 6771 8328 3396 8884 7809 8770 4455 6022 1316 4108 5795 6151 9848 1559 4994 75 2286 7444 8467 7492 3402 5678 3822 9229 5031 6137 8880 2066 4541 858 4849 8849 2272 2998 3026 2629 7252 5382 3103 4595 2654 2192 1154 7313 1873 905 9110 3029 7264 2304 2368 6699 2538 2677 5436 6123 9608 3858 905 2819 3255 2331 1613 1469 8032 8449 3522 5500 8078 367 521 5338 4176 3262 1525 6302 2922 8199 2312 9165 1995 8303 2073 4010 818 4707 2465 4303 2303 901 3512 8055 7795 782 874 8537 5111 1059 2457 3514 4392 4258 9559 9591 1236 9206 7335 6832 1870 9556 7561 1731 7962 3636 8215 2363 8525 6023 9137 965 693 4360 2996 9680 9712 8973 3353 62 1827
1827 62 3353 8973 9712 9680 2996 4360 693 965 9137 6023 8525 2363 8215 3636 7962 1731 7561 9556 1870 6832 7335 9206 1236 9591 9559 4258 4392 3514 2457 1059 5111 8537 874 782 7795 8055 3512 901 2303 4303 2465 4707 818 4010 2073 8303 1995 9165 2312 8199 2922 6302 1525 3262 4176 5338 521 367 8078 5500 3522 8449 8032 1469 1613 2331 3255 2819 905 3858 9608 6123 5436 2677 2538 6699 2368 2304 7264 3029 9110 905 1873 7313 1154 2192 2654 4595 3103 5382 7252 2629 3026 2998 2272 8849 4849 858 4541 2066 8880 6137 5031 9229 3822 5678 3402 7492 8467 7444 2286 75 4994 1559 9848 6151 5795 4108 1316 6022 4455 8770 7809 8884 3396 8328 6771 8175 3752 6518 7008 2515 405 5005 4256 178 3211 7186 3281 2209 458 5170 5730 577 9313 8768 2905 6269 8286 4536 1227 673 9184 9400 376 1539 2745 5904 5139 1430 8969 9164 5739 5988 2714 3126 7692 2001 6073 1261 8865 9965 2198 67 7465 8329 8563 5072 1188 1366 7719 8977 5191 5781 5413 388 8147 849 1310 654 1064 4419 6889 7262 2117 1934 55 5972 75 5908 3414 7703 8478 7672 9822 1692 7524 4442 3713 5595 4297 3486 9802 8699 2459 2300 7933 494 6582 9204 7043 4065 7799 7284 4096 2170 2207 3334 2535 5827 530 9954 10000 7789 9628 3095 3547 3530 5970 9013 4958 4857 6950 3671 9987 2124 6776 3906 8424 9236 2472 9480 9164 791 47 1418 9760 9994 5535 8597 1752 6358 4486 3043 948 1288 2771 9168 9543 5456 5091 4985 5426 535 4506 5605 79 1100 4682 2379 2498 6109 9884 2670 2985 3738 9232 274 2496 2921 227 7415 41 6133 6271 92 4551 3356 147 5106 5274 6239 6858 2106 2896 303 7536 1086 7250 5120 7423 317 7927 5203 6809 7656 384 6006 8266 413 4342 1642 8373 6045 8909 8848 2684 2260 700 8026 7299 2950 7545 5085 5550 6767 7800 4317 6804 8817 3992 7513 7908 3813 4515 5443 5283 6743 5277 8039 9479 4823 797 2086 1659 3011 5302 3393 9073 2629 576 3960 1126 1935 3101 2227 2897 8773 2836 7302 2377 8487 5711 511 524 1236 8857 762 5545 3345 6524 5892 9294 8171 9993 7593 4801 8190 5284 1212 2189 4726 4591 3225 8976 3761 5579 503 61 8493 377 1002 8013 8599 7265 9614 6390 5939 8687 1989 6521 7050 5889 9331 7471 5643 642 8239 1622 9390 2649 5483 9601 1836 9452 3794 1317 6503 377 8608 8939 8194 636 7578 1017 779 259 8017 2978 1449 2122 4781 2862 6109 4286 2169 8815 6829 8905 4954 7853 1698 9284 4099 6266 513 4948 7148 2349 1591 8443 4761 6620 3010 7388 8429 9080 6531 5979 2126 7200 5028 460 214 4965 451 4256 5516 9427 1082 7990 7575 6967 9600 2138 7282 1902 4624 3574 3685 8082 691 2271 1986 985 4552 8311 2466 8289 5822 7046 6698 1375 3320 9043 4111 7695 3230 5023 7360 8553 673 3113 9115 8481 7177 2390 8670 3550 951 1943 6706 5233 1244 6430 1645 1382 9791 5231 5162 626 4727 7400 8169 3602 7219 1623 9664 5478 3897 1765 4357 4195 5408 9409 1668 2012 9705 7634 2969 270 8022 5677 5926 9516 273 8071 5333 1173 1722 3536 3087 9407 1768 6657 8358 3781 5594 9478 8651 3328 8148 7590 7613 8925 1220 7678 3656 7946 7037 9352 1999 9854 3570 8857 732 1297 9104 7237 1715 8365 3885 2031 7535 3035 1946 2910 99 3304 6349 2573 7802 8990 3992 1590 4710 9355 9145 6597 3890 2660 3643 9377 3775 2950 5364 708 6713 7204 6671 5868 7720 1594 6680 9993 8234 1955 5876 2889 8086 9126 8756 2949 6120 229 1687 7956 3604 7641 8940 2468 7049 7795 5438 8687 165 4469 7293 5057 317 8928 9418 9764 5625 9891 901 9162 8887 5995 3823 3258 5322 2416 3690 6876 2617 8182 1564 1437 6826 4060 5714 1666 3682 7393 8208 5319 7008 1840 6231 1683 8755 231 5967 6536 8424 4844 1897 9319 2897 7903 9707 5100 4508 6517 614 5698 2509 2890 5438 3480 3285 9659 5721 2028 340 4403 9958 4044 1453 2294 6331 115 4317 511 2414 7202 7485 2096 5002 5857 9929 1157 3995 4237 5302 4243 1193 5109 8129 6723 6506 1475 9446 452 7043 6890 2557 9305 681 2335 7051 6566 2754 9487 6601 1058 2970 153 4238 9484 4733 8723 6876 9491 4529 2650 1263 3629 949 2059 2315 8791 3586 2062 2660 37 9541 5236 4702 4172 5537 3296 2775 4271 7682 8203 5830 5450 7416 3815 375 5596 4713 5250 2034 4561 52 6295 2795 3616 6552 3056 5297 7571 5258 2463 6049 64 9143 6716 7296 4923 8809 4077 5534 5958 4375 8221 610 4093 2052 3748 4180 9055 3472 2386 9788 4256 6122 3195 7799 3105 1933 5235 4841 5795 4655 6783 4949 5701 5826 8507 8440 3782 9228 4622 3989 5717 9836 2506 9926 2982 7004 9794 3649 565 6028 3709 2697 9764 4818 7809 7480 394 1837 5951 9684 972 3163 1648 5388 2571 5054 8089 6109 884 5757 739 6811 4666 5670 1657 5741 9233 3368 4182 4803 4888 163 4839 4814 5627 6364 7183 9803 4106 5791 2468 7572 5512 2127 5536 2635 8232 1876 7486 6651 7239 1670 1420 4750 415 9556 7326 4428 3617 6047 3745 7101 1865 970 5292 3771 2707 776 5335 2329 9746 6889 3017 1255 7270 3632 2186 8449 9546 8582 6980 8343 8355 1322 116 7862 2589 2165 7815 8840
8840 7815 2165 2589 7862 116 1322 8355 8343 6980 8582 9546 8449 2186 3632 7270 1255 3017 6889 9746 2329 5335 776 2707 3771 5292 970 1865 7101 3745 6047 3617 4428 7326 9556 415 4750 1420 1670 7239 6651 7486 1876 8232 2635 5536 2127 5512 7572 2468 5791 4106 9803 7183 6364 5627 4814 4839 163 4888 4803 4182 3368 9233 5741 1657 5670 4666 6811 739 5757 884 6109 8089 5054 2571 5388 1648 3163 972 9684 5951 1837 394 7480 7809 4818 9764 2697 3709 6028 565 3649 9794 7004 2982 9926 2506 9836 5717 3989 4622 9228 3782 8440 8507 5826 5701 4949 6783 4655 5795 4841 5235 1933 3105 7799 3195 6122 4256 9788 2386 3472 9055 4180 3748 2052 4093 610 8221 4375 5958 5534 4077 8809 4923 7296 6716 9143 64 6049 2463 5258 7571 5297 3056 6552 3616 2795 6295 52 4561 2034 5250 4713 5596 375 3815 7416 5450 5830 8203 7682 4271 2775 3296 5537 4172 4702 5236 9541 37 2660 2062 3586 8791 2315 2059 949 3629 1263 2650 4529 9491 6876 8723 4733 9484 4238 153 2970 1058 6601 9487 2754 6566 7051 2335 681 9305 2557 6890 7043 452 9446 1475 6506 6723 8129 5109 1193 4243 5302 4237 3995 1157 9929 5857 5002 2096 7485 7202 2414 511 4317 115 6331 2294 1453 4044 9958 4403 340 2028 5721 9659 3285 3480 5438 2890 2509 5698 614 6517 4508 5100 9707 7903 2897 9319 1897 4844 8424 6536 5967 231 8755 1683 6231 1840 7008 5319 8208 7393 3682 1666 5714 4060 6826 1437 1564 8182 2617 6876 3690 2416 5322 3258 3823 5995 8887 9162 901 9891 5625 9764 9418 8928 317 5057 7293 4469 165 8687 5438 7795 7049 2468 8940 7641 3604 7956 1687 229 6120 2949 8756 9126 8086 2889 5876 1955 8234 9993 6680 1594 7720 5868 6671 7204 6713 708 5364 2950 3775 9377 3643 2660 3890 6597 9145 9355 4710 1590 3992 8990 7802 2573 6349 3304 99 2910 1946 3035 7535 2031 3885 8365 1715 7237 9104 1297 732 8857 3570 9854 1999 9352 7037 7946 3656 7678 1220 8925 7613 7590 8148 3328 8651 9478 5594 3781 8358 6657 1768 9407 3087 3536 1722 1173 5333 8071 273 9516 5926 5677 8022 270 2969 7634 9705 2012 1668 9409 5408 4195 4357 1765 3897 5478 9664 1623 7219 3602 8169 7400 4727 626 5162 5231 9791 1382 1645 6430 1244 5233 6706 1943 951 3550 8670 2390 7177 8481 9115 3113 673 8553 7360 5023 3230 7695 4111 9043 3320 1375 6698 7046 5822 8289 2466 8311 4552 985 1986 2271 691 8082 3685 3574 4624 1902 7282 2138 9600 6967 7575 7990 1082 9427 5516 4256 451 4965 214 460 5028 7200 2126 5979 6531 9080 8429 7388 3010 6620 4761 8443 1591 2349 7148 4948 513 6266 4099 9284 1698 7853 4954 8905 6829 8815 2169 4286 6109 2862 4781 2122 1449 2978 8017 259 779 1017 7578 636 8194 8939 8608 377 6503 1317 3794 9452 1836 9601 5483 2649 9390 1622 8239 642 5643 7471 9331 5889 7050 6521 1989 8687 5939 6390 9614 7265 8599 8013 1002 377 8493 61 503 5579 3761 8976 3225 4591 4726 2189 1212 5284 8190 4801 7593 9993 8171 9294 5892 6524 3345 5545 762 8857 1236 524 511 5711 8487 2377 7302 2836 8773 2897 2227 3101 1935 1126 3960 576 2629 9073 3393 5302 3011 1659 2086 797 4823 9479 8039 5277 6743 5283 5443 4515 3813 7908 7513 3992 8817 6804 4317 7800 6767 5550 5085 7545 2950 7299 8026 700 2260 2684 8848 8909 6045 8373 1642 4342 413 8266 6006 384 7656 6809 5203 7927 317 7423 5120 7250 1086 7536 303 2896 2106 6858 6239 5274 5106 147 3356 4551 92 6271 6133 41 7415 227 2921 2496 274 9232 3738 2985 2670 9884 6109 2498 2379 4682 1100 79 5605 4506 535 5426 4985 5091 5456 9543 9168 2771 1288 948 3043 4486 6358 1752 8597 5535 9994 9760 1418 47 791 9164 9480 2472 9236 8424 3906 6776 2124 9987 3671 6950 4857 4958 9013 5970 3530 3547 3095 9628 7789 10000 9954 530 5827 2535 3334 2207 2170 4096 7284 7799 4065 7043 9204 6582 494 7933 2300 2459 8699 9802 3486 4297 5595 3713 4442 7524 1692 9822 7672 8478 7703 3414 5908 75 5972 55 1934 2117 7262 6889 4419 1064 654 1310 849 8147 388 5413 5781 5191 8977 7719 1366 1188 5072 8563 8329 7465 67 2198 9965 8865 1261 6073 2001 7692 3126 2714 5988 5739 9164 8969 1430 5139 5904 2745 1539 376 9400 9184 673 1227 4536 8286 6269 2905 8768 9313 577 5730 5170 458 2209 3281 7186 3211 178 4256 5005 405 2515 7008 6518 3752 8175 6771 8328 3396 8884 7809 8770 4455 6022 1316 4108 5795 6151 9848 1559 4994 75 2286 7444 8467 7492 3402 5678 3822 9229 5031 6137 8880 2066 4541 858 4849 8849 2272 2998 3026 2629 7252 5382 3103 4595 2654 2192 1154 7313 1873 905 9110 3029 7264 2304 2368 6699 2538 2677 5436 6123 9608 3858 905 2819 3255 2331 1613 1469 8032 8449 3522 5500 8078 367 521 5338 4176 3262 1525 6302 2922 8199 2312 9165 1995 8303 2073 4010 818 4707 2465 4303 2303 901 3512 8055 7795 782 874 8537 5111 1059 2457 3514 4392 4258 9559 9591 1236 9206 7335 6832 1870 9556 7561 1731 7962 3636 8215 2363 8525 6023 9137 965 693 4360 2996 9680 9712 8973 3353 62 1827
8840 7815 2165 2589 7862 116 1322 8355 8343 6980 8582 9546 8449 2186 3632 7270 1255 3017 6889 9746 2329 5335 776 2707 3771 5292 970 1865 7101 3745 6047 3617 4428 7326 9556 415 4750 1420 1670 7239 6651 7486 1876 8232 2635 5536 2127 5512 7572 2468 5791 4106 9803 7183 6364 5627 4814 4839 163 4888 4803 4182 3368 9233 5741 1657 5670 4666 6811 739 5757 884 6109 8089 5054 2571 5388 1648 3163 972 9684 5951 1837 394 7480 7809 4818 9764 2697 3709 6028 565 3649 9794 7004 2982 9926 2506 9836 5717 3989 4622 9228 3782 8440 8507 5826 5701 4949 6783 4655 5795 4841 5235 1933 3105 7799 3195 6122 4256 9788 2386 3472 9055 4180 3748 2052 4093 610 8221 4375 5958 5534 4077 8809 4923 7296 6716 9143 64 6049 2463 5258 7571 5297 3056 6552 3616 2795 6295 52 4561 2034 5250 4713 5596 375 3815 7416 5450 5830 8203 7682 4271 2775 3296 5537 4172 4702 5236 9541 37 2660 2062 3586 8791 2315 2059 949 3629 1263 2650 4529 9491 6876 8723 4733 9484 4238 153 2970 1058 6601 9487 2754 6566 7051 2335 681 9305 2557 6890 7043 452 9446 1475 6506 6723 8129 5109 1193 4243 5302 4237 3995 1157 9929 5857 5002 2096 7485 7202 2414 511 4317 115 6331 2294 1453 4044 9958 4403 340 2028 5721 9659 3285 3480 5438 2890 2509 5698 614 6517 4508 5100 9707 7903 2897 9319 1897 4844 8424 6536 5967 231 8755 1683 6231 1840 7008 5319 8208 7393 3682 1666 5714 4060 6826 1437 1564 8182 2617 6876 3690 2416 5322 3258 3823 5995 8887 9162 901 9891 5625 9764 9418 8928 317 5057 7293 4469 165 8687 5438 7795 7049 2468 8940 7641 3604 7956 1687 229 6120 2949 8756 9126 8086 2889 5876 1955 8234 9993 6680 1594 7720 5868 6671 7204 6713 708 5364 2950 3775 9377 3643 2660 3890 6597 9145 9355 4710 1590 3992 8990 7802 2573 6349 3304 99 2910 1946 3035 7535 2031 3885 8365 1715 7237 9104 1297 732 8857 3570 9854 1999 9352 7037 7946 3656 7678 1220 8925 7613 7590 8148 3328 8651 9478 5594 3781 8358 6657 1768 9407 3087 3536 1722 1173 5333 8071 273 9516 5926 5677 8022 270 2969 7634 9705 2012 1668 9409 5408 4195 4357 1765 3897 5478 9664 1623 7219 3602 8169 7400 4727 626 5162 5231 9791 1382 1645 6430 1244 5233 6706 1943 951 3550 8670 2390 7177 8481 9115 3113 673 8553 7360 5023 3230 7695 4111 9043 3320 1375 6698 7046 5822 8289 2466 8311 4552 985 1986 2271 691 8082 3685 3574 4624 1902 7282 2138 9600 6967 7575 7990 1082 9427 5516 4256 451 4965 214 460 5028 7200 2126 5979 6531 9080 8429 7388 3010 6620 4761 8443 1591 2349 7148 4948 513 6266 4099 9284 1698 7853 4954 8905 6829 8815 2169 4286 6109 2862 4781 2122 1449 2978 8017 259 779 1017 7578 636 8194 8939 8608 377 6503 1317 3794 9452 1836 9601 5483 2649 9390 1622 8239 642 5643 7471 9331 5889 7050 6521 1989 8687 5939 6390 9614 7265 8599 8013 1002 377 8493 61 503 5579 3761 8976 3225 4591 4726 2189 1212 5284 8190 4801 7593 9993 8171 9294 5892 6524 3345 5545 762 8857 1236 524 511 5711 8487 2377 7302 2836 8773 2897 2227 3101 1935 1126 3960 576 2629 9073 3393 5302 3011 1659 2086 797 4823 9479 8039 5277 6743 5283 5443 4515 3813 7908 7513 3992 8817 6804 4317 7800 6767 5550 5085 7545 2950 7299 8026 700 2260 2684 8848 8909 6045 8373 1642 4342 413 8266 6006 384 7656 6809 5203 7927 317 7423 5120 7250 1086 7536 303 2896 2106 6858 6239 5274 5106 147 3356 4551 92 6271 6133 41 7415 227 2921 2496 274 9232 3738 2985 2670 9884 6109 2498 2379 4682 1100 79 5605 4506 535 5426 4985 5091 5456 9543 9168 2771 1288 948 3043 4486 6358 1752 8597 5535 9994 9760 1418 47 791 9164 9480 2472 9236 8424 3906 6776 2124 9987 3671 6950 4857 4958 9013 5970 3530 3547 3095 9628 7789 10000 9954 530 5827 2535 3334 2207 2170 4096 7284 7799 4065 7043 9204 6582 494 7933 2300 2459 8699 9802 3486 4297 5595 3713 4442 7524 1692 9822 7672 8478 7703 3414 5908 75 5972 55 1934 2117 7262 6889 4419 1064 654 1310 849 8147 388 5413 5781 5191 8977 7719 1366 1188 5072 8563 8329 7465 67 2198 9965 8865 1261 6073 2001 7692 3126 2714 5988 5739 9164 8969 1430 5139 5904 2745 1539 376 9400 9184 673 1227 4536 8286 6269 2905 8768 9313 577 5730 5170 458 2209 3281 7186 3211 178 4256 5005 405 2515 7008 6518 3752 8175 6771 8328 3396 8884 7809 8770 4455 6022 1316 4108 5795 6151 9848 1559 4994 75 2286 7444 8467 7492 3402 5678 3822 9229 5031 6137 8880 2066 4541 858 4849 8849 2272 2998 3026 2629 7252 5382 3103 4595 2654 2192 1154 7313 1873 905 9110 3029 7264 2304 2368 6699 2538 2677 5436 6123 9608 3858 905 2819 3255 2331 1613 1469 8032 8449 3522 5500 8078 367 521 5338 4176 3262 1525 6302 2922 8199 2312 9165 1995 8303 2073 4010 818 4707 2465 4303 2303 901 3512 8055 7795 782 874 8537 5111 1059 2457 3514 4392 4258 9559 9591 1236 9206 7335 6832 1870 9556 7561 1731 7962 3636 8215 2363 8525 6023 9137 965 693 4360 2996 9680 9712 8973 3353 62 1827
