1370
8078
1274
5889
NOT_FOUND
113
1368
9436
8215
NOT_FOUND
8890
746
6185
NOT_FOUND
1371
9655
NOT_FOUND
1373
8388
2320
1741
1294
1373
777
797
1375
639
NOT_FOUND
5853
NOT_FOUND
7814
1375
8644
NOT_FOUND
3746
1374
NOT_FOUND
1376
855
1376
2350
9097
2060
NOT_FOUND
2310
52
NOT_FOUND
1373
1970
5457
1371
NOT_FOUND
1371
NOT_FOUND
1372
2891
3350
6203
NOT_FOUND
NOT_FOUND
1371
4226
552
NOT_FOUND
NOT_FOUND
NOT_FOUND
5194
NOT_FOUND
5984
8583
5600
1370
1370
NOT_FOUND
1280
2931
1371
1371
1372
3598
8788
1370
1370
5657
9143
8889
7847
NOT_FOUND
2294
1366
1366
NOT_FOUND
3106
426
1476
1364
1364
3838
2220
640
4058
NOT_FOUND
9386
1363
NOT_FOUND
1365
7933
4186
1365
9407
2251
9920
1078
4456
1365
1071
9301
3753
2782
NOT_FOUND
1363
1872
2288
3591
6940
NOT_FOUND
NOT_FOUND
NOT_FOUND
7362
8589
NOT_FOUND
NOT_FOUND
NOT_FOUND
4106
1364
1364
5304
NOT_FOUND
9961
NOT_FOUND
492
1501
7358
1758
251
9030
8350
NOT_FOUND
1366
9506
1365
NOT_FOUND
6414
248
1100
9585
9127
2043
NOT_FOUND
3671
3307
8118
1363
1363
9369
1362
8987
NOT_FOUND
NOT_FOUND
283
7026
8688
4920
8306
NOT_FOUND
1362
9017
1363
96
4198
1364
NOT_FOUND
6167
NOT_FOUND
2204
3925
7553
6320
1361
2245
9052
NOT_FOUND
NOT_FOUND
NOT_FOUND
4699
1364
349
472
5308
3896
1502
1361
1361
1361
6744
1286
1361
NOT_FOUND
5279
NOT_FOUND
1802
2930
8427
NOT_FOUND
8590
3455
8455
8020
NOT_FOUND
9700
6468
4292
1360
7248
1360
1300
1359
2460
NOT_FOUND
4602
6408
5631
4199
1355
1357
2594
NOT_FOUND
5502
NOT_FOUND
5160
1356
1911
1358
1358
5951
7940
7399
4487
2497
NOT_FOUND
NOT_FOUND
1353
1382
6110
5896
NOT_FOUND
8874
2648
3708
NOT_FOUND
NOT_FOUND
1352
2220
1840
6047
1354
5719
1357
NOT_FOUND
1358
1358
4433
8970
1358
1359
7531
5097
6274
1360
1360
1360
NOT_FOUND
1360
1361
NOT_FOUND
1361
6543
54
NOT_FOUND
1359
8048
1358
121
872
NOT_FOUND
3198
NOT_FOUND
8333
859
4716
17
1364
3483
8064
2928
1362
1362
NOT_FOUND
1367
NOT_FOUND
9613
2843
5505
3467
1364
1364
1324
1364
1222
3152
264
601
1363
1363
1364
2273
8252
2663
1734
1361
NOT_FOUND
NOT_FOUND
1458
2373
1364
1364
8883
9373
NOT_FOUND
1364
1364
2658
2129
2451
NOT_FOUND
2730
NOT_FOUND
1365
1642
NOT_FOUND
1305
1366
1770
8130
1366
1366
4190
2937
NOT_FOUND
9346
9768
7375
448
8744
NOT_FOUND
7491
NOT_FOUND
1361
6167
NOT_FOUND
NOT_FOUND
NOT_FOUND
5744
3928
3543
1359
1359
9374
1359
5642
NOT_FOUND
7729
1360
1360
4506
NOT_FOUND
8848
715
6126
1361
4712
457
NOT_FOUND
1362
2210
2675
87
1359
1596
4144
NOT_FOUND
217
NOT_FOUND
NOT_FOUND
7418
1358
1358
322
1359
NOT_FOUND
1360
1360
1360
7762
NOT_FOUND
1361
NOT_FOUND
1363
NOT_FOUND
NOT_FOUND
NOT_FOUND
6494
8658
1365
1098
NOT_FOUND
9947
NOT_FOUND
4032
6891
1299
NOT_FOUND
1367
5288
1367
1367
259
4311
141
1365
1368
7612
7899
NOT_FOUND
363
NOT_FOUND
5426
8654
1370
4381
NOT_FOUND
1370
8494
1369
923
7764
4311
2578
956
1365
1366
7637
NOT_FOUND
1959
1366
NOT_FOUND
9428
NOT_FOUND
8438
2233
2365
6285
1362
1362
7645
NOT_FOUND
4031
1362
9255
6776
NOT_FOUND
5899
7311
NOT_FOUND
2696
9343
1368
5443
1367
7390
1367
1367
4678
8894
9304
5424
NOT_FOUND
677
NOT_FOUND
1224
8699
2713
1361
8241
NOT_FOUND
9284
2359
7278
7775
6355
3475
1361
NOT_FOUND
1206
1360
8818
6070
8420
1358
3037
2752
NOT_FOUND
9629
1357
1357
NOT_FOUND
1357
1357
2165
NOT_FOUND
6968
NOT_FOUND
1358
4766
2308
9308
1355
6031
3906
1354
1354
176
1923
2378
1353
NOT_FOUND
NOT_FOUND
3023
7938
1057
NOT_FOUND
NOT_FOUND
4819
4758
2580
5552
6720
255
1349
NOT_FOUND
859
1273
8202
1350
NOT_FOUND
1351
6076
NOT_FOUND
2636
8246
1351
1351
1944
8746
1819
4503
1866
6002
4177
NOT_FOUND
NOT_FOUND
1347
3973
2751
NOT_FOUND
1986
NOT_FOUND
1041
1345
NOT_FOUND
374
NOT_FOUND
7570
NOT_FOUND
NOT_FOUND
NOT_FOUND
NOT_FOUND
5064
NOT_FOUND
3868
4003
1342
1342
5842
9154
2222
7542
8844
1340
7899
1339
229
9540
5104
1336
2946
NOT_FOUND
4308
1386
1336
1336
1337
1842
4996
NOT_FOUND
1335
5028
NOT_FOUND
NOT_FOUND
1719
NOT_FOUND
5645
NOT_FOUND
118
3214
1339
792
NOT_FOUND
5684
NOT_FOUND
2600
NOT_FOUND
1339
1339
6720
644
2464
1337
314
6648
1338
1438
NOT_FOUND
5766
NOT_FOUND
408
795
2583
NOT_FOUND
NOT_FOUND
9947
2266
NOT_FOUND
1336
6510
NOT_FOUND
1335
1335
1335
1732
3026
5969
4186
7399
9510
651
NOT_FOUND
NOT_FOUND
1330
1330
172
425
7323
8446
6727
1330
7338
NOT_FOUND
1330
1340
2631
4353
1330
1403
NOT_FOUND
1331
825
NOT_FOUND
NOT_FOUND
NOT_FOUND
1331
1331
1332
2710
1333
1333
1334
1025
1111
8971
7063
3874
NOT_FOUND
209
1602
NOT_FOUND
NOT_FOUND
3999
406
1139
1333
1333
NOT_FOUND
9160
1335
NOT_FOUND
NOT_FOUND
639
7322
1338
NOT_FOUND
1250
1514
1337
1337
1337
2869
1336
6121
8135
342
6631
1332
450
8522
1332
1333
1333
NOT_FOUND
4821
5464
NOT_FOUND
1757
NOT_FOUND
NOT_FOUND
NOT_FOUND
1335
NOT_FOUND
1336
8814
574
2485
1196
1525
1335
3399
1334
288
9789
696
7669
3487
6156
1332
719
9182
9734
4551
1328
7217
1328
1328
3368
NOT_FOUND
NOT_FOUND
9567
1328
NOT_FOUND
1328
8783
685
1327
3818
NOT_FOUND
1328
9993
NOT_FOUND
1327
1327
888
486
NOT_FOUND
3071
1326
NOT_FOUND
9150
NOT_FOUND
1327
5370
1326
2868
NOT_FOUND
1330
1331
1331
5968
NOT_FOUND
462
NOT_FOUND
NOT_FOUND
NOT_FOUND
1330
1330
NOT_FOUND
1545
NOT_FOUND
NOT_FOUND
3642
5192
9349
660
1332
1333
1333
3032
NOT_FOUND
1054
2614
1335
7034
1334
NOT_FOUND
2044
NOT_FOUND
NOT_FOUND
NOT_FOUND
7849
1337
1338
1472
7231
9073
5979
6579
1334
NOT_FOUND
2377
4698
NOT_FOUND
4693
1334
NOT_FOUND
9366
932
NOT_FOUND
2394
8860
1129
NOT_FOUND
9290
1332
1332
3799
1332
1332
7093
NOT_FOUND
5790
NOT_FOUND
NOT_FOUND
1334
NOT_FOUND
692
1334
1334
1335
7441
6
9214
NOT_FOUND
1536
5508
NOT_FOUND
1333
NOT_FOUND
NOT_FOUND
1156
1335
9704
1336
1336
6546
NOT_FOUND
1335
7769
940
NOT_FOUND
1336
1336
2843
4594
NOT_FOUND
7403
3943
2736
3560
1341
1342
9820
2229
1340
NOT_FOUND
372
1341
5922
NOT_FOUND
1341
NOT_FOUND
1341
NOT_FOUND
NOT_FOUND
5365
NOT_FOUND
4221 377 87 1311 2126 280 2980 6100 9866 3467 6988 6588 6203 8870 2936 7783 4737 5059 4956 914 3673 1986 5302 2699 349 5323 5726 3756 8302 9851 3129 1680 1705 4272 1735 784 7374 885 6951 886 9094 8224 3273 3171 169 7215 2979 5407 2005 9370 4889 9119 3796 7925 5128 517 9685 4527 2430 7073 6094 8399 2862 7794 7329 5976 4520 7052 5107 8260 3499 6842 293 5316 3457 1563 9346 9433 2021 4663 7096 5608 4887 4154 9391 7485 4282 3782 7377 85 2320 813 4900 1595 5146 4798 9414 2712 6923 1459 4389 1482 1897 1838 7665 6323 6505 7518 6858 2300 1958 5608 11 7542 3984 8185 5775 8954 9290 6095 6410 6099 1902 6785 5830 4041 82 2089 8815 5575 6873 6217 9329 2063 8434 8357 6766 4336 8409 2113 5599 2569 3158 7254 4553 1762 2548 6090 4248 8791 354 2098 3604 9630 16 5008 7528 4888 6518 3689 6832 3934 2153 7411 6872 9720 1658 7987 1650 9165 3728 4743 6656 2090 8346 62 5668 5293 757 5772 2919 971 9582 9600 1665 721 6967 6719 7671 4202 805 4901 396 7588 8955 7579 6125 1197 1191 1773 9667 2588 484 4231 8215 9167 8465 1377 4224 448 7169 633 2701 1570 1931 6605 4856 8048 2453 3818 8043 7119 6835 6807 6904 2880 8349 4193 1910 2970 3016 8484 9077 5569 9917 3562 4857 2715 9650 7766 3771 7445 7610 4997 8833 1353 966 2086 4084 4564 7806 2829 4464 4535 5860 6499 2272 4926 3920 9265 5130 2118 3603 8951 8221 2631 5730 5205 6194 2285 9029 9508 2805 5525 3022 9344 9893 3465 5638 6059 8881 2494 2205 6566 718 5299 8747 7386 6910 1824 3086 7401 349 2286 9350 5838 6773 4252 1848 9769 4980 9522 8386 8005 870 1341 8776 9741 708 5284 5782 6794 3216 4593 948 2429 2684 1272 9418 3134 4087 7696 7746 4412 6645 1032 2731 1527 4530 7406 7652 8333 7102 8246 795 8403 5182 3455 5269 2048 1737 7316 8539 8308 7786 4590 52 552 6358 138 9257 5435 4038 9229 8517 1220 8655 2257 2169 7067 7421 7421 2115 4526 5009 3127 1211 7146 6055 7367 8894 8894 8395 9996 9375 1603 6825 1559 6887 1141 8860 2679 8763 8358 9442 2799 8722 5224 4234 3685 9863 5277 5821 8490 8121 1132 7695 12 9602 402 7183 4169 9582 3144 5461 6542 784 3610 6012 2180 972 6729 7180 9018 7349 6315 6751 9492 2679 8136 2546 2633 7085 8426 1068 1491 9784 3363 7649 683 1088 4638 2739 3181 2670 7069 7218 6140 7928 9426 4150 9928 5139 791 7368 7533 7350 2069 2843 779 3445 799 1740 7260 9059 7496 8309 137 923 1894 960 8761 6178 1903 6856 8443 6727 9815 3331 891 6878 7601 1440 5065 3498 875 8836 8804 7828 1939 1762 4761 6550 9979 613 5997 5165 4224 2775 2358 9624 8289 5175 5032 7867 8733 3339 7717 945 4318 3994 6650 6025 8686 430 8534 2378 6530 1567 959 6570 8350 3041 6619 617 8696 2247 6378 4649 9342 4462 2545 145 4260 5341 3312 4867 9555 7315 1167 734 4718 1267 8466 5059 1949 5183 1607 5963 2805 5236 7206 8287 5626 1298 3711 2926 2978 8270 5851 964 6637 8538 6088 937 5040 8104 1026 9913 6484 8157 4824 3114 6355 853 6353 9491 2281 2177 2090 9838 4781 9872 1847 922 3151 1136 5383 5969 7334 5262 9076 155 7765 9513 8253 9595 8464 4114 9068 1099 4430 1270 7225 7152 4588 2474 7776 2845 743 7387 7425 4221 9987 1406 9191 5889 100 4889 8148 8674 1385 5641 3125 3793 1764 7291 6632 638 3088 3960 3844 7243 6374 8011 6704 2467 4756 4206 6288 9606 5461 4480 6162 2108 2303 2600 4083 3913 1320 6523 3486 9210 469 2306 4656 2685 1242 5450 2330 8991 8537 7633 7429 9842 3307 5373 462 2953 3795 5570 9272 2496 8137 6454 5347 6364 8630 5873 5885 3824 1656 4044 5899 6657 7089 6158 2598 5345 9556 7303 7494 3899 2820 2517 9759 3401 4348 2669 5290 9791 4219 2250 9539 9380 3626 9509 9857 4291 7379 17 1651 9884 5693 9189 3279 8011 5552 1350 667 6272 9848 7260 7029 9613 6128 1259 4219 609 1993 3028 1240 70 1640 6602 4182 1032 5611 4563 8601 4704 6651 7154 3460 8513 5133 4872 5819 9657 949 3917 4892 9246 7279 6065 7579 2786 2914 6409 1739 6943 16 2469 4019 8056 6195 8412 6249 3105 8897 4097 4895 1398 4206 1031 3300 2105 31 8353 5876 6384 6911 292 1981 5433 4922 6657 8394 6686 3269 8077 5151 1062 8377 2306 3393 229 5918 2027 1921 8494 416 9346 2586 4606 3475 6635 2408 1641 6005 912 6711 3276 8278 2635 4728 2902 8961 7007 6169 9631 5524 2915 9495 7204 6267 939 6869 6145 2988 6504 6430 2307 1521 2325 505 6863 2300 5643 9961 7146 7463 8868 2434 5728 8336 3695 8715 5531 2806 6378 8043 8401 4596 7689 897 6324 9172 5016 7858 2409 4022 9341 6626 8469 3592 5361 691 8544 3877 2728 7019 8401 3783 7670 4555 7480 1615 9689 286 2066 6188 8624 8686 6464 3365 9531 358 6634 1306 7002 240 7337 4022 4422 3688 8602 6255 9854 6737 3132 9169 8592 1630 3064 2775 999 8573 9077 8914 7980 5553 84 457 1110 7747 6140 5898 6592 4179 954 1278 8612 6160 9145 4346 9194 671 5488 8804 8296 1227 6704 9166 5826 4513 1941 6743 3297 7673 926 7457 3029 3509 6247 2151 6930 5556 3737 7226 7063 1188 1255 24 5796 7755 6076 8793 6438 4204 93 3845 167 8340 6186 8997 4544 8616 5064 562 3857 208 508 433 7630 6615 1798 712 1325 9347 9598 4334 2009 8181 5562 3832 1315 6470 3176 4408 8966 4786 9647 8491 8973 4038 3338 2791 5839 2418 3506 3909 9679 4519 1289 9603 7532 2663 1474 5786 4331 1957 8183 3363 2986 8552 4427 7985 306 7851 1415 7899 3440 5569 7662 3403 9623 7119 9886 4723 701 582 2421 1314 9079 6980 7463 5322 3971 632 5372 4157 8382 6719 7551 5682 8641 2463 9000 8547 5678 2074 7754 9520 1862 1489 3092 5206 2072 7960 8933 1490 3832 9365 8765 9136 6777 4499 8160 963 1263 8995 9316 6753 1057 885 1290 9355 4461 7921 1815 8283 7172 6406 2897 5698 5852 5346 2298 7013 4174 6182 5891 5516 3458 8693 8688 8948 5796 8414 2416 935 773 1378 956 5689 9397 6255 8986 9728 5438 2593 8324 8729 3380 664 2219 4169 259 6190 1337 9853 4936 5153 375 6080 5199 2703 9044 395 4199 3462 7915 7414 3500 69 4124 9938 5293 9427 871 7456 6775 9212 3006 3373 4237 675 5864 7770 7574 1210 8137 4351 4343 3485 2264 3637 180 6981 2653 916 2286 7805 6429 9224 4532 3012 3427 7807 4969 2495 1406 557 6313 9699 8247 6314 6392 1572 671 1108 6264 3959 9280 6582 5542 6375 2619 866 3270 7106 4277 27 7286 5430 8904 2148 2817 3038 7636 6634 8613 7923 6028 263 2290 7014 6234 4504 7474 1282 1052 8841 7466 902 1072 1759 1214 9944 2214 1958 191 9060 5238 4992 8145 7731 1826 1112 760 8452 7409 9449 3851 73 7165 1981 2326 9475 4485 6266 252 2549 1949 7203 3662 4266 4423 4928 331 5312 6752 9946 6793 6275 356 3542 6491 3339 3234 5543 8406 8423 4266 6042 5820 5016 4982 5892 4883 5022 8408 8726 1659 1188 3126 6354 7943 9827 9480 2772 4258 8275 6443 5157 7341 6123 3574 7624 9538 1674 5966 173 4255 7241 4798 2982 6477 5820 3956 526 9012 8976 3201 5833 1288 9080 1538 1901 5019 5506 8030 2514 1763 1736 1235 2255 6107 4381 2865 1888 4096 9613 5326 5730 5551 8222 5319 7302 6055 4566 4763 9622 1381 3843 8064 1110 1077 494 5729 7763 3704 1141 1002 6704 4365 6224 3401 9078 240 1031 6508 9577 5098 4675 1167 8032
8032 1167 4675 5098 9577 6508 1031 240 9078 3401 6224 4365 6704 1002 1141 3704 7763 5729 494 1077 1110 8064 3843 1381 9622 4763 4566 6055 7302 5319 8222 5551 5730 5326 9613 4096 1888 2865 4381 6107 2255 1235 1736 1763 2514 8030 5506 5019 1901 1538 9080 1288 5833 3201 8976 9012 526 3956 5820 6477 2982 4798 7241 4255 173 5966 1674 9538 7624 3574 6123 7341 5157 6443 8275 4258 2772 9480 9827 7943 6354 3126 1188 1659 8726 8408 5022 4883 5892 4982 5016 5820 6042 4266 8423 8406 5543 3234 3339 6491 3542 356 6275 6793 9946 6752 5312 331 4928 4423 4266 3662 7203 1949 2549 252 6266 4485 9475 2326 1981 7165 73 3851 9449 7409 8452 760 1112 1826 7731 8145 4992 5238 9060 191 1958 2214 9944 1214 1759 1072 902 7466 8841 1052 1282 7474 4504 6234 7014 2290 263 6028 7923 8613 6634 7636 3038 2817 2148 8904 5430 7286 27 4277 7106 3270 866 2619 6375 5542 6582 9280 3959 6264 1108 671 1572 6392 6314 8247 9699 6313 557 1406 2495 4969 7807 3427 3012 4532 9224 6429 7805 2286 916 2653 6981 180 3637 2264 3485 4343 4351 8137 1210 7574 7770 5864 675 4237 3373 3006 9212 6775 7456 871 9427 5293 9938 4124 69 3500 7414 7915 3462 4199 395 9044 2703 5199 6080 375 5153 4936 9853 1337 6190 259 4169 2219 664 3380 8729 8324 2593 5438 9728 8986 6255 9397 5689 956 1378 773 935 2416 8414 5796 8948 8688 8693 3458 5516 5891 6182 4174 7013 2298 5346 5852 5698 2897 6406 7172 8283 1815 7921 4461 9355 1290 885 1057 6753 9316 8995 1263 963 8160 4499 6777 9136 8765 9365 3832 1490 8933 7960 2072 5206 3092 1489 1862 9520 7754 2074 5678 8547 9000 2463 8641 5682 7551 6719 8382 4157 5372 632 3971 5322 7463 6980 9079 1314 2421 582 701 4723 9886 7119 9623 3403 7662 5569 3440 7899 1415 7851 306 7985 4427 8552 2986 3363 8183 1957 4331 5786 1474 2663 7532 9603 1289 4519 9679 3909 3506 2418 5839 2791 3338 4038 8973 8491 9647 4786 8966 4408 3176 6470 1315 3832 5562 8181 2009 4334 9598 9347 1325 712 1798 6615 7630 433 508 208 3857 562 5064 8616 4544 8997 6186 8340 167 3845 93 4204 6438 8793 6076 7755 5796 24 1255 1188 7063 7226 3737 5556 6930 2151 6247 3509 3029 7457 926 7673 3297 6743 1941 4513 5826 9166 6704 1227 8296 8804 5488 671 9194 4346 9145 6160 8612 1278 954 4179 6592 5898 6140 7747 1110 457 84 5553 7980 8914 9077 8573 999 2775 3064 1630 8592 9169 3132 6737 9854 6255 8602 3688 4422 4022 7337 240 7002 1306 6634 358 9531 3365 6464 8686 8624 6188 2066 286 9689 1615 7480 4555 7670 3783 8401 7019 2728 3877 8544 691 5361 3592 8469 6626 9341 4022 2409 7858 5016 9172 6324 897 7689 4596 8401 8043 6378 2806 5531 8715 3695 8336 5728 2434 8868 7463 7146 9961 5643 2300 6863 505 2325 1521 2307 6430 6504 2988 6145 6869 939 6267 7204 9495 2915 5524 9631 6169 7007 8961 2902 4728 2635 8278 3276 6711 912 6005 1641 2408 6635 3475 4606 2586 9346 416 8494 1921 2027 5918 229 3393 2306 8377 1062 5151 8077 3269 6686 8394 6657 4922 5433 1981 292 6911 6384 5876 8353 31 2105 3300 1031 4206 1398 4895 4097 8897 3105 6249 8412 6195 8056 4019 2469 16 6943 1739 6409 2914 2786 7579 6065 7279 9246 4892 3917 949 9657 5819 4872 5133 8513 3460 7154 6651 4704 8601 4563 5611 1032 4182 6602 1640 70 1240 3028 1993 609 4219 1259 6128 9613 7029 7260 9848 6272 667 1350 5552 8011 3279 9189 5693 9884 1651 17 7379 4291 9857 9509 3626 9380 9539 2250 4219 9791 5290 2669 4348 3401 9759 2517 2820 3899 7494 7303 9556 5345 2598 6158 7089 6657 5899 4044 1656 3824 5885 5873 8630 6364 5347 6454 8137 2496 9272 5570 3795 2953 462 5373 3307 9842 7429 7633 8537 8991 2330 5450 1242 2685 4656 2306 469 9210 3486 6523 1320 3913 4083 2600 2303 2108 6162 4480 5461 9606 6288 4206 4756 2467 6704 8011 6374 7243 3844 3960 3088 638 6632 7291 1764 3793 3125 5641 1385 8674 8148 4889 100 5889 9191 1406 9987 4221 7425 7387 743 2845 7776 2474 4588 7152 7225 1270 4430 1099 9068 4114 8464 9595 8253 9513 7765 155 9076 5262 7334 5969 5383 1136 3151 922 1847 9872 4781 9838 2090 2177 2281 9491 6353 853 6355 3114 4824 8157 6484 9913 1026 8104 5040 937 6088 8538 6637 964 5851 8270 2978 2926 3711 1298 5626 8287 7206 5236 2805 5963 1607 5183 1949 5059 8466 1267 4718 734 1167 7315 9555 4867 3312 5341 4260 145 2545 4462 9342 4649 6378 2247 8696 617 6619 3041 8350 6570 959 1567 6530 2378 8534 430 8686 6025 6650 3994 4318 945 7717 3339 8733 7867 5032 5175 8289 9624 2358 2775 4224 5165 5997 613 9979 6550 4761 1762 1939 7828 8804 8836 875 3498 5065 1440 7601 6878 891 3331 9815 6727 8443 6856 1903 6178 8761 960 1894 923 137 8309 7496 9059 7260 1740 799 3445 779 2843 2069 7350 7533 7368 791 5139 9928 4150 9426 7928 6140 7218 7069 2670 3181 2739 4638 1088 683 7649 3363 9784 1491 1068 8426 7085 2633 2546 8136 2679 9492 6751 6315 7349 9018 7180 6729 972 2180 6012 3610 784 6542 5461 3144 9582 4169 7183 402 9602 12 7695 1132 8121 8490 5821 5277 9863 3685 4234 5224 8722 2799 9442 8358 8763 2679 8860 1141 6887 1559 6825 1603 9375 9996 8395 8894 8894 7367 6055 7146 1211 3127 5009 4526 2115 7421 7421 7067 2169 2257 8655 1220 8517 9229 4038 5435 9257 138 6358 552 52 4590 7786 8308 8539 7316 1737 2048 5269 3455 5182 8403 795 8246 7102 8333 7652 7406 4530 1527 2731 1032 6645 4412 7746 7696 4087 3134 9418 1272 2684 2429 948 4593 3216 6794 5782 5284 708 9741 8776 1341 870 8005 8386 9522 4980 9769 1848 4252 6773 5838 9350 2286 349 7401 3086 1824 6910 7386 8747 5299 718 6566 2205 2494 8881 6059 5638 3465 9893 9344 3022 5525 2805 9508 9029 2285 6194 5205 5730 2631 8221 8951 3603 2118 5130 9265 3920 4926 2272 6499 5860 4535 4464 2829 7806 4564 4084 2086 966 1353 8833 4997 7610 7445 3771 7766 9650 2715 4857 3562 9917 5569 9077 8484 3016 2970 1910 4193 8349 2880 6904 6807 6835 7119 8043 3818 2453 8048 4856 6605 1931 1570 2701 633 7169 448 4224 1377 8465 9167 8215 4231 484 2588 9667 1773 1191 1197 6125 7579 8955 7588 396 4901 805 4202 7671 6719 6967 721 1665 9600 9582 971 2919 5772 757 5293 5668 62 8346 2090 6656 4743 3728 9165 1650 7987 1658 9720 6872 7411 2153 3934 6832 3689 6518 4888 7528 5008 16 9630 3604 2098 354 8791 4248 6090 2548 1762 4553 7254 3158 2569 5599 2113 8409 4336 6766 8357 8434 2063 9329 6217 6873 5575 8815 2089 82 4041 5830 6785 1902 6099 6410 6095 9290 8954 5775 8185 3984 7542 11 5608 1958 2300 6858 7518 6505 6323 7665 1838 1897 1482 4389 1459 6923 2712 9414 4798 5146 1595 4900 813 2320 85 7377 3782 4282 7485 9391 4154 4887 5608 7096 4663 2021 9433 9346 1563 3457 5316 293 6842 3499 8260 5107 7052 4520 5976 7329 7794 2862 8399 6094 7073 2430 4527 9685 517 5128 7925 3796 9119 4889 9370 2005 5407 2979 7215 169 3171 3273 8224 9094 886 6951 885 7374 784 1735 4272 1705 1680 3129 9851 8302 3756 5726 5323 349 2699 5302 1986 3673 914 4956 5059 4737 7783 2936 8870 6203 6588 6988 3467 9866 6100 2980 280 2126 1311 87 377 4221
4221 377 87 1311 2126 280 2980 6100 9866 3467 6988 6588 6203 8870 2936 7783 4737 5059 4956 914 3673 1986 5302 2699 349 5323 5726 3756 8302 9851 3129 1680 1705 4272 1735 784 7374 885 6951 886 9094 8224 3273 3171 169 7215 2979 5407 2005 9370 4889 9119 3796 7925 5128 517 9685 4527 2430 7073 6094 8399 2862 7794 7329 5976 4520 7052 5107 8260 3499 6842 293 5316 3457 1563 9346 9433 2021 4663 7096 5608 4887 4154 9391 7485 4282 3782 7377 85 2320 813 4900 1595 5146 4798 9414 2712 6923 1459 4389 1482 1897 1838 7665 6323 6505 7518 6858 2300 1958 5608 11 7542 3984 8185 5775 8954 9290 6095 6410 6099 1902 6785 5830 4041 82 2089 8815 5575 6873 6217 9329 2063 8434 8357 6766 4336 8409 2113 5599 2569 3158 7254 4553 1762 2548 6090 4248 8791 354 2098 3604 9630 16 5008 7528 4888 6518 3689 6832 3934 2153 7411 6872 9720 1658 7987 1650 9165 3728 4743 6656 2090 8346 62 5668 5293 757 5772 2919 971 9582 9600 1665 721 6967 6719 7671 4202 805 4901 396 7588 8955 7579 6125 1197 1191 1773 9667 2588 484 4231 8215 9167 8465 1377 4224 448 7169 633 2701 1570 1931 6605 4856 8048 2453 3818 8043 7119 6835 6807 6904 2880 8349 4193 1910 2970 3016 8484 9077 5569 9917 3562 4857 2715 9650 7766 3771 7445 7610 4997 8833 1353 966 2086 4084 4564 7806 2829 4464 4535 5860 6499 2272 4926 3920 9265 5130 2118 3603 8951 8221 2631 5730 5205 6194 2285 9029 9508 2805 5525 3022 9344 9893 3465 5638 6059 8881 2494 2205 6566 718 5299 8747 7386 6910 1824 3086 7401 349 2286 9350 5838 6773 4252 1848 9769 4980 9522 8386 8005 870 1341 8776 9741 708 5284 5782 6794 3216 4593 948 2429 2684 1272 9418 3134 4087 7696 7746 4412 6645 1032 2731 1527 4530 7406 7652 8333 7102 8246 795 8403 5182 3455 5269 2048 1737 7316 8539 8308 7786 4590 52 552 6358 138 9257 5435 4038 9229 8517 1220 8655 2257 2169 7067 7421 7421 2115 4526 5009 3127 1211 7146 6055 7367 8894 8894 8395 9996 9375 1603 6825 1559 6887 1141 8860 2679 8763 8358 9442 2799 8722 5224 4234 3685 9863 5277 5821 8490 8121 1132 7695 12 9602 402 7183 4169 9582 3144 5461 6542 784 3610 6012 2180 972 6729 7180 9018 7349 6315 6751 9492 2679 8136 2546 2633 7085 8426 1068 1491 9784 3363 7649 683 1088 4638 2739 3181 2670 7069 7218 6140 7928 9426 4150 9928 5139 791 7368 7533 7350 2069 2843 779 3445 799 1740 7260 9059 7496 8309 137 923 1894 960 8761 6178 1903 6856 8443 6727 9815 3331 891 6878 7601 1440 5065 3498 875 8836 8804 7828 1939 1762 4761 6550 9979 613 5997 5165 4224 2775 2358 9624 8289 5175 5032 7867 8733 3339 7717 945 4318 3994 6650 6025 8686 430 8534 2378 6530 1567 959 6570 8350 3041 6619 617 8696 2247 6378 4649 9342 4462 2545 145 4260 5341 3312 4867 9555 7315 1167 734 4718 1267 8466 5059 1949 5183 1607 5963 2805 5236 7206 8287 5626 1298 3711 2926 2978 8270 5851 964 6637 8538 6088 937 5040 8104 1026 9913 6484 8157 4824 3114 6355 853 6353 9491 2281 2177 2090 9838 4781 9872 1847 922 3151 1136 5383 5969 7334 5262 9076 155 7765 9513 8253 9595 8464 4114 9068 1099 4430 1270 7225 7152 4588 2474 7776 2845 743 7387 7425 4221 9987 1406 9191 5889 100 4889 8148 8674 1385 5641 3125 3793 1764 7291 6632 638 3088 3960 3844 7243 6374 8011 6704 2467 4756 4206 6288 9606 5461 4480 6162 2108 2303 2600 4083 3913 1320 6523 3486 9210 469 2306 4656 2685 1242 5450 2330 8991 8537 7633 7429 9842 3307 5373 462 2953 3795 5570 9272 2496 8137 6454 5347 6364 8630 5873 5885 3824 1656 4044 5899 6657 7089 6158 2598 5345 9556 7303 7494 3899 2820 2517 9759 3401 4348 2669 5290 9791 4219 2250 9539 9380 3626 9509 9857 4291 7379 17 1651 9884 5693 9189 3279 8011 5552 1350 667 6272 9848 7260 7029 9613 6128 1259 4219 609 1993 3028 1240 70 1640 6602 4182 1032 5611 4563 8601 4704 6651 7154 3460 8513 5133 4872 5819 9657 949 3917 4892 9246 7279 6065 7579 2786 2914 6409 1739 6943 16 2469 4019 8056 6195 8412 6249 3105 8897 4097 4895 1398 4206 1031 3300 2105 31 8353 5876 6384 6911 292 1981 5433 4922 6657 8394 6686 3269 8077 5151 1062 8377 2306 3393 229 5918 2027 1921 8494 416 9346 2586 4606 3475 6635 2408 1641 6005 912 6711 3276 8278 2635 4728 2902 8961 7007 6169 9631 5524 2915 9495 7204 6267 939 6869 6145 2988 6504 6430 2307 1521 2325 505 6863 2300 5643 9961 7146 7463 8868 2434 5728 8336 3695 8715 5531 2806 6378 8043 8401 4596 7689 897 6324 9172 5016 7858 2409 4022 9341 6626 8469 3592 5361 691 8544 3877 2728 7019 8401 3783 7670 4555 7480 1615 9689 286 2066 6188 8624 8686 6464 3365 9531 358 6634 1306 7002 240 7337 4022 4422 3688 8602 6255 9854 6737 3132 9169 8592 1630 3064 2775 999 8573 9077 8914 7980 5553 84 457 1110 7747 6140 5898 6592 4179 954 1278 8612 6160 9145 4346 9194 671 5488 8804 8296 1227 6704 9166 5826 4513 1941 6743 3297 7673 926 7457 3029 3509 6247 2151 6930 5556 3737 7226 7063 1188 1255 24 5796 7755 6076 8793 6438 4204 93 3845 167 8340 6186 8997 4544 8616 5064 562 3857 208 508 433 7630 6615 1798 712 1325 9347 9598 4334 2009 8181 5562 3832 1315 6470 3176 4408 8966 4786 9647 8491 8973 4038 3338 2791 5839 2418 3506 3909 9679 4519 1289 9603 7532 2663 1474 5786 4331 1957 8183 3363 2986 8552 4427 7985 306 7851 1415 7899 3440 5569 7662 3403 9623 7119 9886 4723 701 582 2421 1314 9079 6980 7463 5322 3971 632 5372 4157 8382 6719 7551 5682 8641 2463 9000 8547 5678 2074 7754 9520 1862 1489 3092 5206 2072 7960 8933 1490 3832 9365 8765 9136 6777 4499 8160 963 1263 8995 9316 6753 1057 885 1290 9355 4461 7921 1815 8283 7172 6406 2897 5698 5852 5346 2298 7013 4174 6182 5891 5516 3458 8693 8688 8948 5796 8414 2416 935 773 1378 956 5689 9397 6255 8986 9728 5438 2593 8324 8729 3380 664 2219 4169 259 6190 1337 9853 4936 5153 375 6080 5199 2703 9044 395 4199 3462 7915 7414 3500 69 4124 9938 5293 9427 871 7456 6775 9212 3006 3373 4237 675 5864 7770 7574 1210 8137 4351 4343 3485 2264 3637 180 6981 2653 916 2286 7805 6429 9224 4532 3012 3427 7807 4969 2495 1406 557 6313 9699 8247 6314 6392 1572 671 1108 6264 3959 9280 6582 5542 6375 2619 866 3270 7106 4277 27 7286 5430 8904 2148 2817 3038 7636 6634 8613 7923 6028 263 2290 7014 6234 4504 7474 1282 1052 8841 7466 902 1072 1759 1214 9944 2214 1958 191 9060 5238 4992 8145 7731 1826 1112 760 8452 7409 9449 3851 73 7165 1981 2326 9475 4485 6266 252 2549 1949 7203 3662 4266 4423 4928 331 5312 6752 9946 6793 6275 356 3542 6491 3339 3234 5543 8406 8423 4266 6042 5820 5016 4982 5892 4883 5022 8408 8726 1659 1188 3126 6354 7943 9827 9480 2772 4258 8275 6443 5157 7341 6123 3574 7624 9538 1674 5966 173 4255 7241 4798 2982 6477 5820 3956 526 9012 8976 3201 5833 1288 9080 1538 1901 5019 5506 8030 2514 1763 1736 1235 2255 6107 4381 2865 1888 4096 9613 5326 5730 5551 8222 5319 7302 6055 4566 4763 9622 1381 3843 8064 1110 1077 494 5729 7763 3704 1141 1002 6704 4365 6224 3401 9078 240 1031 6508 9577 5098 4675 1167 8032
8032 1167 4675 5098 9577 6508 1031 240 9078 3401 6224 4365 6704 1002 1141 3704 7763 5729 494 1077 1110 8064 3843 1381 9622 4763 4566 6055 7302 5319 8222 5551 5730 5326 9613 4096 1888 2865 4381 6107 2255 1235 1736 1763 2514 8030 5506 5019 1901 1538 9080 1288 5833 3201 8976 9012 526 3956 5820 6477 2982 4798 7241 4255 173 5966 1674 9538 7624 3574 6123 7341 5157 6443 8275 4258 2772 9480 9827 7943 6354 3126 1188 1659 8726 8408 5022 4883 5892 4982 5016 5820 6042 4266 8423 8406 5543 3234 3339 6491 3542 356 6275 6793 9946 6752 5312 331 4928 4423 4266 3662 7203 1949 2549 252 6266 4485 9475 2326 1981 7165 73 3851 9449 7409 8452 760 1112 1826 7731 8145 4992 5238 9060 191 1958 2214 9944 1214 1759 1072 902 7466 8841 1052 1282 7474 4504 6234 7014 2290 263 6028 7923 8613 6634 7636 3038 2817 2148 8904 5430 7286 27 4277 7106 3270 866 2619 6375 5542 6582 9280 3959 6264 1108 671 1572 6392 6314 8247 9699 6313 557 1406 2495 4969 7807 3427 3012 4532 9224 6429 7805 2286 916 2653 6981 180 3637 2264 3485 4343 4351 8137 1210 7574 7770 5864 675 4237 3373 3006 9212 6775 7456 871 9427 5293 9938 4124 69 3500 7414 7915 3462 4199 395 9044 2703 5199 6080 375 5153 4936 9853 1337 6190 259 4169 2219 664 3380 8729 8324 2593 5438 9728 8986 6255 9397 5689 956 1378 773 935 2416 8414 5796 8948 8688 8693 3458 5516 5891 6182 4174 7013 2298 5346 5852 5698 2897 6406 7172 8283 1815 7921 4461 9355 1290 885 1057 6753 9316 8995 1263 963 8160 4499 6777 9136 8765 9365 3832 1490 8933 7960 2072 5206 3092 1489 1862 9520 7754 2074 5678 8547 9000 2463 8641 5682 7551 6719 8382 4157 5372 632 3971 5322 7463 6980 9079 1314 2421 582 701 4723 9886 7119 9623 3403 7662 5569 3440 7899 1415 7851 306 7985 4427 8552 2986 3363 8183 1957 4331 5786 1474 2663 7532 9603 1289 4519 9679 3909 3506 2418 5839 2791 3338 4038 8973 8491 9647 4786 8966 4408 3176 6470 1315 3832 5562 8181 2009 4334 9598 9347 1325 712 1798 6615 7630 433 508 208 3857 562 5064 8616 4544 8997 6186 8340 167 3845 93 4204 6438 8793 6076 7755 5796 24 1255 1188 7063 7226 3737 5556 6930 2151 6247 3509 3029 7457 926 7673 3297 6743 1941 4513 5826 9166 6704 1227 8296 8804 5488 671 9194 4346 9145 6160 8612 1278 954 4179 6592 5898 6140 7747 1110 457 84 5553 7980 8914 9077 8573 999 2775 3064 1630 8592 9169 3132 6737 9854 6255 8602 3688 4422 4022 7337 240 7002 1306 6634 358 9531 3365 6464 8686 8624 6188 2066 286 9689 1615 7480 4555 7670 3783 8401 7019 2728 3877 8544 691 5361 3592 8469 6626 9341 4022 2409 7858 5016 9172 6324 897 7689 4596 8401 8043 6378 2806 5531 8715 3695 8336 5728 2434 8868 7463 7146 9961 5643 2300 6863 505 2325 1521 2307 6430 6504 2988 6145 6869 939 6267 7204 9495 2915 5524 9631 6169 7007 8961 2902 4728 2635 8278 3276 6711 912 6005 1641 2408 6635 3475 4606 2586 9346 416 8494 1921 2027 5918 229 3393 2306 8377 1062 5151 8077 3269 6686 8394 6657 4922 5433 1981 292 6911 6384 5876 8353 31 2105 3300 1031 4206 1398 4895 4097 8897 3105 6249 8412 6195 8056 4019 2469 16 6943 1739 6409 2914 2786 7579 6065 7279 9246 4892 3917 949 9657 5819 4872 5133 8513 3460 7154 6651 4704 8601 4563 5611 1032 4182 6602 1640 70 1240 3028 1993 609 4219 1259 6128 9613 7029 7260 9848 6272 667 1350 5552 8011 3279 9189 5693 9884 1651 17 7379 4291 9857 9509 3626 9380 9539 2250 4219 9791 5290 2669 4348 3401 9759 2517 2820 3899 7494 7303 9556 5345 2598 6158 7089 6657 5899 4044 1656 3824 5885 5873 8630 6364 5347 6454 8137 2496 9272 5570 3795 2953 462 5373 3307 9842 7429 7633 8537 8991 2330 5450 1242 2685 4656 2306 469 9210 3486 6523 1320 3913 4083 2600 2303 2108 6162 4480 5461 9606 6288 4206 4756 2467 6704 8011 6374 7243 3844 3960 3088 638 6632 7291 1764 3793 3125 5641 1385 8674 8148 4889 100 5889 9191 1406 9987 4221 7425 7387 743 2845 7776 2474 4588 7152 7225 1270 4430 1099 9068 4114 8464 9595 8253 9513 7765 155 9076 5262 7334 5969 5383 1136 3151 922 1847 9872 4781 9838 2090 2177 2281 9491 6353 853 6355 3114 4824 8157 6484 9913 1026 8104 5040 937 6088 8538 6637 964 5851 8270 2978 2926 3711 1298 5626 8287 7206 5236 2805 5963 1607 5183 1949 5059 8466 1267 4718 734 1167 7315 9555 4867 3312 5341 4260 145 2545 4462 9342 4649 6378 2247 8696 617 6619 3041 8350 6570 959 1567 6530 2378 8534 430 8686 6025 6650 3994 4318 945 7717 3339 8733 7867 5032 5175 8289 9624 2358 2775 4224 5165 5997 613 9979 6550 4761 1762 1939 7828 8804 8836 875 3498 5065 1440 7601 6878 891 3331 9815 6727 8443 6856 1903 6178 8761 960 1894 923 137 8309 7496 9059 7260 1740 799 3445 779 2843 2069 7350 7533 7368 791 5139 9928 4150 9426 7928 6140 7218 7069 2670 3181 2739 4638 1088 683 7649 3363 9784 1491 1068 8426 7085 2633 2546 8136 2679 9492 6751 6315 7349 9018 7180 6729 972 2180 6012 3610 784 6542 5461 3144 9582 4169 7183 402 9602 12 7695 1132 8121 8490 5821 5277 9863 3685 4234 5224 8722 2799 9442 8358 8763 2679 8860 1141 6887 1559 6825 1603 9375 9996 8395 8894 8894 7367 6055 7146 1211 3127 5009 4526 2115 7421 7421 7067 2169 2257 8655 1220 8517 9229 4038 5435 9257 138 6358 552 52 4590 7786 8308 8539 7316 1737 2048 5269 3455 5182 8403 795 8246 7102 8333 7652 7406 4530 1527 2731 1032 6645 4412 7746 7696 4087 3134 9418 1272 2684 2429 948 4593 3216 6794 5782 5284 708 9741 8776 1341 870 8005 8386 9522 4980 9769 1848 4252 6773 5838 9350 2286 349 7401 3086 1824 6910 7386 8747 5299 718 6566 2205 2494 8881 6059 5638 3465 9893 9344 3022 5525 2805 9508 9029 2285 6194 5205 5730 2631 8221 8951 3603 2118 5130 9265 3920 4926 2272 6499 5860 4535 4464 2829 7806 4564 4084 2086 966 1353 8833 4997 7610 7445 3771 7766 9650 2715 4857 3562 9917 5569 9077 8484 3016 2970 1910 4193 8349 2880 6904 6807 6835 7119 8043 3818 2453 8048 4856 6605 1931 1570 2701 633 7169 448 4224 1377 8465 9167 8215 4231 484 2588 9667 1773 1191 1197 6125 7579 8955 7588 396 4901 805 4202 7671 6719 6967 721 1665 9600 9582 971 2919 5772 757 5293 5668 62 8346 2090 6656 4743 3728 9165 1650 7987 1658 9720 6872 7411 2153 3934 6832 3689 6518 4888 7528 5008 16 9630 3604 2098 354 8791 4248 6090 2548 1762 4553 7254 3158 2569 5599 2113 8409 4336 6766 8357 8434 2063 9329 6217 6873 5575 8815 2089 82 4041 5830 6785 1902 6099 6410 6095 9290 8954 5775 8185 3984 7542 11 5608 1958 2300 6858 7518 6505 6323 7665 1838 1897 1482 4389 1459 6923 2712 9414 4798 5146 1595 4900 813 2320 85 7377 3782 4282 7485 9391 4154 4887 5608 7096 4663 2021 9433 9346 1563 3457 5316 293 6842 3499 8260 5107 7052 4520 5976 7329 7794 2862 8399 6094 7073 2430 4527 9685 517 5128 7925 3796 9119 4889 9370 2005 5407 2979 7215 169 3171 3273 8224 9094 886 6951 885 7374 784 1735 4272 1705 1680 3129 9851 8302 3756 5726 5323 349 2699 5302 1986 3673 914 4956 5059 4737 7783 2936 8870 6203 6588 6988 3467 9866 6100 2980 280 2126 1311 87 377 4221
8032 1167 4675 5098 9577 6508 1031 240 9078 3401 6224 4365 6704 1002 1141 3704 7763 5729 494 1077 1110 8064 3843 1381 9622 4763 4566 6055 7302 5319 8222 5551 5730 5326 9613 4096 1888 2865 4381 6107 2255 1235 1736 1763 2514 8030 5506 5019 1901 1538 9080 1288 5833 3201 8976 9012 526 3956 5820 6477 2982 4798 7241 4255 173 5966 1674 9538 7624 3574 6123 7341 5157 6443 8275 4258 2772 9480 9827 7943 6354 3126 1188 1659 8726 8408 5022 4883 5892 4982 5016 5820 6042 4266 8423 8406 5543 3234 3339 6491 3542 356 6275 6793 9946 6752 5312 331 4928 4423 4266 3662 7203 1949 2549 252 6266 4485 9475 2326 1981 7165 73 3851 9449 7409 8452 760 1112 1826 7731 8145 4992 5238 9060 191 1958 2214 9944 1214 1759 1072 902 7466 8841 1052 1282 7474 4504 6234 7014 2290 263 6028 7923 8613 6634 7636 3038 2817 2148 8904 5430 7286 27 4277 7106 3270 866 2619 6375 5542 6582 9280 3959 6264 1108 671 1572 6392 6314 8247 9699 6313 557 1406 2495 4969 7807 3427 3012 4532 9224 6429 7805 2286 916 2653 6981 180 3637 2264 3485 4343 4351 8137 1210 7574 7770 5864 675 4237 3373 3006 9212 6775 7456 871 9427 5293 9938 4124 69 3500 7414 7915 3462 4199 395 9044 2703 5199 6080 375 5153 4936 9853 1337 6190 259 4169 2219 664 3380 8729 8324 2593 5438 9728 8986 6255 9397 5689 956 1378 773 935 2416 8414 5796 8948 8688 8693 3458 5516 5891 6182 4174 7013 2298 5346 5852 5698 2897 6406 7172 8283 1815 7921 4461 9355 1290 885 1057 6753 9316 8995 1263 963 8160 4499 6777 9136 8765 9365 3832 1490 8933 7960 2072 5206 3092 1489 1862 9520 7754 2074 5678 8547 9000 2463 8641 5682 7551 6719 8382 4157 5372 632 3971 5322 7463 6980 9079 1314 2421 582 701 4723 9886 7119 9623 3403 7662 5569 3440 7899 1415 7851 306 7985 4427 8552 2986 3363 8183 1957 4331 5786 1474 2663 7532 9603 1289 4519 9679 3909 3506 2418 5839 2791 3338 4038 8973 8491 9647 4786 8966 4408 3176 6470 1315 3832 5562 8181 2009 4334 9598 9347 1325 712 1798 6615 7630 433 508 208 3857 562 5064 8616 4544 8997 6186 8340 167 3845 93 4204 6438 8793 6076 7755 5796 24 1255 1188 7063 7226 3737 5556 6930 2151 6247 3509 3029 7457 926 7673 3297 6743 1941 4513 5826 9166 6704 1227 8296 8804 5488 671 9194 4346 9145 6160 8612 1278 954 4179 6592 5898 6140 7747 1110 457 84 5553 7980 8914 9077 8573 999 2775 3064 1630 8592 9169 3132 6737 9854 6255 8602 3688 4422 4022 7337 240 7002 1306 6634 358 9531 3365 6464 8686 8624 6188 2066 286 9689 1615 7480 4555 7670 3783 8401 7019 2728 3877 8544 691 5361 3592 8469 6626 9341 4022 2409 7858 5016 9172 6324 897 7689 4596 8401 8043 6378 2806 5531 8715 3695 8336 5728 2434 8868 7463 7146 9961 5643 2300 6863 505 2325 1521 2307 6430 6504 2988 6145 6869 939 6267 7204 9495 2915 5524 9631 6169 7007 8961 2902 4728 2635 8278 3276 6711 912 6005 1641 2408 6635 3475 4606 2586 9346 416 8494 1921 2027 5918 229 3393 2306 8377 1062 5151 8077 3269 6686 8394 6657 4922 5433 1981 292 6911 6384 5876 8353 31 2105 3300 1031 4206 1398 4895 4097 8897 3105 6249 8412 6195 8056 4019 2469 16 6943 1739 6409 2914 2786 7579 6065 7279 9246 4892 3917 949 9657 5819 4872 5133 8513 3460 7154 6651 4704 8601 4563 5611 1032 4182 6602 1640 70 1240 3028 1993 609 4219 1259 6128 9613 7029 7260 9848 6272 667 1350 5552 8011 3279 9189 5693 9884 1651 17 7379 4291 9857 9509 3626 9380 9539 2250 4219 9791 5290 2669 4348 3401 9759 2517 2820 3899 7494 7303 9556 5345 2598 6158 7089 6657 5899 4044 1656 3824 5885 5873 8630 6364 5347 6454 8137 2496 9272 5570 3795 2953 462 5373 3307 9842 7429 7633 8537 8991 2330 5450 1242 2685 4656 2306 469 9210 3486 6523 1320 3913 4083 2600 2303 2108 6162 4480 5461 9606 6288 4206 4756 2467 6704 8011 6374 7243 3844 3960 3088 638 6632 7291 1764 3793 3125 5641 1385 8674 8148 4889 100 5889 9191 1406 9987 4221 7425 7387 743 2845 7776 2474 4588 7152 7225 1270 4430 1099 9068 4114 8464 9595 8253 9513 7765 155 9076 5262 7334 5969 5383 1136 3151 922 1847 9872 4781 9838 2090 2177 2281 9491 6353 853 6355 3114 4824 8157 6484 9913 1026 8104 5040 937 6088 8538 6637 964 5851 8270 2978 2926 3711 1298 5626 8287 7206 5236 2805 5963 1607 5183 1949 5059 8466 1267 4718 734 1167 7315 9555 4867 3312 5341 4260 145 2545 4462 9342 4649 6378 2247 8696 617 6619 3041 8350 6570 959 1567 6530 2378 8534 430 8686 6025 6650 3994 4318 945 7717 3339 8733 7867 5032 5175 8289 9624 2358 2775 4224 5165 5997 613 9979 6550 4761 1762 1939 7828 8804 8836 875 3498 5065 1440 7601 6878 891 3331 9815 6727 8443 6856 1903 6178 8761 960 1894 923 137 8309 7496 9059 7260 1740 799 3445 779 2843 2069 7350 7533 7368 791 5139 9928 4150 9426 7928 6140 7218 7069 2670 3181 2739 4638 1088 683 7649 3363 9784 1491 1068 8426 7085 2633 2546 8136 2679 9492 6751 6315 7349 9018 7180 6729 972 2180 6012 3610 784 6542 5461 3144 9582 4169 7183 402 9602 12 7695 1132 8121 8490 5821 5277 9863 3685 4234 5224 8722 2799 9442 8358 8763 2679 8860 1141 6887 1559 6825 1603 9375 9996 8395 8894 8894 7367 6055 7146 1211 3127 5009 4526 2115 7421 7421 7067 2169 2257 8655 1220 8517 9229 4038 5435 9257 138 6358 552 52 4590 7786 8308 8539 7316 1737 2048 5269 3455 5182 8403 795 8246 7102 8333 7652 7406 4530 1527 2731 1032 6645 4412 7746 7696 4087 3134 9418 1272 2684 2429 948 4593 3216 6794 5782 5284 708 9741 8776 1341 870 8005 8386 9522 4980 9769 1848 4252 6773 5838 9350 2286 349 7401 3086 1824 6910 7386 8747 5299 718 6566 2205 2494 8881 6059 5638 3465 9893 9344 3022 5525 2805 9508 9029 2285 6194 5205 5730 2631 8221 8951 3603 2118 5130 9265 3920 4926 2272 6499 5860 4535 4464 2829 7806 4564 4084 2086 966 1353 8833 4997 7610 7445 3771 7766 9650 2715 4857 3562 9917 5569 9077 8484 3016 2970 1910 4193 8349 2880 6904 6807 6835 7119 8043 3818 2453 8048 4856 6605 1931 1570 2701 633 7169 448 4224 1377 8465 9167 8215 4231 484 2588 9667 1773 1191 1197 6125 7579 8955 7588 396 4901 805 4202 7671 6719 6967 721 1665 9600 9582 971 2919 5772 757 5293 5668 62 8346 2090 6656 4743 3728 9165 1650 7987 1658 9720 6872 7411 2153 3934 6832 3689 6518 4888 7528 5008 16 9630 3604 2098 354 8791 4248 6090 2548 1762 4553 7254 3158 2569 5599 2113 8409 4336 6766 8357 8434 2063 9329 6217 6873 5575 8815 2089 82 4041 5830 6785 1902 6099 6410 6095 9290 8954 5775 8185 3984 7542 11 5608 1958 2300 6858 7518 6505 6323 7665 1838 1897 1482 4389 1459 6923 2712 9414 4798 5146 1595 4900 813 2320 85 7377 3782 4282 7485 9391 4154 4887 5608 7096 4663 2021 9433 9346 1563 3457 5316 293 6842 3499 8260 5107 7052 4520 5976 7329 7794 2862 8399 6094 7073 2430 4527 9685 517 5128 7925 3796 9119 4889 9370 2005 5407 2979 7215 169 3171 3273 8224 9094 886 6951 885 7374 784 1735 4272 1705 1680 3129 9851 8302 3756 5726 5323 349 2699 5302 1986 3673 914 4956 5059 4737 7783 2936 8870 6203 6588 6988 3467 9866 6100 2980 280 2126 1311 87 377 4221
