3394
2064
2064
4663
8244
2576
316
31
NOT_FOUND
4841
2063
4655
4090
8497
NOT_FOUND
3218
NOT_FOUND
NOT_FOUND
NOT_FOUND
NOT_FOUND
NOT_FOUND
8967
180
NOT_FOUND
4104
2180
9100
9569
3872
NOT_FOUND
2062
2062
NOT_FOUND
2155
NOT_FOUND
7167
NOT_FOUND
NOT_FOUND
NOT_FOUND
6377
2797
2132
392
3030
2058
9450
NOT_FOUND
NOT_FOUND
2059
8631
2058
2058
1722
8505
2056
NOT_FOUND
NOT_FOUND
NOT_FOUND
2057
2057
3994
NOT_FOUND
2057
6493
2056
NOT_FOUND
9125
562
9347
2053
3472
NOT_FOUND
NOT_FOUND
3312
6134
9772
4485
NOT_FOUND
1447
NOT_FOUND
953
7703
NOT_FOUND
NOT_FOUND
4975
NOT_FOUND
802
4330
NOT_FOUND
2054
8214
4340
2520
NOT_FOUND
2054
9665
NOT_FOUND
847
134
NOT_FOUND
586
2057
1574
NOT_FOUND
6078
NOT_FOUND
8620
NOT_FOUND
NOT_FOUND
4661
2055
6584
2055
NOT_FOUND
NOT_FOUND
8022
9857
2054
4505
2053
7861
4282
3123
NOT_FOUND
9402
2049
816
1892
NOT_FOUND
6464
2966
2051
8029
6980
NOT_FOUND
4096
NOT_FOUND
NOT_FOUND
2051
2051
NOT_FOUND
7593
8769
8885
8882
1138
889
7765
NOT_FOUND
2051
8188
NOT_FOUND
NOT_FOUND
NOT_FOUND
9192
5588
4661
9802
2048
7746
7499
4223
8732
2049
2052
2053
9747
2052
9401
7158
2129
NOT_FOUND
NOT_FOUND
6807
2048
2048
2048
NOT_FOUND
7153
NOT_FOUND
NOT_FOUND
2049
389
6709
6256
5258
NOT_FOUND
4509
5278
5039
9654
NOT_FOUND
2045
NOT_FOUND
1833
6577
8205
1871
2044
5546
3923
NOT_FOUND
965
2044
3881
2443
NOT_FOUND
7027
2044
NOT_FOUND
2045
2045
6645
2044
5945
216
2043
2043
5625
7685
7638
5037
6007
2038
6086
8518
993
189
951
NOT_FOUND
2037
9329
5419
375
7269
2035
5318
3970
1698
2035
3873
NOT_FOUND
2038
1885
2038
4028
6534
NOT_FOUND
NOT_FOUND
9163
9532
3076
NOT_FOUND
312
NOT_FOUND
667
3556
669
NOT_FOUND
NOT_FOUND
NOT_FOUND
9224
4186
7526
NOT_FOUND
2038
7348
855
9276
9036
9957
6271
NOT_FOUND
4966
2039
1934
2039
80
6471
2037
7894
2037
NOT_FOUND
8893
7912
NOT_FOUND
NOT_FOUND
4607
2036
4167
NOT_FOUND
1582
9065
NOT_FOUND
9170
2042
6009
2042
8116
2041
5329
2040
2040
2040
1870
1597
1987
2500
NOT_FOUND
2037
252
5611
2037
478
5845
NOT_FOUND
NOT_FOUND
7597
4477
7663
5645
760
NOT_FOUND
988
3338
2033
7880
8929
NOT_FOUND
2040
NOT_FOUND
NOT_FOUND
8684
5301
NOT_FOUND
5748
NOT_FOUND
929
2225
2043
1626
1760
7164
6080
2041
9509
9404
8906
NOT_FOUND
253
2457
NOT_FOUND
2136
NOT_FOUND
4719
2038
6228
NOT_FOUND
6003
2042
2408
2041
3829
6361
1655
4924
NOT_FOUND
2042
8603
8615
NOT_FOUND
NOT_FOUND
7566
2042
2043
6703
2042
3643
2041
844
NOT_FOUND
NOT_FOUND
2952
7984
817
6037
3774
2037
NOT_FOUND
NOT_FOUND
1731
1930
2038
2039
NOT_FOUND
4230
4104
NOT_FOUND
3335
2041
2250
8622
NOT_FOUND
NOT_FOUND
6604
2044
9154
1928
NOT_FOUND
6082
2044
NOT_FOUND
8472
3693
9554
2044
NOT_FOUND
2047
704
3805
NOT_FOUND
9418
8490
7130
5388
1335
1263
2049
2434
NOT_FOUND
1915
5335
2722
9982
8184
NOT_FOUND
8199
3974
577
1360
5819
2047
2047
7756
NOT_FOUND
NOT_FOUND
7527
8262
5981
3538
9361
2578
9059
4336
NOT_FOUND
NOT_FOUND
9949
673
6299
NOT_FOUND
253
4406
4825
NOT_FOUND
643
2045
8731
2046
5790
1577
2048
8584
2047
2049
7627
3995
2048
NOT_FOUND
NOT_FOUND
9722
50
2048
9280
8114
9400
277
6513
NOT_FOUND
4913
5782
NOT_FOUND
8701
7386
NOT_FOUND
218
7424
5836
7802
NOT_FOUND
269
NOT_FOUND
2047
2048
9745
2049
2049
2050
2138
8703
NOT_FOUND
8729
6986
3673
4294
2050
8171
NOT_FOUND
NOT_FOUND
6943
8930
705
2050
1213
1791
2209
6235
NOT_FOUND
2050
NOT_FOUND
2012
NOT_FOUND
2061
2061
8045
1963
2937
NOT_FOUND
1067
1947
2064
2064
632
7881
2065
6397
2065
NOT_FOUND
2065
2065
5594
1298
NOT_FOUND
4923
NOT_FOUND
8266
2065
NOT_FOUND
7938
704
2066
1445
2067
2069
9567
NOT_FOUND
2071
4829
2099
4408
2072
9294
NOT_FOUND
2072
2073
3193
2072
2072
2072
2072
5630
191
949
9451
3456
4528
NOT_FOUND
3147
1117
NOT_FOUND
332
7062
2069
6984
NOT_FOUND
2068
NOT_FOUND
3617
134
7235
207
2068
5861
2067
419
9470
2066
NOT_FOUND
6378
2066
4953
5258
NOT_FOUND
7315
6812
6425
3497
8011
2061
2062
8669
2063
2063
6264
NOT_FOUND
1525
2062
2062
2063
2064
2064
50
6883
6759
NOT_FOUND
NOT_FOUND
2507
95
2062
5138
4018
9268
NOT_FOUND
NOT_FOUND
7155
22
2061
7027
2352
8732
2064
7539
1959
2063
8640
3020
2062
7972
889
2060
5443
1752
8112
2064
5218
3219
8104
6867
9051
9322
NOT_FOUND
4733
2060
3174
2713
9657
NOT_FOUND
8363
6321
2060
2060
NOT_FOUND
8069
2061
2061
2066
9945
7520
695
669
2065
3277
8350
8356
8156
2061
NOT_FOUND
2249
NOT_FOUND
2064
NOT_FOUND
5073
2298
9815
2063
NOT_FOUND
9054
9411
NOT_FOUND
2064
2064
NOT_FOUND
8761
2067
207
9113
NOT_FOUND
NOT_FOUND
1179
8080
6327
7040
4054
2065
NOT_FOUND
2065
7834
NOT_FOUND
NOT_FOUND
NOT_FOUND
2064
3468
5245
2063
2063
8961
5163
2062
8968
2064
2585
99
2064
6645
2065
5832
2064
2366
2063
2886
2064
1363
NOT_FOUND
5898
9830
NOT_FOUND
NOT_FOUND
9388
8231
NOT_FOUND
2241
2064
2064
9356
1737
1928
2070
4132
1503
NOT_FOUND
2072
17
2935
5228
2074
8811
8455
567
8367
2461
NOT_FOUND
2071
331
4168
NOT_FOUND
2878
3622
3861
5456
4812
7497
2805
NOT_FOUND
2067
441
6471
5251
2066
2066
2066
5601
8022
1186
NOT_FOUND
2065
2067
NOT_FOUND
2614
7977
2065
9118
NOT_FOUND
6733
NOT_FOUND
NOT_FOUND
2064
2064
8223
4160
4369
2062
4048
9564
6083
9134
NOT_FOUND
2152
8007
2060
1802
719
NOT_FOUND
NOT_FOUND
2061
232
5826
2059
4527
2778
2059
8321
1186
2057
2057
9108
588
9010
9746
5823
7667
2052
2053
NOT_FOUND
NOT_FOUND
NOT_FOUND
663
6264
2055
2055
9465
3113
NOT_FOUND
7415
161
1175
211
NOT_FOUND
1670
542
5852
NOT_FOUND
9830
2052
758
NOT_FOUND
NOT_FOUND
6401
1091
NOT_FOUND
5835
3414
5454
2051
2051
NOT_FOUND
3388
2052
9437
722
NOT_FOUND
2991
7528
9866
NOT_FOUND
NOT_FOUND
2054
2054
580
NOT_FOUND
4202
2054
200
8937
7026
4486
738
2073
2620
9997
NOT_FOUND
NOT_FOUND
6240
2039
NOT_FOUND
2048
2048
3880
NOT_FOUND
2047
2047
2047
NOT_FOUND
2047
2048
2048
NOT_FOUND
2049
2052
3025
9007
324
6885
2050
2270
2053
2053
2058
NOT_FOUND
7915
2058
2060
2060
NOT_FOUND
NOT_FOUND
2062
NOT_FOUND
2062
2063
8067
2062
NOT_FOUND
NOT_FOUND
9429
5160
1742
NOT_FOUND
6158
5721
NOT_FOUND
1150
2062
1091
4001
2065
9889
NOT_FOUND
8391
2064
NOT_FOUND
NOT_FOUND
4422
2216
3485
4657
NOT_FOUND
2065
2065
2066
NOT_FOUND
NOT_FOUND
8618
2929
NOT_FOUND
NOT_FOUND
NOT_FOUND
NOT_FOUND
2066
5210
2874
NOT_FOUND
2067
6743
2068
NOT_FOUND
2069
2067
2271
6812
2065
2278
9441
2065
2065
2065
1890
NOT_FOUND
NOT_FOUND
6948
189
8002
5655
NOT_FOUND
8339
3287
2060
2522
5814
5030
2057
NOT_FOUND
2057
NOT_FOUND
2059
8379
8431
NOT_FOUND
7430
9070
5521
2057
2160
8016
937
4853
2057
2732
2056
989
6169
2057
NOT_FOUND
3682
311
5186
8225
2053
6289
NOT_FOUND
8834
3707
2054
7054
3433
2052
2053
3265
5107
2054
2054
4339
2054
2054
2054
2054
NOT_FOUND
2019
2054
2116
2055
2056
5596
1618
NOT_FOUND
7996
1737
NOT_FOUND
2054
61
637
2866
3275
NOT_FOUND
5978
4489
5183
2053
2054
9787
2055
5707
1843
NOT_FOUND
4529
3341
1974
2059
NOT_FOUND
2059
NOT_FOUND
2060
NOT_FOUND
1208
5126
8579
2060
NOT_FOUND
6129
4161
5370
2058
2059
8324
2063
NOT_FOUND
2063
64
2062
2062
2065
2066
5891
6575
2065
3402
1332
7738
NOT_FOUND
2066
2067
9673
6398
NOT_FOUND
7505
NOT_FOUND
NOT_FOUND
1548
NOT_FOUND
9463
2067
2067
2067
NOT_FOUND
4907
9450
2845
NOT_FOUND
NOT_FOUND
NOT_FOUND
6013
2065
8167
1127
5233
1103
464
6604
NOT_FOUND
7129
2064
2064
755
2064
NOT_FOUND
2065
3406
4620
917
NOT_FOUND
313
5554
8231
2063
1751
8103
NOT_FOUND
1195
5748
NOT_FOUND
308
NOT_FOUND
8653
5808
2058
2058
5838
2125
2056
8915
1093
NOT_FOUND
2056
NOT_FOUND
2056
NOT_FOUND
8380
7529
491
3675
8566
5728
8205
NOT_FOUND
711
2055
2055
9120
5869
1587
3988
9796
4989
NOT_FOUND
8047
2053
9900
NOT_FOUND
2052
8277
2052
7300
469
8879
3902
5906
2052
2052
2054
NOT_FOUND
NOT_FOUND
NOT_FOUND
2058
NOT_FOUND
NOT_FOUND
NOT_FOUND
NOT_FOUND
545
NOT_FOUND
3211
1664
NOT_FOUND
8813
6145
9194
2483
8272
NOT_FOUND
8110
8151
2055
2055
NOT_FOUND
7324
7819
NOT_FOUND
8387
2052
NOT_FOUND
8265
NOT_FOUND
4020
9579
3052
3488
NOT_FOUND
6298
3916
5296
4728
4388
6543
2048
NOT_FOUND
810
NOT_FOUND
2047
2049
2334
NOT_FOUND
2809
2050
8811
5753
NOT_FOUND
4599
1953
1680
6554
23
2433
NOT_FOUND
7736
3213
7461
NOT_FOUND
4608
7530
7821
1712
2832
2039
5487
2785
2038
2463
NOT_FOUND
NOT_FOUND
2037
NOT_FOUND
2442
8381
3609
1654
2035
2035
2036
582
4961
NOT_FOUND
2035
NOT_FOUND
8294
788
NOT_FOUND
2034
2034
1213
817
1804
NOT_FOUND
6194
NOT_FOUND
8112
5688
NOT_FOUND
6225
3867
2032
4000
1365
9878
2030
2031
8134
NOT_FOUND
NOT_FOUND
5664
1362
3668
2441
2026
2026
354
885
NOT_FOUND
1475
NOT_FOUND
2027
119
6933
2026
NOT_FOUND
3156
713
2026
2132
4508
NOT_FOUND
3740
3441
NOT_FOUND
2267
8423
NOT_FOUND
5219
NOT_FOUND
1026
2030
2031
2031
421
2031
5548
2031
5657
1841
2891
NOT_FOUND
NOT_FOUND
2030
6568
8866 1035 290 717 8106 2722 9328 7781 3181 5685 3596 983 3910 7059 2441 9897 2571 7113 3740 6885 6796 4268 9301 3804 7617 5539 7794 1092 5965 2384 6307 164 4309 3425 591 9329 4499 815 5008 7490 7330 9532 2513 4426 3672 7297 5599 4268 6421 7752 9981 7312 6439 6831 1915 4266 2333 2697 4137 920 4486 1062 6896 9043 7593 5845 9928 1033 65 4827 9437 4949 3599 7751 6922 3632 2558 3156 6676 9344 7123 3840 5247 3934 6549 4648 553 7846 5816 9572 4138 1095 9700 3213 7668 3389 4310 7539 4432 1514 5740 3464 7033 9019 2423 7784 3596 5861 309 9034 3978 3524 3120 3940 732 7770 2395 304 3121 5941 1207 5479 2704 9545 1320 332 9103 6869 5792 944 5411 6960 5782 1150 8841 2076 5550 548 3526 5430 4721 3224 1300 9376 8882 5276 9242 6431 1098 3769 9915 1396 3082 6278 4646 2661 2954 9710 5172 8272 4428 1384 5935 9703 189 8404 4735 5072 5835 3351 1472 9919 9667 2108 9513 8090 7908 513 174 3939 3587 927 8461 6375 2875 1428 9476 7391 8391 9799 4425 5719 2572 9712 8893 585 5746 2333 7218 8800 2783 3453 9787 8818 9746 9942 353 6782 7580 8284 6044 70 6099 5107 1879 1473 9550 5066 3025 462 7681 7292 4807 8114 9185 3718 5628 384 1505 7772 1570 4042 2502 6442 3083 8416 1781 9406 3442 1547 6920 7830 8984 4433 1464 6800 6011 1697 5786 7016 6806 3368 3516 6820 7407 7983 395 2339 2106 2 9875 1309 9643 6798 5350 7890 6644 3176 5650 5085 4416 4202 9659 3192 4425 501 7533 8467 7154 2048 5685 6594 5202 2545 3407 5331 3915 9637 5870 9962 199 1771 362 5447 191 4033 2430 8032 3398 3321 135 9716 2712 1256 5085 9040 6669 909 4169 9237 5979 5008 8909 1826 5009 5228 5495 1102 619 748 6172 6273 2444 9928 4330 1478 5261 4087 3648 2941 1002 5155 9790 860 9179 8161 6288 8770 8420 8138 6590 1593 5635 9960 1452 9687 6752 4388 4549 5735 1709 8053 3839 7192 6438 2401 7631 3279 9732 3148 6978 3261 4453 4861 1061 5686 5143 4173 6513 6441 6480 3233 2140 9350 5765 7009 5702 7553 6009 4585 4390 500 5777 8487 3938 9073 882 6181 3265 8012 9546 7559 7963 7126 7627 5400 6898 9499 2561 1673 1002 7365 3985 5498 1375 7350 2479 7577 1749 2309 7773 4454 6819 8664 8676 5747 433 7999 3650 3673 3311 1895 9582 5961 331 9064 4971 6999 1148 9754 7433 8914 8231 6610 8490 9633 4425 6070 5620 4066 6768 8280 6528 4137 9654 6685 5961 9150 926 2947 4634 6880 8459 1068 3732 8602 4375 2824 4282 222 751 9977 4198 7290 6630 2247 9810 4034 2394 7898 5799 9610 631 7720 780 7898 9150 2433 1160 6517 7594 8076 8574 5085 822 2465 3829 2933 5401 6432 1037 4400 1236 8301 453 9715 8345 4999 8162 8148 6775 4873 5949 4625 8385 6911 8308 6286 799 1820 2148 5979 665 1344 5155 1443 5328 1808 5108 6332 602 2337 6561 7933 9237 1780 3643 3966 1144 271 5407 4604 317 8131 3774 4273 2247 5190 9048 4980 3954 4769 2778 3311 1945 515 9206 4309 1298 3185 4117 4811 959 1205 2943 1891 1292 9984 3306 4338 9221 7138 6965 8008 2203 7317 4968 9474 7040 2953 9320 1238 1438 7033 7136 5919 4904 6092 9831 1908 8105 2823 1540 212 225 5300 2889 3762 5027 6964 1934 8760 4718 7855 2305 7991 3640 6189 7131 9578 976 1627 2313 7731 6830 2869 5285 1740 9040 7121 4428 1448 697 508 1968 2297 8375 6610 3471 7030 4301 7888 5822 490 7538 2538 7158 271 2095 6727 5037 7516 5747 1293 7299 196 4697 6441 2262 5099 5559 8513 9585 5284 4927 1010 3652 5298 7981 5511 8376 2188 7867 5985 3598 829 7720 3140 7626 116 6492 9724 7001 8316 8919 2630 7766 2033 1497 8664 7710 1863 7821 1550 7220 5084 2390 7632 2016 6737 4072 8113 8043 3777 7747 9654 6403 7624 1243 5793 2983 8905 8763 3810 6061 9208 7801 2700 8984 972 2310 6951 7943 7040 6218 275 826 2117 187 929 2325 2738 7028 3102 2100 2680 362 4819 3337 7047 3327 618 6757 4279 2079 823 1936 1114 7542 1422 1590 5832 6984 6357 4215 4012 3357 5395 1382 9339 8848 9619 4664 8032 5065 8217 8471 8296 370 7723 4102 8162 8761 5461 3171 7690 7905 9291 5725 233 7897 277 9335 2176 1442 3286 7121 303 5789 9507 6507 3283 8124 4263 8769 7440 706 6218 5142 7816 1646 3881 2997 950 6862 5477 6138 5452 9987 5253 3933 8272 9973 5810 728 7806 7576 3030 3455 8065 8255 5625 9466 2981 5354 9122 6385 3346 1354 4552 9248 3236 5130 6671 7586 6489 6091 2647 4527 140 8341 3040 2346 9221 5327 9788 8389 6508 2890 855 7746 2079 600 4528 8103 6459 8531 1773 8646 4589 1664 6241 2839 8980 9769 1382 4904 9949 4486 4460 8126 4428 8939 151 5246 6303 1927 1384 6839 2662 5039 5315 4225 4746 1437 9813 1654 5907 337 117 3507 1885 1331 6235 7958 7592 8930 3496 1955 6681 5691 1401 585 6618 7018 4059 7015 8222 5377 2833 1345 3488 7538 3961 231 9949 8760 9945 6950 1377 3722 6418 1162 5198 100 827 2047 5299 7836 8075 4604 8420 2167 4019 9009 1203 6348 6125 42 9567 4750 4334 7276 3525 1638 236 4838 9631 1017 3548 8656 7778 6956 8356 2554 7380 7122 4201 9575 9692 6328 8524 4059 7725 1063 6580 6359 9773 5835 3101 7608 8 2798 5788 2862 975 3231 5184 187 8069 340 2205 7271 4938 7011 1256 7365 6505 7879 9791 1708 3663 9014 263 1693 2503 6761 2621 7743 917 1983 2326 7116 6187 6369 7157 3188 60 3507 3767 7011 7228 5444 8314 8535 6091 57 6218 2765 5695 8299 3511 2610 4667 8956 1890 4053 8838 5992 8078 4815 896 6483 9954 6072 4424 9528 3469 417 3102 6074 6156 1850 3269 7455 8749 6576 4863 6414 8822 2615 2885 4649 4518 28 6330 5003 3874 8310 8542 4868 7922 1453 1445 952 4565 3240 3075 5605 7295 1380 1547 8348 1252 7125 5139 596 4260 4790 4427 4519 2038 2251 2305 8631 719 7597 6736 4896 4466 4049 282 1261 3509 7955 1359 3172 5134 7359 2656 3068 9763 6307 7604 14 1855 5615 9314 27 648 6881 8016 6252 8582 4660 968 9299 9201 5739 3159 5615 2067 677 8964 2088 2465 3464 9846 7806 8201 6216 9469 2906 4256 8327 1823 2289 3946 5680 5758 9289 8932 7985 7305 2388 4496 9460 1935 8258 7010 8689 4489 6297 226 6597 8174 3114 546 9668 1553 5289 8218 3567 6761 9040 7441 6942 2392 5987 9489 9163 7006 8168 2584 8623 5183 2004 2632 9491 6192 6983 2455 6297 7289 9078 6712 6267 6237 7470 4228 4991 6586 8833 3629 350 2897 9634 9670 3392 6092 4247 1710 5293 7088 3658 412 1179 8216 6288 5212 8238 832 3468 1756 5852 8843 4361 9595 4396 9783 8418 6913 7697 6685 8236 673 6058 4811 4149 3233 1507 7669 9732 4369 8045 4147 739 6706 9965 2100 6982 8667 5722 5489 288 2503 7881 7291 3528 2850 7474 8092 5927 9096 9813 3589 3544 8141 8182 350 2995 515 9890 7874 4994 170 4748 1757 5068 2399 4105 8833 6701 6536 7018 723 3012 5730 7152 683 8638 6438 2711 622 6810 8683 7180 5704 3394 491 1858 8085 246 4169 6612 3059 3156 1350 6479 5893 18 9132 4488 3531 6193 1870 1381 5516 5789 9061 5130 2742 6808 9260 9939 4793 6413 4950 8531 293 802 1836 8873 7677 922 8052 3002 8814 7775 2201 1716 9682 8038 9560 4488 2146 1817 2976 5166 3362 8629 942 1293 8996 9694 4177 7660 4299 5358 79 7897 1726 815 2970 1991 9578 8832 2327 7048 3860 8166 6612 7890 3567 3326 4385 9584 1445 8473 7303 6436 2148 7248 553 6635 5024 6212 1738 958 670 8813 3246 6284 9476 3347 7803 3597 4789 5608 9470 103 3251 786 1789 6992 2373 1517 3289 1827 6396 1563 223 9688 9354 1581 4884 6818 4942 6347 9480 2348 774 8792 9934 5359 3002 7016 7033 31 3765 38 5314 7379 3611 4822 9129 8761 5823 1195 8285 1804 4473 8272 3186 6329 2307 7446 4939 3229 8758 8678 7363 1506 575 5826 2822 6481 7932 2731 5783 4770 5992 4467 6415 9395 4466 3425 1797 7178 4353 9363 8793 3232 765 6506 4840 515 1655 626 7706 7786 4097 9187 495 814 1303 2409 9221 595 1749 9794 6675 9319 8963 5367 4453 6726 7135 6122 2896 3469 8216 8671 7283 3085 6912 4863 3792 8339 7812 8160 4078 2267 5943 4508 6843 8641 8200 9734 7259 6915 7998 837 5370 2213 9916 387 3906 7310 3053 9363 7530 9583 3021 959 1545 9870 2202 6110 4871 8299 4090 9193 1268 371 3530 2729 1172 1187 314 6158 4726 9678 4957 7510 4050 5988 5215 5424 3012 818 2155 9454 5672 2198 194 5200 5623 7830 963 8847 4360 5910 4597 6455 6118 5373 3485 8424 4795 1987 8242 2374 9246 9060 8722 2183 9821 4453 4716 7971 2415 182 7196 5566 2028 9271 9544 9325 1102 7092 3512 5067 1646 1571 8634 5180 5178 356 1906 2396 5750 5875 4382 6204 3432 5432 9774 3398 5473 3076 5690 9200 1932 3035 9386 9396 6236 8049 5275 5390 7078 2050 2497 1912 6352 9878 9537 6684 3537 6140 5624 8098 1920 8929 7091 6264 6900 6393 4780 4157 7020 5034 9328 6782 2339 2728 7865 3844 218 5189 7627 9836 8195 3755 7699 7571 9725 6188 9733 3068 2276 2056 482 9822 571 6213 605 6380 9259 4814 9907 4904 8850 9763 2775 1345 5487 9245 9324 6937 3112 5044 5048 8972 9033 5090 8468 5238 5178 8319 4995 9544 7170 3413 8085 4910 427 6335 8329 4476 7154 5582 4565 4249 1283 8761 5435 9599 7342 3724 3699 5050 5855 6064 7697 956 3010 348 7675 7201 4428 9250 4720 7150 4539 5494 3586 8005 8650 260 4167 4538 1743 8045 3214 1445 5443 8178 6091 1691 8165 2123 3348 8814 4556 8312 5705 1949 7919 6195 1055 320 2059 6602 514 4444 5391 779 9481 3229 7440 2254 1624 6740 2411 6291 5043 2578 200 9552 9011 3305 3831 1515 6452 9768 8621 7172 8920 9228 8740 2414 9172 8231 6212 7816 7013 2876 9592 863 4165 8613 5177 5172 241 7115 3247 3732 4372 5500 9486 7022 9464 5705 3079 2519 6141 8493 8348 6749 2728 8906 1268 1053 4747 5714 2558 3152 6474 9331 154 7046 9305 7344 7768 1671 4247 5149 2164 575 8974 1300 5002 3027 5272 9919 1075 8034 1660 3794 543 9352 9288 646 3123 3311 3686 2395 9647 5676 7676 105 1040 7006 4021 9310 8799 3565 2955 2239 7962 5597 6638 8593 5383 2087 543 1082 7002 6578 4200 5867 1928 1477 7954 8193 950 5326 1073 5732 135 3318 4111 5926 9830 6032 7009 3003 4812 6558 6957 3506 4903 5573 700 2841 4607 3389 3206 7041 6328 8150 6659 3426 632 3586 7520 2494 5597 6070 6526 8810 6300 5732 4186 9029 909 6927 185 1226 8317 8361 7806 5310 5364 3239 2205 9345 8405 7900 4302 4686 5326 4887 1753 3858 2592 7262 2824 1267 3655 9539 3414 1465 9565 5852 428 170 9216 9638 517 5550 7212 1455 1398 5760 2134 3080 9932 6238 8241 6591 8191 8070 7750 3191 7470 3359 8310 3937 6090 6612 1781 831 7144 238 3411 946 2541 7924 3261 7605 2591 6828 8470 2588 8193 4297 9415 7921 8033 1468 4847 1725 4524 7923 6671 2275 8234 7315 2666 737 5874 7048 4814 2601 775 9806 7337 3895 2397 1369 7001 6182 2918 6009 6126 9289 6112 3122 3113 9244 2064 1293 3120 3464 5729 6406 1661 937 4892 8714 2526 1381 9311 761 8247 4506 556 2806 1992 1991 504 2388 1055 5586 592 4198
4198 592 5586 1055 2388 504 1991 1992 2806 556 4506 8247 761 9311 1381 2526 8714 4892 937 1661 6406 5729 3464 3120 1293 2064 9244 3113 3122 6112 9289 6126 6009 2918 6182 7001 1369 2397 3895 7337 9806 775 2601 4814 7048 5874 737 2666 7315 8234 2275 6671 7923 4524 1725 4847 1468 8033 7921 9415 4297 8193 2588 8470 6828 2591 7605 3261 7924 2541 946 3411 238 7144 831 1781 6612 6090 3937 8310 3359 7470 3191 7750 8070 8191 6591 8241 6238 9932 3080 2134 5760 1398 1455 7212 5550 517 9638 9216 170 428 5852 9565 1465 3414 9539 3655 1267 2824 7262 2592 3858 1753 4887 5326 4686 4302 7900 8405 9345 2205 3239 5364 5310 7806 8361 8317 1226 185 6927 909 9029 4186 5732 6300 8810 6526 6070 5597 2494 7520 3586 632 3426 6659 8150 6328 7041 3206 3389 4607 2841 700 5573 4903 3506 6957 6558 4812 3003 7009 6032 9830 5926 4111 3318 135 5732 1073 5326 950 8193 7954 1477 1928 5867 4200 6578 7002 1082 543 2087 5383 8593 6638 5597 7962 2239 2955 3565 8799 9310 4021 7006 1040 105 7676 5676 9647 2395 3686 3311 3123 646 9288 9352 543 3794 1660 8034 1075 9919 5272 3027 5002 1300 8974 575 2164 5149 4247 1671 7768 7344 9305 7046 154 9331 6474 3152 2558 5714 4747 1053 1268 8906 2728 6749 8348 8493 6141 2519 3079 5705 9464 7022 9486 5500 4372 3732 3247 7115 241 5172 5177 8613 4165 863 9592 2876 7013 7816 6212 8231 9172 2414 8740 9228 8920 7172 8621 9768 6452 1515 3831 3305 9011 9552 200 2578 5043 6291 2411 6740 1624 2254 7440 3229 9481 779 5391 4444 514 6602 2059 320 1055 6195 7919 1949 5705 8312 4556 8814 3348 2123 8165 1691 6091 8178 5443 1445 3214 8045 1743 4538 4167 260 8650 8005 3586 5494 4539 7150 4720 9250 4428 7201 7675 348 3010 956 7697 6064 5855 5050 3699 3724 7342 9599 5435 8761 1283 4249 4565 5582 7154 4476 8329 6335 427 4910 8085 3413 7170 9544 4995 8319 5178 5238 8468 5090 9033 8972 5048 5044 3112 6937 9324 9245 5487 1345 2775 9763 8850 4904 9907 4814 9259 6380 605 6213 571 9822 482 2056 2276 3068 9733 6188 9725 7571 7699 3755 8195 9836 7627 5189 218 3844 7865 2728 2339 6782 9328 5034 7020 4157 4780 6393 6900 6264 7091 8929 1920 8098 5624 6140 3537 6684 9537 9878 6352 1912 2497 2050 7078 5390 5275 8049 6236 9396 9386 3035 1932 9200 5690 3076 5473 3398 9774 5432 3432 6204 4382 5875 5750 2396 1906 356 5178 5180 8634 1571 1646 5067 3512 7092 1102 9325 9544 9271 2028 5566 7196 182 2415 7971 4716 4453 9821 2183 8722 9060 9246 2374 8242 1987 4795 8424 3485 5373 6118 6455 4597 5910 4360 8847 963 7830 5623 5200 194 2198 5672 9454 2155 818 3012 5424 5215 5988 4050 7510 4957 9678 4726 6158 314 1187 1172 2729 3530 371 1268 9193 4090 8299 4871 6110 2202 9870 1545 959 3021 9583 7530 9363 3053 7310 3906 387 9916 2213 5370 837 7998 6915 7259 9734 8200 8641 6843 4508 5943 2267 4078 8160 7812 8339 3792 4863 6912 3085 7283 8671 8216 3469 2896 6122 7135 6726 4453 5367 8963 9319 6675 9794 1749 595 9221 2409 1303 814 495 9187 4097 7786 7706 626 1655 515 4840 6506 765 3232 8793 9363 4353 7178 1797 3425 4466 9395 6415 4467 5992 4770 5783 2731 7932 6481 2822 5826 575 1506 7363 8678 8758 3229 4939 7446 2307 6329 3186 8272 4473 1804 8285 1195 5823 8761 9129 4822 3611 7379 5314 38 3765 31 7033 7016 3002 5359 9934 8792 774 2348 9480 6347 4942 6818 4884 1581 9354 9688 223 1563 6396 1827 3289 1517 2373 6992 1789 786 3251 103 9470 5608 4789 3597 7803 3347 9476 6284 3246 8813 670 958 1738 6212 5024 6635 553 7248 2148 6436 7303 8473 1445 9584 4385 3326 3567 7890 6612 8166 3860 7048 2327 8832 9578 1991 2970 815 1726 7897 79 5358 4299 7660 4177 9694 8996 1293 942 8629 3362 5166 2976 1817 2146 4488 9560 8038 9682 1716 2201 7775 8814 3002 8052 922 7677 8873 1836 802 293 8531 4950 6413 4793 9939 9260 6808 2742 5130 9061 5789 5516 1381 1870 6193 3531 4488 9132 18 5893 6479 1350 3156 3059 6612 4169 246 8085 1858 491 3394 5704 7180 8683 6810 622 2711 6438 8638 683 7152 5730 3012 723 7018 6536 6701 8833 4105 2399 5068 1757 4748 170 4994 7874 9890 515 2995 350 8182 8141 3544 3589 9813 9096 5927 8092 7474 2850 3528 7291 7881 2503 288 5489 5722 8667 6982 2100 9965 6706 739 4147 8045 4369 9732 7669 1507 3233 4149 4811 6058 673 8236 6685 7697 6913 8418 9783 4396 9595 4361 8843 5852 1756 3468 832 8238 5212 6288 8216 1179 412 3658 7088 5293 1710 4247 6092 3392 9670 9634 2897 350 3629 8833 6586 4991 4228 7470 6237 6267 6712 9078 7289 6297 2455 6983 6192 9491 2632 2004 5183 8623 2584 8168 7006 9163 9489 5987 2392 6942 7441 9040 6761 3567 8218 5289 1553 9668 546 3114 8174 6597 226 6297 4489 8689 7010 8258 1935 9460 4496 2388 7305 7985 8932 9289 5758 5680 3946 2289 1823 8327 4256 2906 9469 6216 8201 7806 9846 3464 2465 2088 8964 677 2067 5615 3159 5739 9201 9299 968 4660 8582 6252 8016 6881 648 27 9314 5615 1855 14 7604 6307 9763 3068 2656 7359 5134 3172 1359 7955 3509 1261 282 4049 4466 4896 6736 7597 719 8631 2305 2251 2038 4519 4427 4790 4260 596 5139 7125 1252 8348 1547 1380 7295 5605 3075 3240 4565 952 1445 1453 7922 4868 8542 8310 3874 5003 6330 28 4518 4649 2885 2615 8822 6414 4863 6576 8749 7455 3269 1850 6156 6074 3102 417 3469 9528 4424 6072 9954 6483 896 4815 8078 5992 8838 4053 1890 8956 4667 2610 3511 8299 5695 2765 6218 57 6091 8535 8314 5444 7228 7011 3767 3507 60 3188 7157 6369 6187 7116 2326 1983 917 7743 2621 6761 2503 1693 263 9014 3663 1708 9791 7879 6505 7365 1256 7011 4938 7271 2205 340 8069 187 5184 3231 975 2862 5788 2798 8 7608 3101 5835 9773 6359 6580 1063 7725 4059 8524 6328 9692 9575 4201 7122 7380 2554 8356 6956 7778 8656 3548 1017 9631 4838 236 1638 3525 7276 4334 4750 9567 42 6125 6348 1203 9009 4019 2167 8420 4604 8075 7836 5299 2047 827 100 5198 1162 6418 3722 1377 6950 9945 8760 9949 231 3961 7538 3488 1345 2833 5377 8222 7015 4059 7018 6618 585 1401 5691 6681 1955 3496 8930 7592 7958 6235 1331 1885 3507 117 337 5907 1654 9813 1437 4746 4225 5315 5039 2662 6839 1384 1927 6303 5246 151 8939 4428 8126 4460 4486 9949 4904 1382 9769 8980 2839 6241 1664 4589 8646 1773 8531 6459 8103 4528 600 2079 7746 855 2890 6508 8389 9788 5327 9221 2346 3040 8341 140 4527 2647 6091 6489 7586 6671 5130 3236 9248 4552 1354 3346 6385 9122 5354 2981 9466 5625 8255 8065 3455 3030 7576 7806 728 5810 9973 8272 3933 5253 9987 5452 6138 5477 6862 950 2997 3881 1646 7816 5142 6218 706 7440 8769 4263 8124 3283 6507 9507 5789 303 7121 3286 1442 2176 9335 277 7897 233 5725 9291 7905 7690 3171 5461 8761 8162 4102 7723 370 8296 8471 8217 5065 8032 4664 9619 8848 9339 1382 5395 3357 4012 4215 6357 6984 5832 1590 1422 7542 1114 1936 823 2079 4279 6757 618 3327 7047 3337 4819 362 2680 2100 3102 7028 2738 2325 929 187 2117 826 275 6218 7040 7943 6951 2310 972 8984 2700 7801 9208 6061 3810 8763 8905 2983 5793 1243 7624 6403 9654 7747 3777 8043 8113 4072 6737 2016 7632 2390 5084 7220 1550 7821 1863 7710 8664 1497 2033 7766 2630 8919 8316 7001 9724 6492 116 7626 3140 7720 829 3598 5985 7867 2188 8376 5511 7981 5298 3652 1010 4927 5284 9585 8513 5559 5099 2262 6441 4697 196 7299 1293 5747 7516 5037 6727 2095 271 7158 2538 7538 490 5822 7888 4301 7030 3471 6610 8375 2297 1968 508 697 1448 4428 7121 9040 1740 5285 2869 6830 7731 2313 1627 976 9578 7131 6189 3640 7991 2305 7855 4718 8760 1934 6964 5027 3762 2889 5300 225 212 1540 2823 8105 1908 9831 6092 4904 5919 7136 7033 1438 1238 9320 2953 7040 9474 4968 7317 2203 8008 6965 7138 9221 4338 3306 9984 1292 1891 2943 1205 959 4811 4117 3185 1298 4309 9206 515 1945 3311 2778 4769 3954 4980 9048 5190 2247 4273 3774 8131 317 4604 5407 271 1144 3966 3643 1780 9237 7933 6561 2337 602 6332 5108 1808 5328 1443 5155 1344 665 5979 2148 1820 799 6286 8308 6911 8385 4625 5949 4873 6775 8148 8162 4999 8345 9715 453 8301 1236 4400 1037 6432 5401 2933 3829 2465 822 5085 8574 8076 7594 6517 1160 2433 9150 7898 780 7720 631 9610 5799 7898 2394 4034 9810 2247 6630 7290 4198 9977 751 222 4282 2824 4375 8602 3732 1068 8459 6880 4634 2947 926 9150 5961 6685 9654 4137 6528 8280 6768 4066 5620 6070 4425 9633 8490 6610 8231 8914 7433 9754 1148 6999 4971 9064 331 5961 9582 1895 3311 3673 3650 7999 433 5747 8676 8664 6819 4454 7773 2309 1749 7577 2479 7350 1375 5498 3985 7365 1002 1673 2561 9499 6898 5400 7627 7126 7963 7559 9546 8012 3265 6181 882 9073 3938 8487 5777 500 4390 4585 6009 7553 5702 7009 5765 9350 2140 3233 6480 6441 6513 4173 5143 5686 1061 4861 4453 3261 6978 3148 9732 3279 7631 2401 6438 7192 3839 8053 1709 5735 4549 4388 6752 9687 1452 9960 5635 1593 6590 8138 8420 8770 6288 8161 9179 860 9790 5155 1002 2941 3648 4087 5261 1478 4330 9928 2444 6273 6172 748 619 1102 5495 5228 5009 1826 8909 5008 5979 9237 4169 909 6669 9040 5085 1256 2712 9716 135 3321 3398 8032 2430 4033 191 5447 362 1771 199 9962 5870 9637 3915 5331 3407 2545 5202 6594 5685 2048 7154 8467 7533 501 4425 3192 9659 4202 4416 5085 5650 3176 6644 7890 5350 6798 9643 1309 9875 2 2106 2339 395 7983 7407 6820 3516 3368 6806 7016 5786 1697 6011 6800 1464 4433 8984 7830 6920 1547 3442 9406 1781 8416 3083 6442 2502 4042 1570 7772 1505 384 5628 3718 9185 8114 4807 7292 7681 462 3025 5066 9550 1473 1879 5107 6099 70 6044 8284 7580 6782 353 9942 9746 8818 9787 3453 2783 8800 7218 2333 5746 585 8893 9712 2572 5719 4425 9799 8391 7391 9476 1428 2875 6375 8461 927 3587 3939 174 513 7908 8090 9513 2108 9667 9919 1472 3351 5835 5072 4735 8404 189 9703 5935 1384 4428 8272 5172 9710 2954 2661 4646 6278 3082 1396 9915 3769 1098 6431 9242 5276 8882 9376 1300 3224 4721 5430 3526 548 5550 2076 8841 1150 5782 6960 5411 944 5792 6869 9103 332 1320 9545 2704 5479 1207 5941 3121 304 2395 7770 732 3940 3120 3524 3978 9034 309 5861 3596 7784 2423 9019 7033 3464 5740 1514 4432 7539 4310 3389 7668 3213 9700 1095 4138 9572 5816 7846 553 4648 6549 3934 5247 3840 7123 9344 6676 3156 2558 3632 6922 7751 3599 4949 9437 4827 65 1033 9928 5845 7593 9043 6896 1062 4486 920 4137 2697 2333 4266 1915 6831 6439 7312 9981 7752 6421 4268 5599 7297 3672 4426 2513 9532 7330 7490 5008 815 4499 9329 591 3425 4309 164 6307 2384 5965 1092 7794 5539 7617 3804 9301 4268 6796 6885 3740 7113 2571 9897 2441 7059 3910 983 3596 5685 3181 7781 9328 2722 8106 717 290 1035 8866
4198 592 5586 1055 2388 504 1991 1992 2806 556 4506 8247 761 9311 1381 2526 8714 4892 937 1661 6406 5729 3464 3120 1293 2064 9244 3113 3122 6112 9289 6126 6009 2918 6182 7001 1369 2397 3895 7337 9806 775 2601 4814 7048 5874 737 2666 7315 8234 2275 6671 7923 4524 1725 4847 1468 8033 7921 9415 4297 8193 2588 8470 6828 2591 7605 3261 7924 2541 946 3411 238 7144 831 1781 6612 6090 3937 8310 3359 7470 3191 7750 8070 8191 6591 8241 6238 9932 3080 2134 5760 1398 1455 7212 5550 517 9638 9216 170 428 5852 9565 1465 3414 9539 3655 1267 2824 7262 2592 3858 1753 4887 5326 4686 4302 7900 8405 9345 2205 3239 5364 5310 7806 8361 8317 1226 185 6927 909 9029 4186 5732 6300 8810 6526 6070 5597 2494 7520 3586 632 3426 6659 8150 6328 7041 3206 3389 4607 2841 700 5573 4903 3506 6957 6558 4812 3003 7009 6032 9830 5926 4111 3318 135 5732 1073 5326 950 8193 7954 1477 1928 5867 4200 6578 7002 1082 543 2087 5383 8593 6638 5597 7962 2239 2955 3565 8799 9310 4021 7006 1040 105 7676 5676 9647 2395 3686 3311 3123 646 9288 9352 543 3794 1660 8034 1075 9919 5272 3027 5002 1300 8974 575 2164 5149 4247 1671 7768 7344 9305 7046 154 9331 6474 3152 2558 5714 4747 1053 1268 8906 2728 6749 8348 8493 6141 2519 3079 5705 9464 7022 9486 5500 4372 3732 3247 7115 241 5172 5177 8613 4165 863 9592 2876 7013 7816 6212 8231 9172 2414 8740 9228 8920 7172 8621 9768 6452 1515 3831 3305 9011 9552 200 2578 5043 6291 2411 6740 1624 2254 7440 3229 9481 779 5391 4444 514 6602 2059 320 1055 6195 7919 1949 5705 8312 4556 8814 3348 2123 8165 1691 6091 8178 5443 1445 3214 8045 1743 4538 4167 260 8650 8005 3586 5494 4539 7150 4720 9250 4428 7201 7675 348 3010 956 7697 6064 5855 5050 3699 3724 7342 9599 5435 8761 1283 4249 4565 5582 7154 4476 8329 6335 427 4910 8085 3413 7170 9544 4995 8319 5178 5238 8468 5090 9033 8972 5048 5044 3112 6937 9324 9245 5487 1345 2775 9763 8850 4904 9907 4814 9259 6380 605 6213 571 9822 482 2056 2276 3068 9733 6188 9725 7571 7699 3755 8195 9836 7627 5189 218 3844 7865 2728 2339 6782 9328 5034 7020 4157 4780 6393 6900 6264 7091 8929 1920 8098 5624 6140 3537 6684 9537 9878 6352 1912 2497 2050 7078 5390 5275 8049 6236 9396 9386 3035 1932 9200 5690 3076 5473 3398 9774 5432 3432 6204 4382 5875 5750 2396 1906 356 5178 5180 8634 1571 1646 5067 3512 7092 1102 9325 9544 9271 2028 5566 7196 182 2415 7971 4716 4453 9821 2183 8722 9060 9246 2374 8242 1987 4795 8424 3485 5373 6118 6455 4597 5910 4360 8847 963 7830 5623 5200 194 2198 5672 9454 2155 818 3012 5424 5215 5988 4050 7510 4957 9678 4726 6158 314 1187 1172 2729 3530 371 1268 9193 4090 8299 4871 6110 2202 9870 1545 959 3021 9583 7530 9363 3053 7310 3906 387 9916 2213 5370 837 7998 6915 7259 9734 8200 8641 6843 4508 5943 2267 4078 8160 7812 8339 3792 4863 6912 3085 7283 8671 8216 3469 2896 6122 7135 6726 4453 5367 8963 9319 6675 9794 1749 595 9221 2409 1303 814 495 9187 4097 7786 7706 626 1655 515 4840 6506 765 3232 8793 9363 4353 7178 1797 3425 4466 9395 6415 4467 5992 4770 5783 2731 7932 6481 2822 5826 575 1506 7363 8678 8758 3229 4939 7446 2307 6329 3186 8272 4473 1804 8285 1195 5823 8761 9129 4822 3611 7379 5314 38 3765 31 7033 7016 3002 5359 9934 8792 774 2348 9480 6347 4942 6818 4884 1581 9354 9688 223 1563 6396 1827 3289 1517 2373 6992 1789 786 3251 103 9470 5608 4789 3597 7803 3347 9476 6284 3246 8813 670 958 1738 6212 5024 6635 553 7248 2148 6436 7303 8473 1445 9584 4385 3326 3567 7890 6612 8166 3860 7048 2327 8832 9578 1991 2970 815 1726 7897 79 5358 4299 7660 4177 9694 8996 1293 942 8629 3362 5166 2976 1817 2146 4488 9560 8038 9682 1716 2201 7775 8814 3002 8052 922 7677 8873 1836 802 293 8531 4950 6413 4793 9939 9260 6808 2742 5130 9061 5789 5516 1381 1870 6193 3531 4488 9132 18 5893 6479 1350 3156 3059 6612 4169 246 8085 1858 491 3394 5704 7180 8683 6810 622 2711 6438 8638 683 7152 5730 3012 723 7018 6536 6701 8833 4105 2399 5068 1757 4748 170 4994 7874 9890 515 2995 350 8182 8141 3544 3589 9813 9096 5927 8092 7474 2850 3528 7291 7881 2503 288 5489 5722 8667 6982 2100 9965 6706 739 4147 8045 4369 9732 7669 1507 3233 4149 4811 6058 673 8236 6685 7697 6913 8418 9783 4396 9595 4361 8843 5852 1756 3468 832 8238 5212 6288 8216 1179 412 3658 7088 5293 1710 4247 6092 3392 9670 9634 2897 350 3629 8833 6586 4991 4228 7470 6237 6267 6712 9078 7289 6297 2455 6983 6192 9491 2632 2004 5183 8623 2584 8168 7006 9163 9489 5987 2392 6942 7441 9040 6761 3567 8218 5289 1553 9668 546 3114 8174 6597 226 6297 4489 8689 7010 8258 1935 9460 4496 2388 7305 7985 8932 9289 5758 5680 3946 2289 1823 8327 4256 2906 9469 6216 8201 7806 9846 3464 2465 2088 8964 677 2067 5615 3159 5739 9201 9299 968 4660 8582 6252 8016 6881 648 27 9314 5615 1855 14 7604 6307 9763 3068 2656 7359 5134 3172 1359 7955 3509 1261 282 4049 4466 4896 6736 7597 719 8631 2305 2251 2038 4519 4427 4790 4260 596 5139 7125 1252 8348 1547 1380 7295 5605 3075 3240 4565 952 1445 1453 7922 4868 8542 8310 3874 5003 6330 28 4518 4649 2885 2615 8822 6414 4863 6576 8749 7455 3269 1850 6156 6074 3102 417 3469 9528 4424 6072 9954 6483 896 4815 8078 5992 8838 4053 1890 8956 4667 2610 3511 8299 5695 2765 6218 57 6091 8535 8314 5444 7228 7011 3767 3507 60 3188 7157 6369 6187 7116 2326 1983 917 7743 2621 6761 2503 1693 263 9014 3663 1708 9791 7879 6505 7365 1256 7011 4938 7271 2205 340 8069 187 5184 3231 975 2862 5788 2798 8 7608 3101 5835 9773 6359 6580 1063 7725 4059 8524 6328 9692 9575 4201 7122 7380 2554 8356 6956 7778 8656 3548 1017 9631 4838 236 1638 3525 7276 4334 4750 9567 42 6125 6348 1203 9009 4019 2167 8420 4604 8075 7836 5299 2047 827 100 5198 1162 6418 3722 1377 6950 9945 8760 9949 231 3961 7538 3488 1345 2833 5377 8222 7015 4059 7018 6618 585 1401 5691 6681 1955 3496 8930 7592 7958 6235 1331 1885 3507 117 337 5907 1654 9813 1437 4746 4225 5315 5039 2662 6839 1384 1927 6303 5246 151 8939 4428 8126 4460 4486 9949 4904 1382 9769 8980 2839 6241 1664 4589 8646 1773 8531 6459 8103 4528 600 2079 7746 855 2890 6508 8389 9788 5327 9221 2346 3040 8341 140 4527 2647 6091 6489 7586 6671 5130 3236 9248 4552 1354 3346 6385 9122 5354 2981 9466 5625 8255 8065 3455 3030 7576 7806 728 5810 9973 8272 3933 5253 9987 5452 6138 5477 6862 950 2997 3881 1646 7816 5142 6218 706 7440 8769 4263 8124 3283 6507 9507 5789 303 7121 3286 1442 2176 9335 277 7897 233 5725 9291 7905 7690 3171 5461 8761 8162 4102 7723 370 8296 8471 8217 5065 8032 4664 9619 8848 9339 1382 5395 3357 4012 4215 6357 6984 5832 1590 1422 7542 1114 1936 823 2079 4279 6757 618 3327 7047 3337 4819 362 2680 2100 3102 7028 2738 2325 929 187 2117 826 275 6218 7040 7943 6951 2310 972 8984 2700 7801 9208 6061 3810 8763 8905 2983 5793 1243 7624 6403 9654 7747 3777 8043 8113 4072 6737 2016 7632 2390 5084 7220 1550 7821 1863 7710 8664 1497 2033 7766 2630 8919 8316 7001 9724 6492 116 7626 3140 7720 829 3598 5985 7867 2188 8376 5511 7981 5298 3652 1010 4927 5284 9585 8513 5559 5099 2262 6441 4697 196 7299 1293 5747 7516 5037 6727 2095 271 7158 2538 7538 490 5822 7888 4301 7030 3471 6610 8375 2297 1968 508 697 1448 4428 7121 9040 1740 5285 2869 6830 7731 2313 1627 976 9578 7131 6189 3640 7991 2305 7855 4718 8760 1934 6964 5027 3762 2889 5300 225 212 1540 2823 8105 1908 9831 6092 4904 5919 7136 7033 1438 1238 9320 2953 7040 9474 4968 7317 2203 8008 6965 7138 9221 4338 3306 9984 1292 1891 2943 1205 959 4811 4117 3185 1298 4309 9206 515 1945 3311 2778 4769 3954 4980 9048 5190 2247 4273 3774 8131 317 4604 5407 271 1144 3966 3643 1780 9237 7933 6561 2337 602 6332 5108 1808 5328 1443 5155 1344 665 5979 2148 1820 799 6286 8308 6911 8385 4625 5949 4873 6775 8148 8162 4999 8345 9715 453 8301 1236 4400 1037 6432 5401 2933 3829 2465 822 5085 8574 8076 7594 6517 1160 2433 9150 7898 780 7720 631 9610 5799 7898 2394 4034 9810 2247 6630 7290 4198 9977 751 222 4282 2824 4375 8602 3732 1068 8459 6880 4634 2947 926 9150 5961 6685 9654 4137 6528 8280 6768 4066 5620 6070 4425 9633 8490 6610 8231 8914 7433 9754 1148 6999 4971 9064 331 5961 9582 1895 3311 3673 3650 7999 433 5747 8676 8664 6819 4454 7773 2309 1749 7577 2479 7350 1375 5498 3985 7365 1002 1673 2561 9499 6898 5400 7627 7126 7963 7559 9546 8012 3265 6181 882 9073 3938 8487 5777 500 4390 4585 6009 7553 5702 7009 5765 9350 2140 3233 6480 6441 6513 4173 5143 5686 1061 4861 4453 3261 6978 3148 9732 3279 7631 2401 6438 7192 3839 8053 1709 5735 4549 4388 6752 9687 1452 9960 5635 1593 6590 8138 8420 8770 6288 8161 9179 860 9790 5155 1002 2941 3648 4087 5261 1478 4330 9928 2444 6273 6172 748 619 1102 5495 5228 5009 1826 8909 5008 5979 9237 4169 909 6669 9040 5085 1256 2712 9716 135 3321 3398 8032 2430 4033 191 5447 362 1771 199 9962 5870 9637 3915 5331 3407 2545 5202 6594 5685 2048 7154 8467 7533 501 4425 3192 9659 4202 4416 5085 5650 3176 6644 7890 5350 6798 9643 1309 9875 2 2106 2339 395 7983 7407 6820 3516 3368 6806 7016 5786 1697 6011 6800 1464 4433 8984 7830 6920 1547 3442 9406 1781 8416 3083 6442 2502 4042 1570 7772 1505 384 5628 3718 9185 8114 4807 7292 7681 462 3025 5066 9550 1473 1879 5107 6099 70 6044 8284 7580 6782 353 9942 9746 8818 9787 3453 2783 8800 7218 2333 5746 585 8893 9712 2572 5719 4425 9799 8391 7391 9476 1428 2875 6375 8461 927 3587 3939 174 513 7908 8090 9513 2108 9667 9919 1472 3351 5835 5072 4735 8404 189 9703 5935 1384 4428 8272 5172 9710 2954 2661 4646 6278 3082 1396 9915 3769 1098 6431 9242 5276 8882 9376 1300 3224 4721 5430 3526 548 5550 2076 8841 1150 5782 6960 5411 944 5792 6869 9103 332 1320 9545 2704 5479 1207 5941 3121 304 2395 7770 732 3940 3120 3524 3978 9034 309 5861 3596 7784 2423 9019 7033 3464 5740 1514 4432 7539 4310 3389 7668 3213 9700 1095 4138 9572 5816 7846 553 4648 6549 3934 5247 3840 7123 9344 6676 3156 2558 3632 6922 7751 3599 4949 9437 4827 65 1033 9928 5845 7593 9043 6896 1062 4486 920 4137 2697 2333 4266 1915 6831 6439 7312 9981 7752 6421 4268 5599 7297 3672 4426 2513 9532 7330 7490 5008 815 4499 9329 591 3425 4309 164 6307 2384 5965 1092 7794 5539 7617 3804 9301 4268 6796 6885 3740 7113 2571 9897 2441 7059 3910 983 3596 5685 3181 7781 9328 2722 8106 717 290 1035 8866
8866 1035 290 717 8106 2722 9328 7781 3181 5685 3596 983 3910 7059 2441 9897 2571 7113 3740 6885 6796 4268 9301 3804 7617 5539 7794 1092 5965 2384 6307 164 4309 3425 591 9329 4499 815 5008 7490 7330 9532 2513 4426 3672 7297 5599 4268 6421 7752 9981 7312 6439 6831 1915 4266 2333 2697 4137 920 4486 1062 6896 9043 7593 5845 9928 1033 65 4827 9437 4949 3599 7751 6922 3632 2558 3156 6676 9344 7123 3840 5247 3934 6549 4648 553 7846 5816 9572 4138 1095 9700 3213 7668 3389 4310 7539 4432 1514 5740 3464 7033 9019 2423 7784 3596 5861 309 9034 3978 3524 3120 3940 732 7770 2395 304 3121 5941 1207 5479 2704 9545 1320 332 9103 6869 5792 944 5411 6960 5782 1150 8841 2076 5550 548 3526 5430 4721 3224 1300 9376 8882 5276 9242 6431 1098 3769 9915 1396 3082 6278 4646 2661 2954 9710 5172 8272 4428 1384 5935 9703 189 8404 4735 5072 5835 3351 1472 9919 9667 2108 9513 8090 7908 513 174 3939 3587 927 8461 6375 2875 1428 9476 7391 8391 9799 4425 5719 2572 9712 8893 585 5746 2333 7218 8800 2783 3453 9787 8818 9746 9942 353 6782 7580 8284 6044 70 6099 5107 1879 1473 9550 5066 3025 462 7681 7292 4807 8114 9185 3718 5628 384 1505 7772 1570 4042 2502 6442 3083 8416 1781 9406 3442 1547 6920 7830 8984 4433 1464 6800 6011 1697 5786 7016 6806 3368 3516 6820 7407 7983 395 2339 2106 2 9875 1309 9643 6798 5350 7890 6644 3176 5650 5085 4416 4202 9659 3192 4425 501 7533 8467 7154 2048 5685 6594 5202 2545 3407 5331 3915 9637 5870 9962 199 1771 362 5447 191 4033 2430 8032 3398 3321 135 9716 2712 1256 5085 9040 6669 909 4169 9237 5979 5008 8909 1826 5009 5228 5495 1102 619 748 6172 6273 2444 9928 4330 1478 5261 4087 3648 2941 1002 5155 9790 860 9179 8161 6288 8770 8420 8138 6590 1593 5635 9960 1452 9687 6752 4388 4549 5735 1709 8053 3839 7192 6438 2401 7631 3279 9732 3148 6978 3261 4453 4861 1061 5686 5143 4173 6513 6441 6480 3233 2140 9350 5765 7009 5702 7553 6009 4585 4390 500 5777 8487 3938 9073 882 6181 3265 8012 9546 7559 7963 7126 7627 5400 6898 9499 2561 1673 1002 7365 3985 5498 1375 7350 2479 7577 1749 2309 7773 4454 6819 8664 8676 5747 433 7999 3650 3673 3311 1895 9582 5961 331 9064 4971 6999 1148 9754 7433 8914 8231 6610 8490 9633 4425 6070 5620 4066 6768 8280 6528 4137 9654 6685 5961 9150 926 2947 4634 6880 8459 1068 3732 8602 4375 2824 4282 222 751 9977 4198 7290 6630 2247 9810 4034 2394 7898 5799 9610 631 7720 780 7898 9150 2433 1160 6517 7594 8076 8574 5085 822 2465 3829 2933 5401 6432 1037 4400 1236 8301 453 9715 8345 4999 8162 8148 6775 4873 5949 4625 8385 6911 8308 6286 799 1820 2148 5979 665 1344 5155 1443 5328 1808 5108 6332 602 2337 6561 7933 9237 1780 3643 3966 1144 271 5407 4604 317 8131 3774 4273 2247 5190 9048 4980 3954 4769 2778 3311 1945 515 9206 4309 1298 3185 4117 4811 959 1205 2943 1891 1292 9984 3306 4338 9221 7138 6965 8008 2203 7317 4968 9474 7040 2953 9320 1238 1438 7033 7136 5919 4904 6092 9831 1908 8105 2823 1540 212 225 5300 2889 3762 5027 6964 1934 8760 4718 7855 2305 7991 3640 6189 7131 9578 976 1627 2313 7731 6830 2869 5285 1740 9040 7121 4428 1448 697 508 1968 2297 8375 6610 3471 7030 4301 7888 5822 490 7538 2538 7158 271 2095 6727 5037 7516 5747 1293 7299 196 4697 6441 2262 5099 5559 8513 9585 5284 4927 1010 3652 5298 7981 5511 8376 2188 7867 5985 3598 829 7720 3140 7626 116 6492 9724 7001 8316 8919 2630 7766 2033 1497 8664 7710 1863 7821 1550 7220 5084 2390 7632 2016 6737 4072 8113 8043 3777 7747 9654 6403 7624 1243 5793 2983 8905 8763 3810 6061 9208 7801 2700 8984 972 2310 6951 7943 7040 6218 275 826 2117 187 929 2325 2738 7028 3102 2100 2680 362 4819 3337 7047 3327 618 6757 4279 2079 823 1936 1114 7542 1422 1590 5832 6984 6357 4215 4012 3357 5395 1382 9339 8848 9619 4664 8032 5065 8217 8471 8296 370 7723 4102 8162 8761 5461 3171 7690 7905 9291 5725 233 7897 277 9335 2176 1442 3286 7121 303 5789 9507 6507 3283 8124 4263 8769 7440 706 6218 5142 7816 1646 3881 2997 950 6862 5477 6138 5452 9987 5253 3933 8272 9973 5810 728 7806 7576 3030 3455 8065 8255 5625 9466 2981 5354 9122 6385 3346 1354 4552 9248 3236 5130 6671 7586 6489 6091 2647 4527 140 8341 3040 2346 9221 5327 9788 8389 6508 2890 855 7746 2079 600 4528 8103 6459 8531 1773 8646 4589 1664 6241 2839 8980 9769 1382 4904 9949 4486 4460 8126 4428 8939 151 5246 6303 1927 1384 6839 2662 5039 5315 4225 4746 1437 9813 1654 5907 337 117 3507 1885 1331 6235 7958 7592 8930 3496 1955 6681 5691 1401 585 6618 7018 4059 7015 8222 5377 2833 1345 3488 7538 3961 231 9949 8760 9945 6950 1377 3722 6418 1162 5198 100 827 2047 5299 7836 8075 4604 8420 2167 4019 9009 1203 6348 6125 42 9567 4750 4334 7276 3525 1638 236 4838 9631 1017 3548 8656 7778 6956 8356 2554 7380 7122 4201 9575 9692 6328 8524 4059 7725 1063 6580 6359 9773 5835 3101 7608 8 2798 5788 2862 975 3231 5184 187 8069 340 2205 7271 4938 7011 1256 7365 6505 7879 9791 1708 3663 9014 263 1693 2503 6761 2621 7743 917 1983 2326 7116 6187 6369 7157 3188 60 3507 3767 7011 7228 5444 8314 8535 6091 57 6218 2765 5695 8299 3511 2610 4667 8956 1890 4053 8838 5992 8078 4815 896 6483 9954 6072 4424 9528 3469 417 3102 6074 6156 1850 3269 7455 8749 6576 4863 6414 8822 2615 2885 4649 4518 28 6330 5003 3874 8310 8542 4868 7922 1453 1445 952 4565 3240 3075 5605 7295 1380 1547 8348 1252 7125 5139 596 4260 4790 4427 4519 2038 2251 2305 8631 719 7597 6736 4896 4466 4049 282 1261 3509 7955 1359 3172 5134 7359 2656 3068 9763 6307 7604 14 1855 5615 9314 27 648 6881 8016 6252 8582 4660 968 9299 9201 5739 3159 5615 2067 677 8964 2088 2465 3464 9846 7806 8201 6216 9469 2906 4256 8327 1823 2289 3946 5680 5758 9289 8932 7985 7305 2388 4496 9460 1935 8258 7010 8689 4489 6297 226 6597 8174 3114 546 9668 1553 5289 8218 3567 6761 9040 7441 6942 2392 5987 9489 9163 7006 8168 2584 8623 5183 2004 2632 9491 6192 6983 2455 6297 7289 9078 6712 6267 6237 7470 4228 4991 6586 8833 3629 350 2897 9634 9670 3392 6092 4247 1710 5293 7088 3658 412 1179 8216 6288 5212 8238 832 3468 1756 5852 8843 4361 9595 4396 9783 8418 6913 7697 6685 8236 673 6058 4811 4149 3233 1507 7669 9732 4369 8045 4147 739 6706 9965 2100 6982 8667 5722 5489 288 2503 7881 7291 3528 2850 7474 8092 5927 9096 9813 3589 3544 8141 8182 350 2995 515 9890 7874 4994 170 4748 1757 5068 2399 4105 8833 6701 6536 7018 723 3012 5730 7152 683 8638 6438 2711 622 6810 8683 7180 5704 3394 491 1858 8085 246 4169 6612 3059 3156 1350 6479 5893 18 9132 4488 3531 6193 1870 1381 5516 5789 9061 5130 2742 6808 9260 9939 4793 6413 4950 8531 293 802 1836 8873 7677 922 8052 3002 8814 7775 2201 1716 9682 8038 9560 4488 2146 1817 2976 5166 3362 8629 942 1293 8996 9694 4177 7660 4299 5358 79 7897 1726 815 2970 1991 9578 8832 2327 7048 3860 8166 6612 7890 3567 3326 4385 9584 1445 8473 7303 6436 2148 7248 553 6635 5024 6212 1738 958 670 8813 3246 6284 9476 3347 7803 3597 4789 5608 9470 103 3251 786 1789 6992 2373 1517 3289 1827 6396 1563 223 9688 9354 1581 4884 6818 4942 6347 9480 2348 774 8792 9934 5359 3002 7016 7033 31 3765 38 5314 7379 3611 4822 9129 8761 5823 1195 8285 1804 4473 8272 3186 6329 2307 7446 4939 3229 8758 8678 7363 1506 575 5826 2822 6481 7932 2731 5783 4770 5992 4467 6415 9395 4466 3425 1797 7178 4353 9363 8793 3232 765 6506 4840 515 1655 626 7706 7786 4097 9187 495 814 1303 2409 9221 595 1749 9794 6675 9319 8963 5367 4453 6726 7135 6122 2896 3469 8216 8671 7283 3085 6912 4863 3792 8339 7812 8160 4078 2267 5943 4508 6843 8641 8200 9734 7259 6915 7998 837 5370 2213 9916 387 3906 7310 3053 9363 7530 9583 3021 959 1545 9870 2202 6110 4871 8299 4090 9193 1268 371 3530 2729 1172 1187 314 6158 4726 9678 4957 7510 4050 5988 5215 5424 3012 818 2155 9454 5672 2198 194 5200 5623 7830 963 8847 4360 5910 4597 6455 6118 5373 3485 8424 4795 1987 8242 2374 9246 9060 8722 2183 9821 4453 4716 7971 2415 182 7196 5566 2028 9271 9544 9325 1102 7092 3512 5067 1646 1571 8634 5180 5178 356 1906 2396 5750 5875 4382 6204 3432 5432 9774 3398 5473 3076 5690 9200 1932 3035 9386 9396 6236 8049 5275 5390 7078 2050 2497 1912 6352 9878 9537 6684 3537 6140 5624 8098 1920 8929 7091 6264 6900 6393 4780 4157 7020 5034 9328 6782 2339 2728 7865 3844 218 5189 7627 9836 8195 3755 7699 7571 9725 6188 9733 3068 2276 2056 482 9822 571 6213 605 6380 9259 4814 9907 4904 8850 9763 2775 1345 5487 9245 9324 6937 3112 5044 5048 8972 9033 5090 8468 5238 5178 8319 4995 9544 7170 3413 8085 4910 427 6335 8329 4476 7154 5582 4565 4249 1283 8761 5435 9599 7342 3724 3699 5050 5855 6064 7697 956 3010 348 7675 7201 4428 9250 4720 7150 4539 5494 3586 8005 8650 260 4167 4538 1743 8045 3214 1445 5443 8178 6091 1691 8165 2123 3348 8814 4556 8312 5705 1949 7919 6195 1055 320 2059 6602 514 4444 5391 779 9481 3229 7440 2254 1624 6740 2411 6291 5043 2578 200 9552 9011 3305 3831 1515 6452 9768 8621 7172 8920 9228 8740 2414 9172 8231 6212 7816 7013 2876 9592 863 4165 8613 5177 5172 241 7115 3247 3732 4372 5500 9486 7022 9464 5705 3079 2519 6141 8493 8348 6749 2728 8906 1268 1053 4747 5714 2558 3152 6474 9331 154 7046 9305 7344 7768 1671 4247 5149 2164 575 8974 1300 5002 3027 5272 9919 1075 8034 1660 3794 543 9352 9288 646 3123 3311 3686 2395 9647 5676 7676 105 1040 7006 4021 9310 8799 3565 2955 2239 7962 5597 6638 8593 5383 2087 543 1082 7002 6578 4200 5867 1928 1477 7954 8193 950 5326 1073 5732 135 3318 4111 5926 9830 6032 7009 3003 4812 6558 6957 3506 4903 5573 700 2841 4607 3389 3206 7041 6328 8150 6659 3426 632 3586 7520 2494 5597 6070 6526 8810 6300 5732 4186 9029 909 6927 185 1226 8317 8361 7806 5310 5364 3239 2205 9345 8405 7900 4302 4686 5326 4887 1753 3858 2592 7262 2824 1267 3655 9539 3414 1465 9565 5852 428 170 9216 9638 517 5550 7212 1455 1398 5760 2134 3080 9932 6238 8241 6591 8191 8070 7750 3191 7470 3359 8310 3937 6090 6612 1781 831 7144 238 3411 946 2541 7924 3261 7605 2591 6828 8470 2588 8193 4297 9415 7921 8033 1468 4847 1725 4524 7923 6671 2275 8234 7315 2666 737 5874 7048 4814 2601 775 9806 7337 3895 2397 1369 7001 6182 2918 6009 6126 9289 6112 3122 3113 9244 2064 1293 3120 3464 5729 6406 1661 937 4892 8714 2526 1381 9311 761 8247 4506 556 2806 1992 1991 504 2388 1055 5586 592 4198
8866 1035 290 717 8106 2722 9328 7781 3181 5685 3596 983 3910 7059 2441 9897 2571 7113 3740 6885 6796 4268 9301 3804 7617 5539 7794 1092 5965 2384 6307 164 4309 3425 591 9329 4499 815 5008 7490 7330 9532 2513 4426 3672 7297 5599 4268 6421 7752 9981 7312 6439 6831 1915 4266 2333 2697 4137 920 4486 1062 6896 9043 7593 5845 9928 1033 65 4827 9437 4949 3599 7751 6922 3632 2558 3156 6676 9344 7123 3840 5247 3934 6549 4648 553 7846 5816 9572 4138 1095 9700 3213 7668 3389 4310 7539 4432 1514 5740 3464 7033 9019 2423 7784 3596 5861 309 9034 3978 3524 3120 3940 732 7770 2395 304 3121 5941 1207 5479 2704 9545 1320 332 9103 6869 5792 944 5411 6960 5782 1150 8841 2076 5550 548 3526 5430 4721 3224 1300 9376 8882 5276 9242 6431 1098 3769 9915 1396 3082 6278 4646 2661 2954 9710 5172 8272 4428 1384 5935 9703 189 8404 4735 5072 5835 3351 1472 9919 9667 2108 9513 8090 7908 513 174 3939 3587 927 8461 6375 2875 1428 9476 7391 8391 9799 4425 5719 2572 9712 8893 585 5746 2333 7218 8800 2783 3453 9787 8818 9746 9942 353 6782 7580 8284 6044 70 6099 5107 1879 1473 9550 5066 3025 462 7681 7292 4807 8114 9185 3718 5628 384 1505 7772 1570 4042 2502 6442 3083 8416 1781 9406 3442 1547 6920 7830 8984 4433 1464 6800 6011 1697 5786 7016 6806 3368 3516 6820 7407 7983 395 2339 2106 2 9875 1309 9643 6798 5350 7890 6644 3176 5650 5085 4416 4202 9659 3192 4425 501 7533 8467 7154 2048 5685 6594 5202 2545 3407 5331 3915 9637 5870 9962 199 1771 362 5447 191 4033 2430 8032 3398 3321 135 9716 2712 1256 5085 9040 6669 909 4169 9237 5979 5008 8909 1826 5009 5228 5495 1102 619 748 6172 6273 2444 9928 4330 1478 5261 4087 3648 2941 1002 5155 9790 860 9179 8161 6288 8770 8420 8138 6590 1593 5635 9960 1452 9687 6752 4388 4549 5735 1709 8053 3839 7192 6438 2401 7631 3279 9732 3148 6978 3261 4453 4861 1061 5686 5143 4173 6513 6441 6480 3233 2140 9350 5765 7009 5702 7553 6009 4585 4390 500 5777 8487 3938 9073 882 6181 3265 8012 9546 7559 7963 7126 7627 5400 6898 9499 2561 1673 1002 7365 3985 5498 1375 7350 2479 7577 1749 2309 7773 4454 6819 8664 8676 5747 433 7999 3650 3673 3311 1895 9582 5961 331 9064 4971 6999 1148 9754 7433 8914 8231 6610 8490 9633 4425 6070 5620 4066 6768 8280 6528 4137 9654 6685 5961 9150 926 2947 4634 6880 8459 1068 3732 8602 4375 2824 4282 222 751 9977 4198 7290 6630 2247 9810 4034 2394 7898 5799 9610 631 7720 780 7898 9150 2433 1160 6517 7594 8076 8574 5085 822 2465 3829 2933 5401 6432 1037 4400 1236 8301 453 9715 8345 4999 8162 8148 6775 4873 5949 4625 8385 6911 8308 6286 799 1820 2148 5979 665 1344 5155 1443 5328 1808 5108 6332 602 2337 6561 7933 9237 1780 3643 3966 1144 271 5407 4604 317 8131 3774 4273 2247 5190 9048 4980 3954 4769 2778 3311 1945 515 9206 4309 1298 3185 4117 4811 959 1205 2943 1891 1292 9984 3306 4338 9221 7138 6965 8008 2203 7317 4968 9474 7040 2953 9320 1238 1438 7033 7136 5919 4904 6092 9831 1908 8105 2823 1540 212 225 5300 2889 3762 5027 6964 1934 8760 4718 7855 2305 7991 3640 6189 7131 9578 976 1627 2313 7731 6830 2869 5285 1740 9040 7121 4428 1448 697 508 1968 2297 8375 6610 3471 7030 4301 7888 5822 490 7538 2538 7158 271 2095 6727 5037 7516 5747 1293 7299 196 4697 6441 2262 5099 5559 8513 9585 5284 4927 1010 3652 5298 7981 5511 8376 2188 7867 5985 3598 829 7720 3140 7626 116 6492 9724 7001 8316 8919 2630 7766 2033 1497 8664 7710 1863 7821 1550 7220 5084 2390 7632 2016 6737 4072 8113 8043 3777 7747 9654 6403 7624 1243 5793 2983 8905 8763 3810 6061 9208 7801 2700 8984 972 2310 6951 7943 7040 6218 275 826 2117 187 929 2325 2738 7028 3102 2100 2680 362 4819 3337 7047 3327 618 6757 4279 2079 823 1936 1114 7542 1422 1590 5832 6984 6357 4215 4012 3357 5395 1382 9339 8848 9619 4664 8032 5065 8217 8471 8296 370 7723 4102 8162 8761 5461 3171 7690 7905 9291 5725 233 7897 277 9335 2176 1442 3286 7121 303 5789 9507 6507 3283 8124 4263 8769 7440 706 6218 5142 7816 1646 3881 2997 950 6862 5477 6138 5452 9987 5253 3933 8272 9973 5810 728 7806 7576 3030 3455 8065 8255 5625 9466 2981 5354 9122 6385 3346 1354 4552 9248 3236 5130 6671 7586 6489 6091 2647 4527 140 8341 3040 2346 9221 5327 9788 8389 6508 2890 855 7746 2079 600 4528 8103 6459 8531 1773 8646 4589 1664 6241 2839 8980 9769 1382 4904 9949 4486 4460 8126 4428 8939 151 5246 6303 1927 1384 6839 2662 5039 5315 4225 4746 1437 9813 1654 5907 337 117 3507 1885 1331 6235 7958 7592 8930 3496 1955 6681 5691 1401 585 6618 7018 4059 7015 8222 5377 2833 1345 3488 7538 3961 231 9949 8760 9945 6950 1377 3722 6418 1162 5198 100 827 2047 5299 7836 8075 4604 8420 2167 4019 9009 1203 6348 6125 42 9567 4750 4334 7276 3525 1638 236 4838 9631 1017 3548 8656 7778 6956 8356 2554 7380 7122 4201 9575 9692 6328 8524 4059 7725 1063 6580 6359 9773 5835 3101 7608 8 2798 5788 2862 975 3231 5184 187 8069 340 2205 7271 4938 7011 1256 7365 6505 7879 9791 1708 3663 9014 263 1693 2503 6761 2621 7743 917 1983 2326 7116 6187 6369 7157 3188 60 3507 3767 7011 7228 5444 8314 8535 6091 57 6218 2765 5695 8299 3511 2610 4667 8956 1890 4053 8838 5992 8078 4815 896 6483 9954 6072 4424 9528 3469 417 3102 6074 6156 1850 3269 7455 8749 6576 4863 6414 8822 2615 2885 4649 4518 28 6330 5003 3874 8310 8542 4868 7922 1453 1445 952 4565 3240 3075 5605 7295 1380 1547 8348 1252 7125 5139 596 4260 4790 4427 4519 2038 2251 2305 8631 719 7597 6736 4896 4466 4049 282 1261 3509 7955 1359 3172 5134 7359 2656 3068 9763 6307 7604 14 1855 5615 9314 27 648 6881 8016 6252 8582 4660 968 9299 9201 5739 3159 5615 2067 677 8964 2088 2465 3464 9846 7806 8201 6216 9469 2906 4256 8327 1823 2289 3946 5680 5758 9289 8932 7985 7305 2388 4496 9460 1935 8258 7010 8689 4489 6297 226 6597 8174 3114 546 9668 1553 5289 8218 3567 6761 9040 7441 6942 2392 5987 9489 9163 7006 8168 2584 8623 5183 2004 2632 9491 6192 6983 2455 6297 7289 9078 6712 6267 6237 7470 4228 4991 6586 8833 3629 350 2897 9634 9670 3392 6092 4247 1710 5293 7088 3658 412 1179 8216 6288 5212 8238 832 3468 1756 5852 8843 4361 9595 4396 9783 8418 6913 7697 6685 8236 673 6058 4811 4149 3233 1507 7669 9732 4369 8045 4147 739 6706 9965 2100 6982 8667 5722 5489 288 2503 7881 7291 3528 2850 7474 8092 5927 9096 9813 3589 3544 8141 8182 350 2995 515 9890 7874 4994 170 4748 1757 5068 2399 4105 8833 6701 6536 7018 723 3012 5730 7152 683 8638 6438 2711 622 6810 8683 7180 5704 3394 491 1858 8085 246 4169 6612 3059 3156 1350 6479 5893 18 9132 4488 3531 6193 1870 1381 5516 5789 9061 5130 2742 6808 9260 9939 4793 6413 4950 8531 293 802 1836 8873 7677 922 8052 3002 8814 7775 2201 1716 9682 8038 9560 4488 2146 1817 2976 5166 3362 8629 942 1293 8996 9694 4177 7660 4299 5358 79 7897 1726 815 2970 1991 9578 8832 2327 7048 3860 8166 6612 7890 3567 3326 4385 9584 1445 8473 7303 6436 2148 7248 553 6635 5024 6212 1738 958 670 8813 3246 6284 9476 3347 7803 3597 4789 5608 9470 103 3251 786 1789 6992 2373 1517 3289 1827 6396 1563 223 9688 9354 1581 4884 6818 4942 6347 9480 2348 774 8792 9934 5359 3002 7016 7033 31 3765 38 5314 7379 3611 4822 9129 8761 5823 1195 8285 1804 4473 8272 3186 6329 2307 7446 4939 3229 8758 8678 7363 1506 575 5826 2822 6481 7932 2731 5783 4770 5992 4467 6415 9395 4466 3425 1797 7178 4353 9363 8793 3232 765 6506 4840 515 1655 626 7706 7786 4097 9187 495 814 1303 2409 9221 595 1749 9794 6675 9319 8963 5367 4453 6726 7135 6122 2896 3469 8216 8671 7283 3085 6912 4863 3792 8339 7812 8160 4078 2267 5943 4508 6843 8641 8200 9734 7259 6915 7998 837 5370 2213 9916 387 3906 7310 3053 9363 7530 9583 3021 959 1545 9870 2202 6110 4871 8299 4090 9193 1268 371 3530 2729 1172 1187 314 6158 4726 9678 4957 7510 4050 5988 5215 5424 3012 818 2155 9454 5672 2198 194 5200 5623 7830 963 8847 4360 5910 4597 6455 6118 5373 3485 8424 4795 1987 8242 2374 9246 9060 8722 2183 9821 4453 4716 7971 2415 182 7196 5566 2028 9271 9544 9325 1102 7092 3512 5067 1646 1571 8634 5180 5178 356 1906 2396 5750 5875 4382 6204 3432 5432 9774 3398 5473 3076 5690 9200 1932 3035 9386 9396 6236 8049 5275 5390 7078 2050 2497 1912 6352 9878 9537 6684 3537 6140 5624 8098 1920 8929 7091 6264 6900 6393 4780 4157 7020 5034 9328 6782 2339 2728 7865 3844 218 5189 7627 9836 8195 3755 7699 7571 9725 6188 9733 3068 2276 2056 482 9822 571 6213 605 6380 9259 4814 9907 4904 8850 9763 2775 1345 5487 9245 9324 6937 3112 5044 5048 8972 9033 5090 8468 5238 5178 8319 4995 9544 7170 3413 8085 4910 427 6335 8329 4476 7154 5582 4565 4249 1283 8761 5435 9599 7342 3724 3699 5050 5855 6064 7697 956 3010 348 7675 7201 4428 9250 4720 7150 4539 5494 3586 8005 8650 260 4167 4538 1743 8045 3214 1445 5443 8178 6091 1691 8165 2123 3348 8814 4556 8312 5705 1949 7919 6195 1055 320 2059 6602 514 4444 5391 779 9481 3229 7440 2254 1624 6740 2411 6291 5043 2578 200 9552 9011 3305 3831 1515 6452 9768 8621 7172 8920 9228 8740 2414 9172 8231 6212 7816 7013 2876 9592 863 4165 8613 5177 5172 241 7115 3247 3732 4372 5500 9486 7022 9464 5705 3079 2519 6141 8493 8348 6749 2728 8906 1268 1053 4747 5714 2558 3152 6474 9331 154 7046 9305 7344 7768 1671 4247 5149 2164 575 8974 1300 5002 3027 5272 9919 1075 8034 1660 3794 543 9352 9288 646 3123 3311 3686 2395 9647 5676 7676 105 1040 7006 4021 9310 8799 3565 2955 2239 7962 5597 6638 8593 5383 2087 543 1082 7002 6578 4200 5867 1928 1477 7954 8193 950 5326 1073 5732 135 3318 4111 5926 9830 6032 7009 3003 4812 6558 6957 3506 4903 5573 700 2841 4607 3389 3206 7041 6328 8150 6659 3426 632 3586 7520 2494 5597 6070 6526 8810 6300 5732 4186 9029 909 6927 185 1226 8317 8361 7806 5310 5364 3239 2205 9345 8405 7900 4302 4686 5326 4887 1753 3858 2592 7262 2824 1267 3655 9539 3414 1465 9565 5852 428 170 9216 9638 517 5550 7212 1455 1398 5760 2134 3080 9932 6238 8241 6591 8191 8070 7750 3191 7470 3359 8310 3937 6090 6612 1781 831 7144 238 3411 946 2541 7924 3261 7605 2591 6828 8470 2588 8193 4297 9415 7921 8033 1468 4847 1725 4524 7923 6671 2275 8234 7315 2666 737 5874 7048 4814 2601 775 9806 7337 3895 2397 1369 7001 6182 2918 6009 6126 9289 6112 3122 3113 9244 2064 1293 3120 3464 5729 6406 1661 937 4892 8714 2526 1381 9311 761 8247 4506 556 2806 1992 1991 504 2388 1055 5586 592 4198
