1847
1848
4833
NOT_FOUND
812
5355
2812
2109
8175
1846
674
NOT_FOUND
773
1775
NOT_FOUND
1851
1240
NOT_FOUND
1950
180
6988
7765
1574
1848
2252
1848
7653
1851
NOT_FOUND
6184
2710
8940
1855
1855
1855
5729
7278
NOT_FOUND
6425
4903
9724
NOT_FOUND
6788
2524
1853
1853
1854
1855
NOT_FOUND
3831
1843
484
2472
NOT_FOUND
8031
NOT_FOUND
1854
1854
NOT_FOUND
9348
7841
1442
8856
5078
1857
NOT_FOUND
3379
1856
NOT_FOUND
1856
1856
1856
3719
1374
2795
NOT_FOUND
NOT_FOUND
9497
3887
2057
NOT_FOUND
1855
9158
NOT_FOUND
NOT_FOUND
1223
1270
6058
1853
3469
1855
1855
1855
2174
6760
4312
NOT_FOUND
4538
1862
1862
NOT_FOUND
5203
7662
1861
NOT_FOUND
1861
968
NOT_FOUND
1860
602
1861
1254
729
NOT_FOUND
1455
4054
NOT_FOUND
1866
1870
NOT_FOUND
1873
8322
3916
8504
9506
NOT_FOUND
1869
6123
4775
2702
4273
1869
NOT_FOUND
1869
8262
1868
4506
3967
1871
1139
7638
NOT_FOUND
1269
8016
1868
7132
1867
NOT_FOUND
NOT_FOUND
511
7664
7584
NOT_FOUND
NOT_FOUND
2415
1868
3000
6913
7066
1868
3327
6994
1867
9611
5378
6093
NOT_FOUND
6738
1873
7254
1872
1668
1872
1872
1872
1873
6607
5744
4875
1870
126
6835
9497
1871
5637
3615
374
1871
NOT_FOUND
314
6904
3963
NOT_FOUND
4002
1870
6401
1869
NOT_FOUND
8933
1870
1870
4335
1869
9821
2862
1868
1868
1205
NOT_FOUND
7443
1869
2054
7367
1867
139
1866
1866
1869
914
8861
6939
NOT_FOUND
7783
NOT_FOUND
6732
1868
1869
8587
4616
NOT_FOUND
1868
3498
1867
NOT_FOUND
1867
3839
2084
6154
1604
1866
8013
NOT_FOUND
839
1865
1866
1866
8413
6014
7144
1865
NOT_FOUND
7705
788
8078
1865
8736
1864
1865
1287
8369
7373
771
NOT_FOUND
5011
NOT_FOUND
9329
8440
NOT_FOUND
3984
2896
278
NOT_FOUND
NOT_FOUND
5419
5843
5041
3785
478
4473
8032
NOT_FOUND
1066
3497
6199
NOT_FOUND
2883
4157
NOT_FOUND
1861
7404
4778
1859
1860
1860
5948
4655
2812
1861
5230
1860
NOT_FOUND
7930
1859
1859
369
7835
4354
1856
NOT_FOUND
7641
4918
2892
1855
7988
2932
9414
1852
5654
1835
1850
6397
1788
1849
3698
1848
1609
1848
9488
250
3389
9722
6318
3533
5390
1841
1841
NOT_FOUND
NOT_FOUND
2075
1840
1840
NOT_FOUND
NOT_FOUND
9403
3243
1840
5010
6974
1838
2584
NOT_FOUND
1837
7621
2242
1836
8452
NOT_FOUND
1386
1358
1837
NOT_FOUND
1838
NOT_FOUND
1839
7565
1840
NOT_FOUND
1840
2500
3504
NOT_FOUND
6947
7398
2817
1839
6318
9917
1838
2624
1837
4323
NOT_FOUND
NOT_FOUND
1839
NOT_FOUND
NOT_FOUND
297
1844
1782
1844
4368
1844
1844
9473
1843
5185
5787
1842
1843
NOT_FOUND
8300
1700
8873
542
1843
NOT_FOUND
3073
9564
NOT_FOUND
508
1846
6089
7933
3788
6615
5772
3800
NOT_FOUND
NOT_FOUND
1845
1845
1627
6707
220
8810
4829
5282
3437
8048
5527
8505
1793
8841
9971
9259
6011
1840
8415
6391
2794
NOT_FOUND
7699
6314
1879
337
5170
2522
3482
954
NOT_FOUND
NOT_FOUND
1841
3097
4955
7070
9811
9763
NOT_FOUND
NOT_FOUND
9199
1840
6666
1840
2479
NOT_FOUND
NOT_FOUND
5648
NOT_FOUND
NOT_FOUND
1841
NOT_FOUND
129
6770
1171
1843
6400
1843
1844
NOT_FOUND
1484
6083
1591
2370
1845
5251
NOT_FOUND
1844
1401
4635
2556
1842
9666
2463
765
4561
5587
NOT_FOUND
NOT_FOUND
1838
2233
NOT_FOUND
NOT_FOUND
1839
4602
1839
4150
2077
1839
1578
83
NOT_FOUND
3013
1054
NOT_FOUND
1649
4812
1674
1570
1838
337
341
6832
1837
2589
NOT_FOUND
1840
5429
4357
NOT_FOUND
1841
8638
NOT_FOUND
961
908
NOT_FOUND
NOT_FOUND
1840
9592
4547
1840
3685
5790
NOT_FOUND
NOT_FOUND
NOT_FOUND
NOT_FOUND
NOT_FOUND
1842
NOT_FOUND
4711
1841
NOT_FOUND
6681
NOT_FOUND
1847
5585
9665
2155
7938
NOT_FOUND
7362
1847
2480
NOT_FOUND
1589
6917
6233
1844
1844
1844
232
9424
323
825
2381
1841
1841
2294
1153
8282
2541
2807
NOT_FOUND
NOT_FOUND
191
1843
668
3805
1747
1841
1841
3995
4522
NOT_FOUND
NOT_FOUND
NOT_FOUND
1842
5645
1841
9461
3583
NOT_FOUND
1843
NOT_FOUND
NOT_FOUND
NOT_FOUND
4397
868
NOT_FOUND
8813
4428
3086
8495
6285
1843
NOT_FOUND
8348
5739
1845
1846
3637
4887
NOT_FOUND
1633
1267
6321
NOT_FOUND
1847
639
6746
1848
7481
940
151
1848
2964
NOT_FOUND
NOT_FOUND
3356
1849
3433
5405
1424
1847
NOT_FOUND
1249
1849
1850
995
NOT_FOUND
NOT_FOUND
3445
1616
NOT_FOUND
NOT_FOUND
6388
1852
NOT_FOUND
1237
2072
1852
1852
6387
1851
NOT_FOUND
NOT_FOUND
1394
1399
NOT_FOUND
8981
1857
8468
7304
1858
2145
1859
1859
7238
648
1859
NOT_FOUND
1859
1859
NOT_FOUND
447
1122
1864
6042
5192
1863
1388
NOT_FOUND
5355
NOT_FOUND
8473
NOT_FOUND
NOT_FOUND
1150
1584
71
NOT_FOUND
1517
6965
6487
6973
1873
741
1875
1201
NOT_FOUND
1875
1877
2937
1877
1164
7788
7577
1877
1848
4750
3249
NOT_FOUND
5363
NOT_FOUND
NOT_FOUND
6885
1877
8555
1107
418
688
1264
8495
1877
5828
6866
9652
2567
1874
8919
NOT_FOUND
3006
692
1872
NOT_FOUND
5306
8464
1076
6161
4752
1871
NOT_FOUND
1872
NOT_FOUND
1873
6539
4728
1352
NOT_FOUND
886
NOT_FOUND
NOT_FOUND
1876
NOT_FOUND
NOT_FOUND
NOT_FOUND
1878
830
3774
NOT_FOUND
8433
1878
1879
8958
NOT_FOUND
6590
NOT_FOUND
1881
9454
1555
1681
1251
7057
1883
1709
NOT_FOUND
1884
NOT_FOUND
9193
6494
4478
9343
NOT_FOUND
1882
2294
1882
340
7935
9608
1885
NOT_FOUND
1689
NOT_FOUND
NOT_FOUND
3828
7448
344
NOT_FOUND
516
NOT_FOUND
1379
6380
3139
NOT_FOUND
4656
1886
7838
8412
NOT_FOUND
1886
6643
1348
950
3893
2847
1889
5340
1921
NOT_FOUND
6202
1888
2264
3615
9769
1890
3807
2081
1888
1890
1890
1891
NOT_FOUND
951
NOT_FOUND
NOT_FOUND
1891
1893
1894
4784
941
8046
89
NOT_FOUND
1892
387
1893
1893
403
4717
363
1893
NOT_FOUND
1835
2249
1892
3174
4151
6311
NOT_FOUND
1895
6623
6200
1893
292
NOT_FOUND
4824
5854
1643
368
1243
1894
768
1894
1894
1894
2872
7851
NOT_FOUND
2740
1896
9811
8098
NOT_FOUND
231
1895
1895
NOT_FOUND
353
9763
NOT_FOUND
NOT_FOUND
7247
3705
1893
1893
2593
1569
NOT_FOUND
1190
1899
1900
1900
NOT_FOUND
1901
1901
NOT_FOUND
5239
83
NOT_FOUND
1900
390
1900
1900
NOT_FOUND
8009
NOT_FOUND
5562
1532
5284
3369
1897
8533
7817
NOT_FOUND
5251
4093
1107
1897
NOT_FOUND
NOT_FOUND
5450
2459
7283
NOT_FOUND
814
NOT_FOUND
7731
NOT_FOUND
9954
1394
1897
171
5301
8520
5322
136
4466
1891
1891
1891
NOT_FOUND
9809
4745
9493
9651
1889
6884
4018
NOT_FOUND
6560
8941
1887
1887
7859
9903
NOT_FOUND
8942
NOT_FOUND
8428
NOT_FOUND
1886
1886
33
NOT_FOUND
859
1884
9949
824
612
1881
1881
2856
1882
NOT_FOUND
NOT_FOUND
8720
1882
4636
NOT_FOUND
NOT_FOUND
1204
1886
7665
1886
2676
8227
1884
116
NOT_FOUND
6197
2463
5251
8081
468
4787
1885
3912
NOT_FOUND
8419
2119
1547
1886
1887
3837
1889
6967
179
NOT_FOUND
4120
6112
NOT_FOUND
NOT_FOUND
1888
9402
1887
1887
3575
4378
1887
NOT_FOUND
1587
3089
1284
849
9392
NOT_FOUND
9965
6114
NOT_FOUND
641
NOT_FOUND
NOT_FOUND
1892
NOT_FOUND
1882
4150
1891
1891
1891
1725
5572
6765
1889
1889
NOT_FOUND
652
7065
1890
7971
862
7171
NOT_FOUND
NOT_FOUND
NOT_FOUND
7579
5392
NOT_FOUND
NOT_FOUND
1889
1889
NOT_FOUND
1401
NOT_FOUND
NOT_FOUND
1890
5538
1111
NOT_FOUND
NOT_FOUND
NOT_FOUND
1946
5563
1890
7434
2374
3482
5444
6206
4903
7038
NOT_FOUND
1891
1891
5346
NOT_FOUND
1892
1520
6895
1891
1891
9494
2109
9765
953
8330
NOT_FOUND
1227
8408
NOT_FOUND
235
1724
4566
9648
6357
1892
NOT_FOUND
1892
1893
1893
4124
NOT_FOUND
6137
NOT_FOUND
3456
1895
1896
NOT_FOUND
NOT_FOUND
1896
1849
1897
1897
6904
NOT_FOUND
3234
NOT_FOUND
938
9597
5936
NOT_FOUND
1511
NOT_FOUND
NOT_FOUND
1892
2012
1149
NOT_FOUND
NOT_FOUND
NOT_FOUND
1890
1268
4115
1664
NOT_FOUND
9900
1888
8919
6151
2124
NOT_FOUND
6227
1093
205
7681
1888
2689
8740
NOT_FOUND
NOT_FOUND
1889
NOT_FOUND
3692
NOT_FOUND
NOT_FOUND
1889
1889
8069
5527
8910
NOT_FOUND
3003
5993
1889
1308
9377
NOT_FOUND
4286
NOT_FOUND
9681
1887
9808
1887
NOT_FOUND
NOT_FOUND
7290
6087
NOT_FOUND
2667
1885
5868
1885
1059
6439
3516 6754 8232 1156 9010 4022 292 8464 5488 3542 527 4656 1703 1189 3642 9769 8999 979 331 2273 8557 2118 3312 4321 7241 6973 7443 653 317 4818 849 1264 1962 7236 7187 150 2098 7804 9533 7988 262 4002 6268 1499 2386 9896 3856 9220 713 5666 5462 9834 6375 5264 5580 6568 1806 7042 3371 5634 4606 5555 1701 6238 6135 9337 4761 5282 9226 4025 3776 3736 1052 9407 5307 5001 997 3201 1375 7361 1747 8821 672 5553 2621 2009 7355 7537 8824 5803 3310 1875 1225 6502 5293 8108 6435 9353 2282 5263 2465 8297 5199 8958 184 4890 5821 6300 9856 7735 1270 3739 1606 5794 9990 7191 2348 5920 6215 5404 6398 2911 5604 2862 2359 2499 9233 8503 3636 4848 4985 981 167 6527 192 2454 2461 4409 9355 1437 7606 8528 7451 220 7567 9333 3331 2325 4067 6551 6649 4695 4485 7169 2307 5480 1892 135 7143 7162 7819 7400 7731 8990 7043 8666 3998 3821 9513 5522 4468 1834 7777 2204 1366 2489 271 778 5969 10000 694 7314 4716 2751 6698 8394 9730 5878 1090 6945 8844 4190 897 607 8829 6475 7209 3779 4298 9253 2142 4960 6958 4693 5504 4039 8748 7650 7263 3678 7335 5364 6879 3428 2649 186 4442 14 6948 6202 8728 4693 7892 5496 5385 4892 5676 2005 477 3949 7613 3801 7288 2358 8808 8100 8342 600 2434 4967 1944 2736 5853 4109 9618 9710 9343 4285 9826 6471 2599 1201 6197 2823 1443 3387 5762 7453 7237 7838 120 6220 9143 5412 6035 9020 3394 2682 8875 8982 3066 2921 9190 8790 7800 2405 1813 1754 1409 7473 8909 7003 4285 6203 698 6730 3136 9174 7843 8420 531 3161 6584 1107 7820 4249 8074 5020 5159 3286 4216 3488 6829 4496 7133 1384 2939 5021 2222 8286 9140 5576 5378 2757 6175 9679 5947 921 7272 7690 255 2506 5861 1319 1931 8116 3245 6935 7009 1641 3747 7585 1351 8103 5674 2407 4616 3801 3655 3679 7238 683 4237 6844 8267 7514 3888 9751 9473 3230 1203 8008 4969 618 5490 9740 1894 3014 1151 844 8824 8259 669 7750 8608 9694 4410 1520 3381 6275 7491 5217 3200 9737 101 257 6674 7444 3422 3390 5038 8981 1891 2947 1293 1579 3840 3724 8447 5134 7310 8072 149 2072 5189 5242 9840 4162 4319 9351 9302 9697 7652 502 9188 7580 5052 2628 5872 8862 5688 1294 1355 4490 5265 554 9123 4508 3014 6070 4926 1902 9651 9341 6990 9742 7691 9635 2991 5580 6984 4226 149 6126 4817 7525 4666 1949 8666 2250 9091 489 1952 7760 9364 987 5481 6111 9658 4456 5612 4723 384 7627 6110 3154 3572 6747 5251 8879 7413 5430 7545 2234 548 7780 6158 3417 6441 2377 8970 465 5618 7156 4526 4881 1477 5098 9294 3911 8265 1350 8855 2656 475 5497 8329 217 1862 5768 9700 5740 3325 8258 3449 2103 2025 5442 9235 8237 3790 9853 6558 1742 912 502 3450 9017 7403 7958 1649 4773 6484 2376 2392 6475 869 2439 1085 2689 6997 7149 5807 2653 3680 4998 9728 5563 2963 8633 2881 8764 2702 8941 225 5539 270 4287 6841 5466 4638 1393 6758 6816 4625 3038 7226 1535 7780 6092 4689 9783 3756 6158 4971 1899 7462 2937 7020 3482 8505 5244 1285 1407 2120 1976 4609 6236 5027 2544 7513 3152 4139 4036 352 7467 8406 9527 6593 6794 3076 9220 6622 79 9976 4851 1976 3432 7729 1243 3834 3727 3564 3790 9912 1810 1822 4319 1407 9100 9605 2212 8126 5829 8087 581 2217 8707 4364 3159 2376 9181 3072 7747 6997 3288 9163 1373 9251 4323 4794 9564 9284 2032 930 4021 1463 690 1911 3808 6512 6264 5270 63 9254 7499 4205 1919 743 177 4503 3341 4939 1370 3778 1164 3077 5108 6434 860 832 2325 627 3277 5652 6864 8125 9111 4361 1331 6871 8911 2352 5704 595 1791 917 6266 7024 5644 6070 6495 7215 758 1931 2796 7359 7763 5032 8711 7730 5220 1617 2049 5881 3596 1156 263 9674 2248 6052 3849 2548 2574 8951 7392 968 3498 9955 9524 6944 9453 9035 7719 1592 1385 5258 8546 4474 911 2926 9131 5784 4636 6223 2668 2035 4073 2930 4964 5322 6061 1113 4330 66 8129 3662 5635 6223 7638 2274 3387 9323 2422 9388 88 1219 6312 6157 901 2178 5747 3297 8844 2235 825 3839 1382 2454 4452 6954 6121 9942 5045 1881 50 5880 7972 2392 1014 1809 246 4487 5702 9294 831 816 798 9027 4204 1866 4199 4228 9678 8433 7225 7994 8058 4141 2243 7258 4991 3948 272 5388 3186 5217 1995 8126 6808 1100 3348 8289 9353 9946 6752 8528 8199 8325 8993 3471 2914 3736 2003 1567 8974 8189 5875 5532 315 1692 8092 4705 9438 2700 6230 8170 8871 7970 5761 1454 3994 9651 5234 6506 899 8211 3518 2049 5582 2848 1120 5451 4624 6192 7660 688 8583 6169 9105 6438 8217 6529 3443 7190 1943 6504 5653 8351 8993 5440 894 4132 1123 3444 6974 8826 3503 1105 3899 9024 2217 6946 8982 1329 5623 5167 2409 775 8828 3443 613 7666 9551 8995 1406 8196 928 802 5878 6499 3549 4700 6908 9421 8143 7205 6202 3676 8604 9399 5224 2849 7368 2958 1265 5642 7059 6849 9285 5114 1999 9564 3017 3811 6012 9093 7416 468 1536 2028 584 4215 6871 833 6267 2906 7033 9205 4726 4133 9849 6800 8239 3217 382 7754 9310 5483 7897 1639 6995 6879 8664 7031 3929 5746 4972 3319 807 1199 232 3970 1279 1160 6243 5474 976 657 6790 9956 9509 7111 5368 6250 8689 5232 1236 6506 7720 4026 9582 1676 3182 2322 7082 1476 8896 1377 5331 4875 3437 7026 2167 3813 4163 7161 7458 6393 459 9574 4840 8100 3041 847 2031 8070 5061 1401 3945 2993 6294 1864 7285 9465 779 1184 4998 606 9604 1629 463 918 9241 6161 9078 393 8886 7571 5219 2765 4887 8911 3753 2676 952 7163 9862 6681 5625 5208 523 8590 8955 4059 7211 8726 433 3071 9551 2980 8302 9319 8047 9520 9239 9134 9371 1190 4120 5698 6980 5578 120 2916 823 4296 6890 2444 6199 3225 1958 3775 9264 6562 6771 5231 9303 9273 1154 936 5745 9909 9534 5895 7076 1261 6249 8321 1863 9742 6084 1024 2067 5802 5208 6520 4349 367 7975 2691 7429 9951 5024 2777 2012 7992 3294 8982 5573 1594 2258 5230 3487 3282 5546 76 8254 3283 4096 494 3165 6813 7706 7947 4554 1730 1740 8925 5100 9275 7037 247 6756 6864 1983 1092 364 3073 499 5726 6503 5498 8672 4787 1578 5144 2351 1480 5145 836 6270 20 2001 6770 4857 265 6345 771 7393 8641 4785 1489 8583 1349 2558 6800 4024 7605 5825 1063 1028 5404 6275 3666 7169 2241 9723 1383 4723 8804 5520 7558 6409 1269 444 7867 3520 8993 513 7039 2397 4092 2660 809 9234 950 4609 3726 3454 1671 7176 9565 5559 7255 9935 7353 2754 9811 7575 6632 8941 9481 3098 8104 325 1467 7467 2437 2124 4470 9583 910 8596 2392 160 2589 8333 2767 5298 6381 5486 5031 3787 4101 7727 7174 897 5436 3065 2329 751 7898 797 1804 7010 8039 6646 5604 999 6967 8675 2924 4407 2870 1874 8381 6846 6006 9150 8474 2372 3896 5395 837 6339 2885 6608 2321 8969 3356 1063 9830 2779 1142 2012 3372 4276 2926 3583 9643 3082 4742 7267 6824 5997 1440 1443 9809 1965 7424 2911 6906 9212 5481 4955 9736 69 2982 6617 1366 9573 2592 7013 6431 9459 6721 7956 8801 6656 4646 244 9975 5514 8757 8310 2076 6328 4647 3964 4685 308 605 7808 434 567 8622 788 6182 6443 3604 6500 6230 6399 7127 5247 9581 849 8691 7992 9001 3319 9224 5274 5250 8141 5043 8035 9977 3729 9611 8616 5374 5527 5082 9720 8190 9788 831 1500 3764 4559 4790 8293 4415 4135 4846 8847 7024 7019 5662 1176 4643 5270 2929 2845 9769 5942 5956 9099 4177 3760 3390 6472 687 9718 3411 3061 6598 8919 4742 5367 3586 17 7509 6709 5528 645 6721 5339 1408 5427 2346 6533 5561 5869 9962 8410 1985 3949 6484 8592 7745 149 1871 9748 9794 2136 9301 8881 4621 8996 9426 5642 909 2579 6516 3126 2743 506 6781 7705 439 3735 2051 7989 5106 2195 3695 1924 9581 2416 9349 5366 8223 4198 7384 7661 4835 5762 7616 5056 9165 1376 3528 1688 7637 7973 4425 4244 8116 5165 5420 3697 8168 421 6727 7315 3029 8657 5736 969 5461 4844 3943 7270 5943 7711 6878 91 3416 5712 4797 7848 1869 5296 2219 3920 1867 2998 6672 8671 5989 4705 2328 4951 7867 925 2474 3002 1869 2125 5725 9242 7707 2226 8947 3389 7478 8803 7053 3771 4379 6573 8392 9546 8342 4287 148 4871 5120 9728 1006 47 3980 3484 6377 1913 8340 1599 7601 6519 2891 6234 6689 2089 3960 8728 6546 7802 4821 1576 237 445 848 5576 2803 8385 1905 8602 6501 1271 4111 3840 9154 2029 7297 2304 8897 7479 8013 5047 8819 8492 4024 8917 3825 924 2078 8237 4198 2157 3574 9752 6142 2991 4872 9433 986 5932 7856 9243 574 7338 1298 8619 1923 9287 4101 1173 8034 4644 3844 1793 2499 5766 7797 5002 630 8582 5702 4422 9864 8057 6283 6010 4425 8463 2624 3592 1760 1689 5117 2921 9698 6992 5808 1286 337 1608 1111 2975 23 3888 4070 8125 3740 7814 8687 4768 1443 8469 394 7998 9515 7585 1581 3501 9390 168 294 2669 5420 5968 7108 4683 229 9 8765 9513 6955 9900 6844 8979 3671 7543 6279 7017 8953 4389 5172 1403 691 4024 2386 7536 7420 6500 4675 1186 3806 3723 9991 704 1162 3975 1602 2146 9659 9818 1929 5244 5240 655 338 4903 7857 7639 2326 7368 149 8741 7571 6498 9849 8598 6822 2098 4926 633 7068 8642 4943 5499 9014 9786 5994 8754 9329 3436 8890 5902 9242 8319 9057 9059 6921 4454 3791 198 6387 2154 6648 1706 8292 5526 4002 8521 3469 2547 9648 3855 3608 3776 6780 2739 1651 6852 8969 434 5510 8452 2683 3621 20 9166 9390 8031 2206 1304 4810 170 9306 4506 8357 8879 8799 3225 6575 4997 9738 2977 9762 5981 7398 869 1867 1302 2293 9869 892 3281 5070 4008 9987 3041 9033 4783 5406 5588 61 9868 4349 4047 825 3482 5482 3282 1809 9389 9381 9932 3154 4455 9884 8373 942 6912 3292 4758 559 284 206 4743 436 7900 4889 9765 4807 5126 4662 5050 9231 8615 3462 9122 8640 7690 2932 3521 6493 5433 8152 6483 917 6442 4150 237 1664 8990 8198 7756 9684 1060 8381 7788 7024 976 9290 3482 7718 4036 5868 4305 1531 5561 2889 4855 750 3837 2306 5245 983 3608 7677 1887 2672 5000 2164 2549 61 3180 7311 3184 1209 6192 1337 5747 2567 2563 7695 5611 3911 7156 5621 1041 5293 4575 5228 3809 6765 221 5297 5435 801 4408 6609 728 1765 7264 5346 8747 1559 1808 7643 1724 3943 3371 7733 4501 7380 5177 2592
3516 6754 8232 1156 9010 4022 292 8464 5488 3542 527 4656 1703 1189 3642 9769 8999 979 331 2273 8557 2118 3312 4321 7241 6973 7443 653 317 4818 849 1264 1962 7236 7187 150 2098 7804 9533 7988 262 4002 6268 1499 2386 9896 3856 9220 713 5666 5462 9834 6375 5264 5580 6568 1806 7042 3371 5634 4606 5555 1701 6238 6135 9337 4761 5282 9226 4025 3776 3736 1052 9407 5307 5001 997 3201 1375 7361 1747 8821 672 5553 2621 2009 7355 7537 8824 5803 3310 1875 1225 6502 5293 8108 6435 9353 2282 5263 2465 8297 5199 8958 184 4890 5821 6300 9856 7735 1270 3739 1606 5794 9990 7191 2348 5920 6215 5404 6398 2911 5604 2862 2359 2499 9233 8503 3636 4848 4985 981 167 6527 192 2454 2461 4409 9355 1437 7606 8528 7451 220 7567 9333 3331 2325 4067 6551 6649 4695 4485 7169 2307 5480 1892 135 7143 7162 7819 7400 7731 8990 7043 8666 3998 3821 9513 5522 4468 1834 7777 2204 1366 2489 271 778 5969 10000 694 7314 4716 2751 6698 8394 9730 5878 1090 6945 8844 4190 897 607 8829 6475 7209 3779 4298 9253 2142 4960 6958 4693 5504 4039 8748 7650 7263 3678 7335 5364 6879 3428 2649 186 4442 14 6948 6202 8728 4693 7892 5496 5385 4892 5676 2005 477 3949 7613 3801 7288 2358 8808 8100 8342 600 2434 4967 1944 2736 5853 4109 9618 9710 9343 4285 9826 6471 2599 1201 6197 2823 1443 3387 5762 7453 7237 7838 120 6220 9143 5412 6035 9020 3394 2682 8875 8982 3066 2921 9190 8790 7800 2405 1813 1754 1409 7473 8909 7003 4285 6203 698 6730 3136 9174 7843 8420 531 3161 6584 1107 7820 4249 8074 5020 5159 3286 4216 3488 6829 4496 7133 1384 2939 5021 2222 8286 9140 5576 5378 2757 6175 9679 5947 921 7272 7690 255 2506 5861 1319 1931 8116 3245 6935 7009 1641 3747 7585 1351 8103 5674 2407 4616 3801 3655 3679 7238 683 4237 6844 8267 7514 3888 9751 9473 3230 1203 8008 4969 618 5490 9740 1894 3014 1151 844 8824 8259 669 7750 8608 9694 4410 1520 3381 6275 7491 5217 3200 9737 101 257 6674 7444 3422 3390 5038 8981 1891 2947 1293 1579 3840 3724 8447 5134 7310 8072 149 2072 5189 5242 9840 4162 4319 9351 9302 9697 7652 502 9188 7580 5052 2628 5872 8862 5688 1294 1355 4490 5265 554 9123 4508 3014 6070 4926 1902 9651 9341 6990 9742 7691 9635 2991 5580 6984 4226 149 6126 4817 7525 4666 1949 8666 2250 9091 489 1952 7760 9364 987 5481 6111 9658 4456 5612 4723 384 7627 6110 3154 3572 6747 5251 8879 7413 5430 7545 2234 548 7780 6158 3417 6441 2377 8970 465 5618 7156 4526 4881 1477 5098 9294 3911 8265 1350 8855 2656 475 5497 8329 217 1862 5768 9700 5740 3325 8258 3449 2103 2025 5442 9235 8237 3790 9853 6558 1742 912 502 3450 9017 7403 7958 1649 4773 6484 2376 2392 6475 869 2439 1085 2689 6997 7149 5807 2653 3680 4998 9728 5563 2963 8633 2881 8764 2702 8941 225 5539 270 4287 6841 5466 4638 1393 6758 6816 4625 3038 7226 1535 7780 6092 4689 9783 3756 6158 4971 1899 7462 2937 7020 3482 8505 5244 1285 1407 2120 1976 4609 6236 5027 2544 7513 3152 4139 4036 352 7467 8406 9527 6593 6794 3076 9220 6622 79 9976 4851 1976 3432 7729 1243 3834 3727 3564 3790 9912 1810 1822 4319 1407 9100 9605 2212 8126 5829 8087 581 2217 8707 4364 3159 2376 9181 3072 7747 6997 3288 9163 1373 9251 4323 4794 9564 9284 2032 930 4021 1463 690 1911 3808 6512 6264 5270 63 9254 7499 4205 1919 743 177 4503 3341 4939 1370 3778 1164 3077 5108 6434 860 832 2325 627 3277 5652 6864 8125 9111 4361 1331 6871 8911 2352 5704 595 1791 917 6266 7024 5644 6070 6495 7215 758 1931 2796 7359 7763 5032 8711 7730 5220 1617 2049 5881 3596 1156 263 9674 2248 6052 3849 2548 2574 8951 7392 968 3498 9955 9524 6944 9453 9035 7719 1592 1385 5258 8546 4474 911 2926 9131 5784 4636 6223 2668 2035 4073 2930 4964 5322 6061 1113 4330 66 8129 3662 5635 6223 7638 2274 3387 9323 2422 9388 88 1219 6312 6157 901 2178 5747 3297 8844 2235 825 3839 1382 2454 4452 6954 6121 9942 5045 1881 50 5880 7972 2392 1014 1809 246 4487 5702 9294 831 816 798 9027 4204 1866 4199 4228 9678 8433 7225 7994 8058 4141 2243 7258 4991 3948 272 5388 3186 5217 1995 8126 6808 1100 3348 8289 9353 9946 6752 8528 8199 8325 8993 3471 2914 3736 2003 1567 8974 8189 5875 5532 315 1692 8092 4705 9438 2700 6230 8170 8871 7970 5761 1454 3994 9651 5234 6506 899 8211 3518 2049 5582 2848 1120 5451 4624 6192 7660 688 8583 6169 9105 6438 8217 6529 3443 7190 1943 6504 5653 8351 8993 5440 894 4132 1123 3444 6974 8826 3503 1105 3899 9024 2217 6946 8982 1329 5623 5167 2409 775 8828 3443 613 7666 9551 8995 1406 8196 928 802 5878 6499 3549 4700 6908 9421 8143 7205 6202 3676 8604 9399 5224 2849 7368 2958 1265 5642 7059 6849 9285 5114 1999 9564 3017 3811 6012 9093 7416 468 1536 2028 584 4215 6871 833 6267 2906 7033 9205 4726 4133 9849 6800 8239 3217 382 7754 9310 5483 7897 1639 6995 6879 8664 7031 3929 5746 4972 3319 807 1199 232 3970 1279 1160 6243 5474 976 657 6790 9956 9509 7111 5368 6250 8689 5232 1236 6506 7720 4026 9582 1676 3182 2322 7082 1476 8896 1377 5331 4875 3437 7026 2167 3813 4163 7161 7458 6393 459 9574 4840 8100 3041 847 2031 8070 5061 1401 3945 2993 6294 1864 7285 9465 779 1184 4998 606 9604 1629 463 918 9241 6161 9078 393 8886 7571 5219 2765 4887 8911 3753 2676 952 7163 9862 6681 5625 5208 523 8590 8955 4059 7211 8726 433 3071 9551 2980 8302 9319 8047 9520 9239 9134 9371 1190 4120 5698 6980 5578 120 2916 823 4296 6890 2444 6199 3225 1958 3775 9264 6562 6771 5231 9303 9273 1154 936 5745 9909 9534 5895 7076 1261 6249 8321 1863 9742 6084 1024 2067 5802 5208 6520 4349 367 7975 2691 7429 9951 5024 2777 2012 7992 3294 8982 5573 1594 2258 5230 3487 3282 5546 76 8254 3283 4096 494 3165 6813 7706 7947 4554 1730 1740 8925 5100 9275 7037 247 6756 6864 1983 1092 364 3073 499 5726 6503 5498 8672 4787 1578 5144 2351 1480 5145 836 6270 20 2001 6770 4857 265 6345 771 7393 8641 4785 1489 8583 1349 2558 6800 4024 7605 5825 1063 1028 5404 6275 3666 7169 2241 9723 1383 4723 8804 5520 7558 6409 1269 444 7867 3520 8993 513 7039 2397 4092 2660 809 9234 950 4609 3726 3454 1671 7176 9565 5559 7255 9935 7353 2754 9811 7575 6632 8941 9481 3098 8104 325 1467 7467 2437 2124 4470 9583 910 8596 2392 160 2589 8333 2767 5298 6381 5486 5031 3787 4101 7727 7174 897 5436 3065 2329 751 7898 797 1804 7010 8039 6646 5604 999 6967 8675 2924 4407 2870 1874 8381 6846 6006 9150 8474 2372 3896 5395 837 6339 2885 6608 2321 8969 3356 1063 9830 2779 1142 2012 3372 4276 2926 3583 9643 3082 4742 7267 6824 5997 1440 1443 9809 1965 7424 2911 6906 9212 5481 4955 9736 69 2982 6617 1366 9573 2592 7013 6431 9459 6721 7956 8801 6656 4646 244 9975 5514 8757 8310 2076 6328 4647 3964 4685 308 605 7808 434 567 8622 788 6182 6443 3604 6500 6230 6399 7127 5247 9581 849 8691 7992 9001 3319 9224 5274 5250 8141 5043 8035 9977 3729 9611 8616 5374 5527 5082 9720 8190 9788 831 1500 3764 4559 4790 8293 4415 4135 4846 8847 7024 7019 5662 1176 4643 5270 2929 2845 9769 5942 5956 9099 4177 3760 3390 6472 687 9718 3411 3061 6598 8919 4742 5367 3586 17 7509 6709 5528 645 6721 5339 1408 5427 2346 6533 5561 5869 9962 8410 1985 3949 6484 8592 7745 149 1871 9748 9794 2136 9301 8881 4621 8996 9426 5642 909 2579 6516 3126 2743 506 6781 7705 439 3735 2051 7989 5106 2195 3695 1924 9581 2416 9349 5366 8223 4198 7384 7661 4835 5762 7616 5056 9165 1376 3528 1688 7637 7973 4425 4244 8116 5165 5420 3697 8168 421 6727 7315 3029 8657 5736 969 5461 4844 3943 7270 5943 7711 6878 91 3416 5712 4797 7848 1869 5296 2219 3920 1867 2998 6672 8671 5989 4705 2328 4951 7867 925 2474 3002 1869 2125 5725 9242 7707 2226 8947 3389 7478 8803 7053 3771 4379 6573 8392 9546 8342 4287 148 4871 5120 9728 1006 47 3980 3484 6377 1913 8340 1599 7601 6519 2891 6234 6689 2089 3960 8728 6546 7802 4821 1576 237 445 848 5576 2803 8385 1905 8602 6501 1271 4111 3840 9154 2029 7297 2304 8897 7479 8013 5047 8819 8492 4024 8917 3825 924 2078 8237 4198 2157 3574 9752 6142 2991 4872 9433 986 5932 7856 9243 574 7338 1298 8619 1923 9287 4101 1173 8034 4644 3844 1793 2499 5766 7797 5002 630 8582 5702 4422 9864 8057 6283 6010 4425 8463 2624 3592 1760 1689 5117 2921 9698 6992 5808 1286 337 1608 1111 2975 23 3888 4070 8125 3740 7814 8687 4768 1443 8469 394 7998 9515 7585 1581 3501 9390 168 294 2669 5420 5968 7108 4683 229 9 8765 9513 6955 9900 6844 8979 3671 7543 6279 7017 8953 4389 5172 1403 691 4024 2386 7536 7420 6500 4675 1186 3806 3723 9991 704 1162 3975 1602 2146 9659 9818 1929 5244 5240 655 338 4903 7857 7639 2326 7368 149 8741 7571 6498 9849 8598 6822 2098 4926 633 7068 8642 4943 5499 9014 9786 5994 8754 9329 3436 8890 5902 9242 8319 9057 9059 6921 4454 3791 198 6387 2154 6648 1706 8292 5526 4002 8521 3469 2547 9648 3855 3608 3776 6780 2739 1651 6852 8969 434 5510 8452 2683 3621 20 9166 9390 8031 2206 1304 4810 170 9306 4506 8357 8879 8799 3225 6575 4997 9738 2977 9762 5981 7398 869 1867 1302 2293 9869 892 3281 5070 4008 9987 3041 9033 4783 5406 5588 61 9868 4349 4047 825 3482 5482 3282 1809 9389 9381 9932 3154 4455 9884 8373 942 6912 3292 4758 559 284 206 4743 436 7900 4889 9765 4807 5126 4662 5050 9231 8615 3462 9122 8640 7690 2932 3521 6493 5433 8152 6483 917 6442 4150 237 1664 8990 8198 7756 9684 1060 8381 7788 7024 976 9290 3482 7718 4036 5868 4305 1531 5561 2889 4855 750 3837 2306 5245 983 3608 7677 1887 2672 5000 2164 2549 61 3180 7311 3184 1209 6192 1337 5747 2567 2563 7695 5611 3911 7156 5621 1041 5293 4575 5228 3809 6765 221 5297 5435 801 4408 6609 728 1765 7264 5346 8747 1559 1808 7643 1724 3943 3371 7733 4501 7380 5177 2592
2592 5177 7380 4501 7733 3371 3943 1724 7643 1808 1559 8747 5346 7264 1765 728 6609 4408 801 5435 5297 221 6765 3809 5228 4575 5293 1041 5621 7156 3911 5611 7695 2563 2567 5747 1337 6192 1209 3184 7311 3180 61 2549 2164 5000 2672 1887 7677 3608 983 5245 2306 3837 750 4855 2889 5561 1531 4305 5868 4036 7718 3482 9290 976 7024 7788 8381 1060 9684 7756 8198 8990 1664 237 4150 6442 917 6483 8152 5433 6493 3521 2932 7690 8640 9122 3462 8615 9231 5050 4662 5126 4807 9765 4889 7900 436 4743 206 284 559 4758 3292 6912 942 8373 9884 4455 3154 9932 9381 9389 1809 3282 5482 3482 825 4047 4349 9868 61 5588 5406 4783 9033 3041 9987 4008 5070 3281 892 9869 2293 1302 1867 869 7398 5981 9762 2977 9738 4997 6575 3225 8799 8879 8357 4506 9306 170 4810 1304 2206 8031 9390 9166 20 3621 2683 8452 5510 434 8969 6852 1651 2739 6780 3776 3608 3855 9648 2547 3469 8521 4002 5526 8292 1706 6648 2154 6387 198 3791 4454 6921 9059 9057 8319 9242 5902 8890 3436 9329 8754 5994 9786 9014 5499 4943 8642 7068 633 4926 2098 6822 8598 9849 6498 7571 8741 149 7368 2326 7639 7857 4903 338 655 5240 5244 1929 9818 9659 2146 1602 3975 1162 704 9991 3723 3806 1186 4675 6500 7420 7536 2386 4024 691 1403 5172 4389 8953 7017 6279 7543 3671 8979 6844 9900 6955 9513 8765 9 229 4683 7108 5968 5420 2669 294 168 9390 3501 1581 7585 9515 7998 394 8469 1443 4768 8687 7814 3740 8125 4070 3888 23 2975 1111 1608 337 1286 5808 6992 9698 2921 5117 1689 1760 3592 2624 8463 4425 6010 6283 8057 9864 4422 5702 8582 630 5002 7797 5766 2499 1793 3844 4644 8034 1173 4101 9287 1923 8619 1298 7338 574 9243 7856 5932 986 9433 4872 2991 6142 9752 3574 2157 4198 8237 2078 924 3825 8917 4024 8492 8819 5047 8013 7479 8897 2304 7297 2029 9154 3840 4111 1271 6501 8602 1905 8385 2803 5576 848 445 237 1576 4821 7802 6546 8728 3960 2089 6689 6234 2891 6519 7601 1599 8340 1913 6377 3484 3980 47 1006 9728 5120 4871 148 4287 8342 9546 8392 6573 4379 3771 7053 8803 7478 3389 8947 2226 7707 9242 5725 2125 1869 3002 2474 925 7867 4951 2328 4705 5989 8671 6672 2998 1867 3920 2219 5296 1869 7848 4797 5712 3416 91 6878 7711 5943 7270 3943 4844 5461 969 5736 8657 3029 7315 6727 421 8168 3697 5420 5165 8116 4244 4425 7973 7637 1688 3528 1376 9165 5056 7616 5762 4835 7661 7384 4198 8223 5366 9349 2416 9581 1924 3695 2195 5106 7989 2051 3735 439 7705 6781 506 2743 3126 6516 2579 909 5642 9426 8996 4621 8881 9301 2136 9794 9748 1871 149 7745 8592 6484 3949 1985 8410 9962 5869 5561 6533 2346 5427 1408 5339 6721 645 5528 6709 7509 17 3586 5367 4742 8919 6598 3061 3411 9718 687 6472 3390 3760 4177 9099 5956 5942 9769 2845 2929 5270 4643 1176 5662 7019 7024 8847 4846 4135 4415 8293 4790 4559 3764 1500 831 9788 8190 9720 5082 5527 5374 8616 9611 3729 9977 8035 5043 8141 5250 5274 9224 3319 9001 7992 8691 849 9581 5247 7127 6399 6230 6500 3604 6443 6182 788 8622 567 434 7808 605 308 4685 3964 4647 6328 2076 8310 8757 5514 9975 244 4646 6656 8801 7956 6721 9459 6431 7013 2592 9573 1366 6617 2982 69 9736 4955 5481 9212 6906 2911 7424 1965 9809 1443 1440 5997 6824 7267 4742 3082 9643 3583 2926 4276 3372 2012 1142 2779 9830 1063 3356 8969 2321 6608 2885 6339 837 5395 3896 2372 8474 9150 6006 6846 8381 1874 2870 4407 2924 8675 6967 999 5604 6646 8039 7010 1804 797 7898 751 2329 3065 5436 897 7174 7727 4101 3787 5031 5486 6381 5298 2767 8333 2589 160 2392 8596 910 9583 4470 2124 2437 7467 1467 325 8104 3098 9481 8941 6632 7575 9811 2754 7353 9935 7255 5559 9565 7176 1671 3454 3726 4609 950 9234 809 2660 4092 2397 7039 513 8993 3520 7867 444 1269 6409 7558 5520 8804 4723 1383 9723 2241 7169 3666 6275 5404 1028 1063 5825 7605 4024 6800 2558 1349 8583 1489 4785 8641 7393 771 6345 265 4857 6770 2001 20 6270 836 5145 1480 2351 5144 1578 4787 8672 5498 6503 5726 499 3073 364 1092 1983 6864 6756 247 7037 9275 5100 8925 1740 1730 4554 7947 7706 6813 3165 494 4096 3283 8254 76 5546 3282 3487 5230 2258 1594 5573 8982 3294 7992 2012 2777 5024 9951 7429 2691 7975 367 4349 6520 5208 5802 2067 1024 6084 9742 1863 8321 6249 1261 7076 5895 9534 9909 5745 936 1154 9273 9303 5231 6771 6562 9264 3775 1958 3225 6199 2444 6890 4296 823 2916 120 5578 6980 5698 4120 1190 9371 9134 9239 9520 8047 9319 8302 2980 9551 3071 433 8726 7211 4059 8955 8590 523 5208 5625 6681 9862 7163 952 2676 3753 8911 4887 2765 5219 7571 8886 393 9078 6161 9241 918 463 1629 9604 606 4998 1184 779 9465 7285 1864 6294 2993 3945 1401 5061 8070 2031 847 3041 8100 4840 9574 459 6393 7458 7161 4163 3813 2167 7026 3437 4875 5331 1377 8896 1476 7082 2322 3182 1676 9582 4026 7720 6506 1236 5232 8689 6250 5368 7111 9509 9956 6790 657 976 5474 6243 1160 1279 3970 232 1199 807 3319 4972 5746 3929 7031 8664 6879 6995 1639 7897 5483 9310 7754 382 3217 8239 6800 9849 4133 4726 9205 7033 2906 6267 833 6871 4215 584 2028 1536 468 7416 9093 6012 3811 3017 9564 1999 5114 9285 6849 7059 5642 1265 2958 7368 2849 5224 9399 8604 3676 6202 7205 8143 9421 6908 4700 3549 6499 5878 802 928 8196 1406 8995 9551 7666 613 3443 8828 775 2409 5167 5623 1329 8982 6946 2217 9024 3899 1105 3503 8826 6974 3444 1123 4132 894 5440 8993 8351 5653 6504 1943 7190 3443 6529 8217 6438 9105 6169 8583 688 7660 6192 4624 5451 1120 2848 5582 2049 3518 8211 899 6506 5234 9651 3994 1454 5761 7970 8871 8170 6230 2700 9438 4705 8092 1692 315 5532 5875 8189 8974 1567 2003 3736 2914 3471 8993 8325 8199 8528 6752 9946 9353 8289 3348 1100 6808 8126 1995 5217 3186 5388 272 3948 4991 7258 2243 4141 8058 7994 7225 8433 9678 4228 4199 1866 4204 9027 798 816 831 9294 5702 4487 246 1809 1014 2392 7972 5880 50 1881 5045 9942 6121 6954 4452 2454 1382 3839 825 2235 8844 3297 5747 2178 901 6157 6312 1219 88 9388 2422 9323 3387 2274 7638 6223 5635 3662 8129 66 4330 1113 6061 5322 4964 2930 4073 2035 2668 6223 4636 5784 9131 2926 911 4474 8546 5258 1385 1592 7719 9035 9453 6944 9524 9955 3498 968 7392 8951 2574 2548 3849 6052 2248 9674 263 1156 3596 5881 2049 1617 5220 7730 8711 5032 7763 7359 2796 1931 758 7215 6495 6070 5644 7024 6266 917 1791 595 5704 2352 8911 6871 1331 4361 9111 8125 6864 5652 3277 627 2325 832 860 6434 5108 3077 1164 3778 1370 4939 3341 4503 177 743 1919 4205 7499 9254 63 5270 6264 6512 3808 1911 690 1463 4021 930 2032 9284 9564 4794 4323 9251 1373 9163 3288 6997 7747 3072 9181 2376 3159 4364 8707 2217 581 8087 5829 8126 2212 9605 9100 1407 4319 1822 1810 9912 3790 3564 3727 3834 1243 7729 3432 1976 4851 9976 79 6622 9220 3076 6794 6593 9527 8406 7467 352 4036 4139 3152 7513 2544 5027 6236 4609 1976 2120 1407 1285 5244 8505 3482 7020 2937 7462 1899 4971 6158 3756 9783 4689 6092 7780 1535 7226 3038 4625 6816 6758 1393 4638 5466 6841 4287 270 5539 225 8941 2702 8764 2881 8633 2963 5563 9728 4998 3680 2653 5807 7149 6997 2689 1085 2439 869 6475 2392 2376 6484 4773 1649 7958 7403 9017 3450 502 912 1742 6558 9853 3790 8237 9235 5442 2025 2103 3449 8258 3325 5740 9700 5768 1862 217 8329 5497 475 2656 8855 1350 8265 3911 9294 5098 1477 4881 4526 7156 5618 465 8970 2377 6441 3417 6158 7780 548 2234 7545 5430 7413 8879 5251 6747 3572 3154 6110 7627 384 4723 5612 4456 9658 6111 5481 987 9364 7760 1952 489 9091 2250 8666 1949 4666 7525 4817 6126 149 4226 6984 5580 2991 9635 7691 9742 6990 9341 9651 1902 4926 6070 3014 4508 9123 554 5265 4490 1355 1294 5688 8862 5872 2628 5052 7580 9188 502 7652 9697 9302 9351 4319 4162 9840 5242 5189 2072 149 8072 7310 5134 8447 3724 3840 1579 1293 2947 1891 8981 5038 3390 3422 7444 6674 257 101 9737 3200 5217 7491 6275 3381 1520 4410 9694 8608 7750 669 8259 8824 844 1151 3014 1894 9740 5490 618 4969 8008 1203 3230 9473 9751 3888 7514 8267 6844 4237 683 7238 3679 3655 3801 4616 2407 5674 8103 1351 7585 3747 1641 7009 6935 3245 8116 1931 1319 5861 2506 255 7690 7272 921 5947 9679 6175 2757 5378 5576 9140 8286 2222 5021 2939 1384 7133 4496 6829 3488 4216 3286 5159 5020 8074 4249 7820 1107 6584 3161 531 8420 7843 9174 3136 6730 698 6203 4285 7003 8909 7473 1409 1754 1813 2405 7800 8790 9190 2921 3066 8982 8875 2682 3394 9020 6035 5412 9143 6220 120 7838 7237 7453 5762 3387 1443 2823 6197 1201 2599 6471 9826 4285 9343 9710 9618 4109 5853 2736 1944 4967 2434 600 8342 8100 8808 2358 7288 3801 7613 3949 477 2005 5676 4892 5385 5496 7892 4693 8728 6202 6948 14 4442 186 2649 3428 6879 5364 7335 3678 7263 7650 8748 4039 5504 4693 6958 4960 2142 9253 4298 3779 7209 6475 8829 607 897 4190 8844 6945 1090 5878 9730 8394 6698 2751 4716 7314 694 10000 5969 778 271 2489 1366 2204 7777 1834 4468 5522 9513 3821 3998 8666 7043 8990 7731 7400 7819 7162 7143 135 1892 5480 2307 7169 4485 4695 6649 6551 4067 2325 3331 9333 7567 220 7451 8528 7606 1437 9355 4409 2461 2454 192 6527 167 981 4985 4848 3636 8503 9233 2499 2359 2862 5604 2911 6398 5404 6215 5920 2348 7191 9990 5794 1606 3739 1270 7735 9856 6300 5821 4890 184 8958 5199 8297 2465 5263 2282 9353 6435 8108 5293 6502 1225 1875 3310 5803 8824 7537 7355 2009 2621 5553 672 8821 1747 7361 1375 3201 997 5001 5307 9407 1052 3736 3776 4025 9226 5282 4761 9337 6135 6238 1701 5555 4606 5634 3371 7042 1806 6568 5580 5264 6375 9834 5462 5666 713 9220 3856 9896 2386 1499 6268 4002 262 7988 9533 7804 2098 150 7187 7236 1962 1264 849 4818 317 653 7443 6973 7241 4321 3312 2118 8557 2273 331 979 8999 9769 3642 1189 1703 4656 527 3542 5488 8464 292 4022 9010 1156 8232 6754 3516
2592 5177 7380 4501 7733 3371 3943 1724 7643 1808 1559 8747 5346 7264 1765 728 6609 4408 801 5435 5297 221 6765 3809 5228 4575 5293 1041 5621 7156 3911 5611 7695 2563 2567 5747 1337 6192 1209 3184 7311 3180 61 2549 2164 5000 2672 1887 7677 3608 983 5245 2306 3837 750 4855 2889 5561 1531 4305 5868 4036 7718 3482 9290 976 7024 7788 8381 1060 9684 7756 8198 8990 1664 237 4150 6442 917 6483 8152 5433 6493 3521 2932 7690 8640 9122 3462 8615 9231 5050 4662 5126 4807 9765 4889 7900 436 4743 206 284 559 4758 3292 6912 942 8373 9884 4455 3154 9932 9381 9389 1809 3282 5482 3482 825 4047 4349 9868 61 5588 5406 4783 9033 3041 9987 4008 5070 3281 892 9869 2293 1302 1867 869 7398 5981 9762 2977 9738 4997 6575 3225 8799 8879 8357 4506 9306 170 4810 1304 2206 8031 9390 9166 20 3621 2683 8452 5510 434 8969 6852 1651 2739 6780 3776 3608 3855 9648 2547 3469 8521 4002 5526 8292 1706 6648 2154 6387 198 3791 4454 6921 9059 9057 8319 9242 5902 8890 3436 9329 8754 5994 9786 9014 5499 4943 8642 7068 633 4926 2098 6822 8598 9849 6498 7571 8741 149 7368 2326 7639 7857 4903 338 655 5240 5244 1929 9818 9659 2146 1602 3975 1162 704 9991 3723 3806 1186 4675 6500 7420 7536 2386 4024 691 1403 5172 4389 8953 7017 6279 7543 3671 8979 6844 9900 6955 9513 8765 9 229 4683 7108 5968 5420 2669 294 168 9390 3501 1581 7585 9515 7998 394 8469 1443 4768 8687 7814 3740 8125 4070 3888 23 2975 1111 1608 337 1286 5808 6992 9698 2921 5117 1689 1760 3592 2624 8463 4425 6010 6283 8057 9864 4422 5702 8582 630 5002 7797 5766 2499 1793 3844 4644 8034 1173 4101 9287 1923 8619 1298 7338 574 9243 7856 5932 986 9433 4872 2991 6142 9752 3574 2157 4198 8237 2078 924 3825 8917 4024 8492 8819 5047 8013 7479 8897 2304 7297 2029 9154 3840 4111 1271 6501 8602 1905 8385 2803 5576 848 445 237 1576 4821 7802 6546 8728 3960 2089 6689 6234 2891 6519 7601 1599 8340 1913 6377 3484 3980 47 1006 9728 5120 4871 148 4287 8342 9546 8392 6573 4379 3771 7053 8803 7478 3389 8947 2226 7707 9242 5725 2125 1869 3002 2474 925 7867 4951 2328 4705 5989 8671 6672 2998 1867 3920 2219 5296 1869 7848 4797 5712 3416 91 6878 7711 5943 7270 3943 4844 5461 969 5736 8657 3029 7315 6727 421 8168 3697 5420 5165 8116 4244 4425 7973 7637 1688 3528 1376 9165 5056 7616 5762 4835 7661 7384 4198 8223 5366 9349 2416 9581 1924 3695 2195 5106 7989 2051 3735 439 7705 6781 506 2743 3126 6516 2579 909 5642 9426 8996 4621 8881 9301 2136 9794 9748 1871 149 7745 8592 6484 3949 1985 8410 9962 5869 5561 6533 2346 5427 1408 5339 6721 645 5528 6709 7509 17 3586 5367 4742 8919 6598 3061 3411 9718 687 6472 3390 3760 4177 9099 5956 5942 9769 2845 2929 5270 4643 1176 5662 7019 7024 8847 4846 4135 4415 8293 4790 4559 3764 1500 831 9788 8190 9720 5082 5527 5374 8616 9611 3729 9977 8035 5043 8141 5250 5274 9224 3319 9001 7992 8691 849 9581 5247 7127 6399 6230 6500 3604 6443 6182 788 8622 567 434 7808 605 308 4685 3964 4647 6328 2076 8310 8757 5514 9975 244 4646 6656 8801 7956 6721 9459 6431 7013 2592 9573 1366 6617 2982 69 9736 4955 5481 9212 6906 2911 7424 1965 9809 1443 1440 5997 6824 7267 4742 3082 9643 3583 2926 4276 3372 2012 1142 2779 9830 1063 3356 8969 2321 6608 2885 6339 837 5395 3896 2372 8474 9150 6006 6846 8381 1874 2870 4407 2924 8675 6967 999 5604 6646 8039 7010 1804 797 7898 751 2329 3065 5436 897 7174 7727 4101 3787 5031 5486 6381 5298 2767 8333 2589 160 2392 8596 910 9583 4470 2124 2437 7467 1467 325 8104 3098 9481 8941 6632 7575 9811 2754 7353 9935 7255 5559 9565 7176 1671 3454 3726 4609 950 9234 809 2660 4092 2397 7039 513 8993 3520 7867 444 1269 6409 7558 5520 8804 4723 1383 9723 2241 7169 3666 6275 5404 1028 1063 5825 7605 4024 6800 2558 1349 8583 1489 4785 8641 7393 771 6345 265 4857 6770 2001 20 6270 836 5145 1480 2351 5144 1578 4787 8672 5498 6503 5726 499 3073 364 1092 1983 6864 6756 247 7037 9275 5100 8925 1740 1730 4554 7947 7706 6813 3165 494 4096 3283 8254 76 5546 3282 3487 5230 2258 1594 5573 8982 3294 7992 2012 2777 5024 9951 7429 2691 7975 367 4349 6520 5208 5802 2067 1024 6084 9742 1863 8321 6249 1261 7076 5895 9534 9909 5745 936 1154 9273 9303 5231 6771 6562 9264 3775 1958 3225 6199 2444 6890 4296 823 2916 120 5578 6980 5698 4120 1190 9371 9134 9239 9520 8047 9319 8302 2980 9551 3071 433 8726 7211 4059 8955 8590 523 5208 5625 6681 9862 7163 952 2676 3753 8911 4887 2765 5219 7571 8886 393 9078 6161 9241 918 463 1629 9604 606 4998 1184 779 9465 7285 1864 6294 2993 3945 1401 5061 8070 2031 847 3041 8100 4840 9574 459 6393 7458 7161 4163 3813 2167 7026 3437 4875 5331 1377 8896 1476 7082 2322 3182 1676 9582 4026 7720 6506 1236 5232 8689 6250 5368 7111 9509 9956 6790 657 976 5474 6243 1160 1279 3970 232 1199 807 3319 4972 5746 3929 7031 8664 6879 6995 1639 7897 5483 9310 7754 382 3217 8239 6800 9849 4133 4726 9205 7033 2906 6267 833 6871 4215 584 2028 1536 468 7416 9093 6012 3811 3017 9564 1999 5114 9285 6849 7059 5642 1265 2958 7368 2849 5224 9399 8604 3676 6202 7205 8143 9421 6908 4700 3549 6499 5878 802 928 8196 1406 8995 9551 7666 613 3443 8828 775 2409 5167 5623 1329 8982 6946 2217 9024 3899 1105 3503 8826 6974 3444 1123 4132 894 5440 8993 8351 5653 6504 1943 7190 3443 6529 8217 6438 9105 6169 8583 688 7660 6192 4624 5451 1120 2848 5582 2049 3518 8211 899 6506 5234 9651 3994 1454 5761 7970 8871 8170 6230 2700 9438 4705 8092 1692 315 5532 5875 8189 8974 1567 2003 3736 2914 3471 8993 8325 8199 8528 6752 9946 9353 8289 3348 1100 6808 8126 1995 5217 3186 5388 272 3948 4991 7258 2243 4141 8058 7994 7225 8433 9678 4228 4199 1866 4204 9027 798 816 831 9294 5702 4487 246 1809 1014 2392 7972 5880 50 1881 5045 9942 6121 6954 4452 2454 1382 3839 825 2235 8844 3297 5747 2178 901 6157 6312 1219 88 9388 2422 9323 3387 2274 7638 6223 5635 3662 8129 66 4330 1113 6061 5322 4964 2930 4073 2035 2668 6223 4636 5784 9131 2926 911 4474 8546 5258 1385 1592 7719 9035 9453 6944 9524 9955 3498 968 7392 8951 2574 2548 3849 6052 2248 9674 263 1156 3596 5881 2049 1617 5220 7730 8711 5032 7763 7359 2796 1931 758 7215 6495 6070 5644 7024 6266 917 1791 595 5704 2352 8911 6871 1331 4361 9111 8125 6864 5652 3277 627 2325 832 860 6434 5108 3077 1164 3778 1370 4939 3341 4503 177 743 1919 4205 7499 9254 63 5270 6264 6512 3808 1911 690 1463 4021 930 2032 9284 9564 4794 4323 9251 1373 9163 3288 6997 7747 3072 9181 2376 3159 4364 8707 2217 581 8087 5829 8126 2212 9605 9100 1407 4319 1822 1810 9912 3790 3564 3727 3834 1243 7729 3432 1976 4851 9976 79 6622 9220 3076 6794 6593 9527 8406 7467 352 4036 4139 3152 7513 2544 5027 6236 4609 1976 2120 1407 1285 5244 8505 3482 7020 2937 7462 1899 4971 6158 3756 9783 4689 6092 7780 1535 7226 3038 4625 6816 6758 1393 4638 5466 6841 4287 270 5539 225 8941 2702 8764 2881 8633 2963 5563 9728 4998 3680 2653 5807 7149 6997 2689 1085 2439 869 6475 2392 2376 6484 4773 1649 7958 7403 9017 3450 502 912 1742 6558 9853 3790 8237 9235 5442 2025 2103 3449 8258 3325 5740 9700 5768 1862 217 8329 5497 475 2656 8855 1350 8265 3911 9294 5098 1477 4881 4526 7156 5618 465 8970 2377 6441 3417 6158 7780 548 2234 7545 5430 7413 8879 5251 6747 3572 3154 6110 7627 384 4723 5612 4456 9658 6111 5481 987 9364 7760 1952 489 9091 2250 8666 1949 4666 7525 4817 6126 149 4226 6984 5580 2991 9635 7691 9742 6990 9341 9651 1902 4926 6070 3014 4508 9123 554 5265 4490 1355 1294 5688 8862 5872 2628 5052 7580 9188 502 7652 9697 9302 9351 4319 4162 9840 5242 5189 2072 149 8072 7310 5134 8447 3724 3840 1579 1293 2947 1891 8981 5038 3390 3422 7444 6674 257 101 9737 3200 5217 7491 6275 3381 1520 4410 9694 8608 7750 669 8259 8824 844 1151 3014 1894 9740 5490 618 4969 8008 1203 3230 9473 9751 3888 7514 8267 6844 4237 683 7238 3679 3655 3801 4616 2407 5674 8103 1351 7585 3747 1641 7009 6935 3245 8116 1931 1319 5861 2506 255 7690 7272 921 5947 9679 6175 2757 5378 5576 9140 8286 2222 5021 2939 1384 7133 4496 6829 3488 4216 3286 5159 5020 8074 4249 7820 1107 6584 3161 531 8420 7843 9174 3136 6730 698 6203 4285 7003 8909 7473 1409 1754 1813 2405 7800 8790 9190 2921 3066 8982 8875 2682 3394 9020 6035 5412 9143 6220 120 7838 7237 7453 5762 3387 1443 2823 6197 1201 2599 6471 9826 4285 9343 9710 9618 4109 5853 2736 1944 4967 2434 600 8342 8100 8808 2358 7288 3801 7613 3949 477 2005 5676 4892 5385 5496 7892 4693 8728 6202 6948 14 4442 186 2649 3428 6879 5364 7335 3678 7263 7650 8748 4039 5504 4693 6958 4960 2142 9253 4298 3779 7209 6475 8829 607 897 4190 8844 6945 1090 5878 9730 8394 6698 2751 4716 7314 694 10000 5969 778 271 2489 1366 2204 7777 1834 4468 5522 9513 3821 3998 8666 7043 8990 7731 7400 7819 7162 7143 135 1892 5480 2307 7169 4485 4695 6649 6551 4067 2325 3331 9333 7567 220 7451 8528 7606 1437 9355 4409 2461 2454 192 6527 167 981 4985 4848 3636 8503 9233 2499 2359 2862 5604 2911 6398 5404 6215 5920 2348 7191 9990 5794 1606 3739 1270 7735 9856 6300 5821 4890 184 8958 5199 8297 2465 5263 2282 9353 6435 8108 5293 6502 1225 1875 3310 5803 8824 7537 7355 2009 2621 5553 672 8821 1747 7361 1375 3201 997 5001 5307 9407 1052 3736 3776 4025 9226 5282 4761 9337 6135 6238 1701 5555 4606 5634 3371 7042 1806 6568 5580 5264 6375 9834 5462 5666 713 9220 3856 9896 2386 1499 6268 4002 262 7988 9533 7804 2098 150 7187 7236 1962 1264 849 4818 317 653 7443 6973 7241 4321 3312 2118 8557 2273 331 979 8999 9769 3642 1189 1703 4656 527 3542 5488 8464 292 4022 9010 1156 8232 6754 3516
3516 6754 8232 1156 9010 4022 292 8464 5488 3542 527 4656 1703 1189 3642 9769 8999 979 331 2273 8557 2118 3312 4321 7241 6973 7443 653 317 4818 849 1264 1962 7236 7187 150 2098 7804 9533 7988 262 4002 6268 1499 2386 9896 3856 9220 713 5666 5462 9834 6375 5264 5580 6568 1806 7042 3371 5634 4606 5555 1701 6238 6135 9337 4761 5282 9226 4025 3776 3736 1052 9407 5307 5001 997 3201 1375 7361 1747 8821 672 5553 2621 2009 7355 7537 8824 5803 3310 1875 1225 6502 5293 8108 6435 9353 2282 5263 2465 8297 5199 8958 184 4890 5821 6300 9856 7735 1270 3739 1606 5794 9990 7191 2348 5920 6215 5404 6398 2911 5604 2862 2359 2499 9233 8503 3636 4848 4985 981 167 6527 192 2454 2461 4409 9355 1437 7606 8528 7451 220 7567 9333 3331 2325 4067 6551 6649 4695 4485 7169 2307 5480 1892 135 7143 7162 7819 7400 7731 8990 7043 8666 3998 3821 9513 5522 4468 1834 7777 2204 1366 2489 271 778 5969 10000 694 7314 4716 2751 6698 8394 9730 5878 1090 6945 8844 4190 897 607 8829 6475 7209 3779 4298 9253 2142 4960 6958 4693 5504 4039 8748 7650 7263 3678 7335 5364 6879 3428 2649 186 4442 14 6948 6202 8728 4693 7892 5496 5385 4892 5676 2005 477 3949 7613 3801 7288 2358 8808 8100 8342 600 2434 4967 1944 2736 5853 4109 9618 9710 9343 4285 9826 6471 2599 1201 6197 2823 1443 3387 5762 7453 7237 7838 120 6220 9143 5412 6035 9020 3394 2682 8875 8982 3066 2921 9190 8790 7800 2405 1813 1754 1409 7473 8909 7003 4285 6203 698 6730 3136 9174 7843 8420 531 3161 6584 1107 7820 4249 8074 5020 5159 3286 4216 3488 6829 4496 7133 1384 2939 5021 2222 8286 9140 5576 5378 2757 6175 9679 5947 921 7272 7690 255 2506 5861 1319 1931 8116 3245 6935 7009 1641 3747 7585 1351 8103 5674 2407 4616 3801 3655 3679 7238 683 4237 6844 8267 7514 3888 9751 9473 3230 1203 8008 4969 618 5490 9740 1894 3014 1151 844 8824 8259 669 7750 8608 9694 4410 1520 3381 6275 7491 5217 3200 9737 101 257 6674 7444 3422 3390 5038 8981 1891 2947 1293 1579 3840 3724 8447 5134 7310 8072 149 2072 5189 5242 9840 4162 4319 9351 9302 9697 7652 502 9188 7580 5052 2628 5872 8862 5688 1294 1355 4490 5265 554 9123 4508 3014 6070 4926 1902 9651 9341 6990 9742 7691 9635 2991 5580 6984 4226 149 6126 4817 7525 4666 1949 8666 2250 9091 489 1952 7760 9364 987 5481 6111 9658 4456 5612 4723 384 7627 6110 3154 3572 6747 5251 8879 7413 5430 7545 2234 548 7780 6158 3417 6441 2377 8970 465 5618 7156 4526 4881 1477 5098 9294 3911 8265 1350 8855 2656 475 5497 8329 217 1862 5768 9700 5740 3325 8258 3449 2103 2025 5442 9235 8237 3790 9853 6558 1742 912 502 3450 9017 7403 7958 1649 4773 6484 2376 2392 6475 869 2439 1085 2689 6997 7149 5807 2653 3680 4998 9728 5563 2963 8633 2881 8764 2702 8941 225 5539 270 4287 6841 5466 4638 1393 6758 6816 4625 3038 7226 1535 7780 6092 4689 9783 3756 6158 4971 1899 7462 2937 7020 3482 8505 5244 1285 1407 2120 1976 4609 6236 5027 2544 7513 3152 4139 4036 352 7467 8406 9527 6593 6794 3076 9220 6622 79 9976 4851 1976 3432 7729 1243 3834 3727 3564 3790 9912 1810 1822 4319 1407 9100 9605 2212 8126 5829 8087 581 2217 8707 4364 3159 2376 9181 3072 7747 6997 3288 9163 1373 9251 4323 4794 9564 9284 2032 930 4021 1463 690 1911 3808 6512 6264 5270 63 9254 7499 4205 1919 743 177 4503 3341 4939 1370 3778 1164 3077 5108 6434 860 832 2325 627 3277 5652 6864 8125 9111 4361 1331 6871 8911 2352 5704 595 1791 917 6266 7024 5644 6070 6495 7215 758 1931 2796 7359 7763 5032 8711 7730 5220 1617 2049 5881 3596 1156 263 9674 2248 6052 3849 2548 2574 8951 7392 968 3498 9955 9524 6944 9453 9035 7719 1592 1385 5258 8546 4474 911 2926 9131 5784 4636 6223 2668 2035 4073 2930 4964 5322 6061 1113 4330 66 8129 3662 5635 6223 7638 2274 3387 9323 2422 9388 88 1219 6312 6157 901 2178 5747 3297 8844 2235 825 3839 1382 2454 4452 6954 6121 9942 5045 1881 50 5880 7972 2392 1014 1809 246 4487 5702 9294 831 816 798 9027 4204 1866 4199 4228 9678 8433 7225 7994 8058 4141 2243 7258 4991 3948 272 5388 3186 5217 1995 8126 6808 1100 3348 8289 9353 9946 6752 8528 8199 8325 8993 3471 2914 3736 2003 1567 8974 8189 5875 5532 315 1692 8092 4705 9438 2700 6230 8170 8871 7970 5761 1454 3994 9651 5234 6506 899 8211 3518 2049 5582 2848 1120 5451 4624 6192 7660 688 8583 6169 9105 6438 8217 6529 3443 7190 1943 6504 5653 8351 8993 5440 894 4132 1123 3444 6974 8826 3503 1105 3899 9024 2217 6946 8982 1329 5623 5167 2409 775 8828 3443 613 7666 9551 8995 1406 8196 928 802 5878 6499 3549 4700 6908 9421 8143 7205 6202 3676 8604 9399 5224 2849 7368 2958 1265 5642 7059 6849 9285 5114 1999 9564 3017 3811 6012 9093 7416 468 1536 2028 584 4215 6871 833 6267 2906 7033 9205 4726 4133 9849 6800 8239 3217 382 7754 9310 5483 7897 1639 6995 6879 8664 7031 3929 5746 4972 3319 807 1199 232 3970 1279 1160 6243 5474 976 657 6790 9956 9509 7111 5368 6250 8689 5232 1236 6506 7720 4026 9582 1676 3182 2322 7082 1476 8896 1377 5331 4875 3437 7026 2167 3813 4163 7161 7458 6393 459 9574 4840 8100 3041 847 2031 8070 5061 1401 3945 2993 6294 1864 7285 9465 779 1184 4998 606 9604 1629 463 918 9241 6161 9078 393 8886 7571 5219 2765 4887 8911 3753 2676 952 7163 9862 6681 5625 5208 523 8590 8955 4059 7211 8726 433 3071 9551 2980 8302 9319 8047 9520 9239 9134 9371 1190 4120 5698 6980 5578 120 2916 823 4296 6890 2444 6199 3225 1958 3775 9264 6562 6771 5231 9303 9273 1154 936 5745 9909 9534 5895 7076 1261 6249 8321 1863 9742 6084 1024 2067 5802 5208 6520 4349 367 7975 2691 7429 9951 5024 2777 2012 7992 3294 8982 5573 1594 2258 5230 3487 3282 5546 76 8254 3283 4096 494 3165 6813 7706 7947 4554 1730 1740 8925 5100 9275 7037 247 6756 6864 1983 1092 364 3073 499 5726 6503 5498 8672 4787 1578 5144 2351 1480 5145 836 6270 20 2001 6770 4857 265 6345 771 7393 8641 4785 1489 8583 1349 2558 6800 4024 7605 5825 1063 1028 5404 6275 3666 7169 2241 9723 1383 4723 8804 5520 7558 6409 1269 444 7867 3520 8993 513 7039 2397 4092 2660 809 9234 950 4609 3726 3454 1671 7176 9565 5559 7255 9935 7353 2754 9811 7575 6632 8941 9481 3098 8104 325 1467 7467 2437 2124 4470 9583 910 8596 2392 160 2589 8333 2767 5298 6381 5486 5031 3787 4101 7727 7174 897 5436 3065 2329 751 7898 797 1804 7010 8039 6646 5604 999 6967 8675 2924 4407 2870 1874 8381 6846 6006 9150 8474 2372 3896 5395 837 6339 2885 6608 2321 8969 3356 1063 9830 2779 1142 2012 3372 4276 2926 3583 9643 3082 4742 7267 6824 5997 1440 1443 9809 1965 7424 2911 6906 9212 5481 4955 9736 69 2982 6617 1366 9573 2592 7013 6431 9459 6721 7956 8801 6656 4646 244 9975 5514 8757 8310 2076 6328 4647 3964 4685 308 605 7808 434 567 8622 788 6182 6443 3604 6500 6230 6399 7127 5247 9581 849 8691 7992 9001 3319 9224 5274 5250 8141 5043 8035 9977 3729 9611 8616 5374 5527 5082 9720 8190 9788 831 1500 3764 4559 4790 8293 4415 4135 4846 8847 7024 7019 5662 1176 4643 5270 2929 2845 9769 5942 5956 9099 4177 3760 3390 6472 687 9718 3411 3061 6598 8919 4742 5367 3586 17 7509 6709 5528 645 6721 5339 1408 5427 2346 6533 5561 5869 9962 8410 1985 3949 6484 8592 7745 149 1871 9748 9794 2136 9301 8881 4621 8996 9426 5642 909 2579 6516 3126 2743 506 6781 7705 439 3735 2051 7989 5106 2195 3695 1924 9581 2416 9349 5366 8223 4198 7384 7661 4835 5762 7616 5056 9165 1376 3528 1688 7637 7973 4425 4244 8116 5165 5420 3697 8168 421 6727 7315 3029 8657 5736 969 5461 4844 3943 7270 5943 7711 6878 91 3416 5712 4797 7848 1869 5296 2219 3920 1867 2998 6672 8671 5989 4705 2328 4951 7867 925 2474 3002 1869 2125 5725 9242 7707 2226 8947 3389 7478 8803 7053 3771 4379 6573 8392 9546 8342 4287 148 4871 5120 9728 1006 47 3980 3484 6377 1913 8340 1599 7601 6519 2891 6234 6689 2089 3960 8728 6546 7802 4821 1576 237 445 848 5576 2803 8385 1905 8602 6501 1271 4111 3840 9154 2029 7297 2304 8897 7479 8013 5047 8819 8492 4024 8917 3825 924 2078 8237 4198 2157 3574 9752 6142 2991 4872 9433 986 5932 7856 9243 574 7338 1298 8619 1923 9287 4101 1173 8034 4644 3844 1793 2499 5766 7797 5002 630 8582 5702 4422 9864 8057 6283 6010 4425 8463 2624 3592 1760 1689 5117 2921 9698 6992 5808 1286 337 1608 1111 2975 23 3888 4070 8125 3740 7814 8687 4768 1443 8469 394 7998 9515 7585 1581 3501 9390 168 294 2669 5420 5968 7108 4683 229 9 8765 9513 6955 9900 6844 8979 3671 7543 6279 7017 8953 4389 5172 1403 691 4024 2386 7536 7420 6500 4675 1186 3806 3723 9991 704 1162 3975 1602 2146 9659 9818 1929 5244 5240 655 338 4903 7857 7639 2326 7368 149 8741 7571 6498 9849 8598 6822 2098 4926 633 7068 8642 4943 5499 9014 9786 5994 8754 9329 3436 8890 5902 9242 8319 9057 9059 6921 4454 3791 198 6387 2154 6648 1706 8292 5526 4002 8521 3469 2547 9648 3855 3608 3776 6780 2739 1651 6852 8969 434 5510 8452 2683 3621 20 9166 9390 8031 2206 1304 4810 170 9306 4506 8357 8879 8799 3225 6575 4997 9738 2977 9762 5981 7398 869 1867 1302 2293 9869 892 3281 5070 4008 9987 3041 9033 4783 5406 5588 61 9868 4349 4047 825 3482 5482 3282 1809 9389 9381 9932 3154 4455 9884 8373 942 6912 3292 4758 559 284 206 4743 436 7900 4889 9765 4807 5126 4662 5050 9231 8615 3462 9122 8640 7690 2932 3521 6493 5433 8152 6483 917 6442 4150 237 1664 8990 8198 7756 9684 1060 8381 7788 7024 976 9290 3482 7718 4036 5868 4305 1531 5561 2889 4855 750 3837 2306 5245 983 3608 7677 1887 2672 5000 2164 2549 61 3180 7311 3184 1209 6192 1337 5747 2567 2563 7695 5611 3911 7156 5621 1041 5293 4575 5228 3809 6765 221 5297 5435 801 4408 6609 728 1765 7264 5346 8747 1559 1808 7643 1724 3943 3371 7733 4501 7380 5177 2592
