4140
NOT_FOUND
2465
2465
2466
226
2466
2916
5250
NOT_FOUND
2464
7442
2463
1732
2463
NOT_FOUND
NOT_FOUND
NOT_FOUND
72
NOT_FOUND
2467
5838
NOT_FOUND
4650
7393
2474
NOT_FOUND
2798
NOT_FOUND
3212
2465
4607
NOT_FOUND
5876
2396
NOT_FOUND
NOT_FOUND
NOT_FOUND
2468
5866
2469
3204
2468
645
NOT_FOUND
4726
1800
8719
8374
2466
2466
2466
NOT_FOUND
7103
3728
NOT_FOUND
NOT_FOUND
NOT_FOUND
3001
NOT_FOUND
2471
4880
NOT_FOUND
1047
5045
6849
NOT_FOUND
3784
4883
3091
2468
8459
2468
NOT_FOUND
2468
5894
2660
237
4443
2968
NOT_FOUND
NOT_FOUND
5817
8446
2468
4727
9620
4143
2466
NOT_FOUND
2466
8401
2465
5414
NOT_FOUND
7955
NOT_FOUND
1530
2462
527
2462
6383
2461
1409
2697
8378
5831
NOT_FOUND
48
6790
1761
8361
2465
6198
3565
5940
2464
2464
NOT_FOUND
2464
2465
NOT_FOUND
559
6933
2465
NOT_FOUND
5205
NOT_FOUND
2058
7643
NOT_FOUND
2466
5919
588
6164
NOT_FOUND
9078
5531
805
7639
NOT_FOUND
NOT_FOUND
9241
7987
2467
1293
NOT_FOUND
9908
5155
8134
2090
3646
2465
7872
7429
1047
2463
6465
5664
7740
4277
6705
7832
NOT_FOUND
4842
2458
NOT_FOUND
NOT_FOUND
8287
5578
NOT_FOUND
7804
6784
NOT_FOUND
NOT_FOUND
2466
5640
2443
2469
9565
2468
2468
726
6334
2467
5903
NOT_FOUND
2469
5776
5781
1152
9842
1778
397
NOT_FOUND
NOT_FOUND
2467
8627
2708
6754
878
2466
2466
3042
6693
NOT_FOUND
2465
1796
2057
1739
1268
6268
5890
1627
1112
2464
6807
6381
2463
NOT_FOUND
NOT_FOUND
2465
2465
530
3948
2470
2471
5461
2470
8013
2473
9549
7929
5798
8657
5017
2471
2471
1145
7653
8850
2753
657
2694
NOT_FOUND
NOT_FOUND
2471
1641
6797
NOT_FOUND
3309
9046
4131
5118
6110
2470
NOT_FOUND
3474
7991
8701
2468
9825
8007
3237
9605
2467
1690
9725
8247
169
3254
1226
2468
818
1859
NOT_FOUND
NOT_FOUND
4834
2467
2467
NOT_FOUND
NOT_FOUND
5771
2971
NOT_FOUND
NOT_FOUND
5991
2469
NOT_FOUND
NOT_FOUND
7417
9944
2321
4385
32
2465
180
NOT_FOUND
2469
2052
143
4048
7400
2467
2469
733
2471
NOT_FOUND
2507
1141
8782
2468
NOT_FOUND
6969
3071
2468
922
2470
8716
NOT_FOUND
NOT_FOUND
NOT_FOUND
5891
5168
6524
4884
9195
2466
2466
2467
NOT_FOUND
8372
9349
974
4218
2470
NOT_FOUND
5614
5561
NOT_FOUND
2470
6103
4185
6864
1087
1372
528
1678
2466
9642
NOT_FOUND
1239
2465
1284
2464
7522
NOT_FOUND
2315
1361
2369
NOT_FOUND
2467
2702
2543
1059
8087
NOT_FOUND
9976
308
120
187
5869
2462
2209
3501
2998
2459
1620
NOT_FOUND
6247
5897
NOT_FOUND
2459
2730
2119
505
6283
2456
7771
6198
2377
NOT_FOUND
2454
NOT_FOUND
NOT_FOUND
2455
2276
NOT_FOUND
NOT_FOUND
2458
2458
8425
6985
45
6185
8134
2454
NOT_FOUND
NOT_FOUND
2454
3537
2454
6721
NOT_FOUND
NOT_FOUND
NOT_FOUND
1756
9386
6807
NOT_FOUND
NOT_FOUND
NOT_FOUND
NOT_FOUND
7422
2462
9145
2462
2462
8402
273
9788
1730
2463
2464
NOT_FOUND
2464
40
9653
9846
NOT_FOUND
NOT_FOUND
2462
4179
3172
NOT_FOUND
6445
2460
4060
NOT_FOUND
9859
2087
NOT_FOUND
1847
8227
3576
NOT_FOUND
8201
2454
NOT_FOUND
4025
5860
2453
2455
3662
2454
2454
6045
1803
3210
5814
2451
727
1112
NOT_FOUND
NOT_FOUND
2453
6550
NOT_FOUND
6870
3891
2450
NOT_FOUND
NOT_FOUND
7408
9357
3137
2060
2451
2272
4605
2451
NOT_FOUND
2452
2452
2452
4888
32
6664
2451
7511
7109
2682
8411
805
2448
NOT_FOUND
NOT_FOUND
NOT_FOUND
NOT_FOUND
7466
2121
9987
2449
5125
6040
7414
8187
2450
8344
NOT_FOUND
1159
NOT_FOUND
1092
4567
2453
7663
2454
4250
2453
NOT_FOUND
6518
4699
5633
7389
3676
5984
2448
NOT_FOUND
2448
2448
1726
1751
2448
2448
2450
NOT_FOUND
2452
7975
2453
4006
1090
4006
9257
NOT_FOUND
2454
NOT_FOUND
497
2460
4815
3691
NOT_FOUND
2459
6333
3673
NOT_FOUND
1173
1157
2464
2466
6347
7349
2467
5214
9885
1258
2464
8883
2464
8690
322
NOT_FOUND
8436
9589
2462
5044
NOT_FOUND
3177
9258
1087
2460
5563
NOT_FOUND
832
3457
4381
5582
9989
7553
NOT_FOUND
2873
5546
2457
5130
NOT_FOUND
6992
9513
2456
2457
8685
2459
2459
471
5936
5418
2748
1136
4535
NOT_FOUND
1657
3322
NOT_FOUND
2453
NOT_FOUND
NOT_FOUND
9107
8748
6949
1695
NOT_FOUND
1995
NOT_FOUND
2452
1917
2451
2454
NOT_FOUND
2587
8936
6228
1555
6510
6831
3601
4002
NOT_FOUND
6229
1162
4770
8916
3785
2450
7461
973
2086
9457
9596
2449
9747
4415
2448
2448
NOT_FOUND
9675
2449
NOT_FOUND
2450
5283
9931
NOT_FOUND
NOT_FOUND
1824
1562
NOT_FOUND
NOT_FOUND
3009
4344
3979
2446
2446
NOT_FOUND
2447
NOT_FOUND
1862
7943
NOT_FOUND
2446
2447
4679
NOT_FOUND
4491
2450
9601
7896
588
4125
NOT_FOUND
2275
2450
1813
2449
1054
NOT_FOUND
NOT_FOUND
104
NOT_FOUND
2454
8115
2453
7204
1230
NOT_FOUND
2451
8110
2450
2450
NOT_FOUND
2450
2450
8379
5995
4734
8387
NOT_FOUND
6325
8797
5449
3346
NOT_FOUND
1199
NOT_FOUND
1230
6360
NOT_FOUND
2454
6955
8015
NOT_FOUND
5109
NOT_FOUND
6606
NOT_FOUND
6385
9855
2457
2457
5266
2458
1570
424
NOT_FOUND
2464
2464
2464
4440
2466
1514
1935
7244
2104
5300
2464
2464
NOT_FOUND
2466
1139
NOT_FOUND
2467
6787
9493
3896
2465
8344
2464
2100
9127
NOT_FOUND
7158
5506
5790
5664
2464
7900
3414
5463
5846
4156
976
1753
NOT_FOUND
2465
1980
2220
NOT_FOUND
5748
4153
9693
7589
2463
2464
799
2465
2465
5064
1008
6802
3830
1311
2462
1958
2973
2461
2463
NOT_FOUND
4553
2791
2461
3699
2464
NOT_FOUND
844
NOT_FOUND
2463
NOT_FOUND
239
NOT_FOUND
NOT_FOUND
7533
2465
2466
NOT_FOUND
4679
7924
2465
5748
NOT_FOUND
2465
2466
5111
9766
6621
9120
2577
NOT_FOUND
6852
1400
2587
8556
2459
2459
7637
8242
2457
NOT_FOUND
3400
8426
1736
1587
1282
7110
863
5877
2393
3717
7784
NOT_FOUND
7260
NOT_FOUND
3502
NOT_FOUND
3467
3084
846
2450
2450
8690
1261
8298
NOT_FOUND
9414
2452
2452
2452
2453
5578
2454
58
788
2453
1562
2456
4584
539
7095
2043
8949
2454
7106
8963
NOT_FOUND
4223
832
2451
NOT_FOUND
322
4981
8435
2456
NOT_FOUND
2458
3597
NOT_FOUND
5600
NOT_FOUND
2547
7716
3299
813
2456
NOT_FOUND
2458
7421
NOT_FOUND
1406
2911
4073
6258
2453
5549
6048
2452
2453
873
6156
1586
5081
2451
9694
NOT_FOUND
7594
NOT_FOUND
NOT_FOUND
601
2449
2449
1938
1361
2449
NOT_FOUND
NOT_FOUND
3918
2451
2854
NOT_FOUND
1384
9848
2452
7898
8243
9394
719
7421
2449
2449
697
4827
715
9368
331
2445
3126
3666
2445
9961
NOT_FOUND
NOT_FOUND
2445
1757
3169
1780
2444
2444
2446
2446
4603
NOT_FOUND
7791
2448
NOT_FOUND
2449
NOT_FOUND
2449
5215
2448
2448
3803
NOT_FOUND
2451
41
8342
1241
NOT_FOUND
1757
294
2551
3303
2630
NOT_FOUND
2450
2452
2566
1582
NOT_FOUND
28
8835
4415
5240
NOT_FOUND
2451
3068
NOT_FOUND
NOT_FOUND
1005
9924
6255
7052
NOT_FOUND
9379
9814
5205
4982
2447
NOT_FOUND
6807
3038
5465
2445
8794
5088
1191
368
2446
NOT_FOUND
9933
NOT_FOUND
8648
2446
NOT_FOUND
NOT_FOUND
4587
3303
2567
4257
6306
7706
4410
8393
2438
2438
2438
1042
1777
6501
1610
2438
4361
2559
9085
5939
1216
1910
5996
2107
2438
NOT_FOUND
NOT_FOUND
8200
2259
9324
751
7113
2437
2437
NOT_FOUND
9921
9583
8549
2365
7040
2433
6383
4661
7052
815
366
2431
NOT_FOUND
NOT_FOUND
4143
2430
7813
NOT_FOUND
NOT_FOUND
4919
2565
2429
6136
8077
2428
2429
9094
2806
NOT_FOUND
NOT_FOUND
2430
NOT_FOUND
NOT_FOUND
2432
601
7718
9001
9229
8046
3107
18
NOT_FOUND
9059
1877
NOT_FOUND
2425
2425
5404
7725
8445
2423
3636
2425
NOT_FOUND
NOT_FOUND
2025
NOT_FOUND
3868
4905
NOT_FOUND
7781
9286
469
2421
871
6442
9139
2421
NOT_FOUND
2421
778
7646
NOT_FOUND
NOT_FOUND
2421
8909
2423
7694
1856
2424
NOT_FOUND
8510
1386
1039
8147
7979
1403
NOT_FOUND
NOT_FOUND
1700
9622
171
4986
8039
2420
2421
1784
NOT_FOUND
723
8393
3741
2422
9854
4629
2422
7220
2422
394
NOT_FOUND
3151
2346
8152
2421
4804
2420
7151
NOT_FOUND
2575
5546
8696
NOT_FOUND
4401
2419
8403
7211
1291
NOT_FOUND
NOT_FOUND
NOT_FOUND
NOT_FOUND
2418
2384
4461
2416
4257
2416
7465
6226
1919
116
6641
1411
2412
3096
2412
1095
2411
751
9360
NOT_FOUND
1459
8216
NOT_FOUND
7789
2407
NOT_FOUND
685
9923
2408
7393
3255
7956
2405
5555
NOT_FOUND
NOT_FOUND
2407
826
3329
413
4060
4562
NOT_FOUND
4101
NOT_FOUND
NOT_FOUND
8050
2406
NOT_FOUND
NOT_FOUND
2406
3903
836
2793
NOT_FOUND
8210
2404
6230
1809
NOT_FOUND
3913
2155
NOT_FOUND
5253
4005
2403
NOT_FOUND
NOT_FOUND
2403
840
NOT_FOUND
9149
8016
1265
7259
4636
2400
1555
2399
2463
2400
2274
4717
NOT_FOUND
NOT_FOUND
NOT_FOUND
2144
2408
5087
NOT_FOUND
2407
NOT_FOUND
NOT_FOUND
7275
4868
NOT_FOUND
395
3581
6087
2405
NOT_FOUND
2407
7237
4030
NOT_FOUND
324
4662
8029
8166
1738
6118
2406
3555
1240
2404
9128
NOT_FOUND
81
2403
NOT_FOUND
5258
2402
NOT_FOUND
NOT_FOUND
4999
1168
6102
2401
4117
2402
8728
NOT_FOUND
2403
NOT_FOUND
5938
2402
NOT_FOUND
NOT_FOUND
1833
3943
3813
1650
5269
2403
1526
1556
2403
8613
NOT_FOUND
8630
19
2401
2344
NOT_FOUND
NOT_FOUND
9094
5108
NOT_FOUND
NOT_FOUND
2400
194
2401
7089
2400
1874
5450
6622
NOT_FOUND
6300
2397
5289
2396
7414
2395
9703
4356
2393
2394
1864
2396
2236
2396
NOT_FOUND
7252
5909
NOT_FOUND
3779
7359
2393
3213
NOT_FOUND
NOT_FOUND
2396
8971
7318
2396
9207
9873
8287
4140
7661
392
9640
2393
2393
2535
2534
NOT_FOUND
8421
2391
1358
3854
1941
4640
4234
2389
NOT_FOUND
2390
1794
8617
1048
1353
NOT_FOUND
2388
2388
NOT_FOUND
2388
5185
2388
58
NOT_FOUND
2389
NOT_FOUND
2389
6645
2388
NOT_FOUND
2388
8843
262
6406
9206
2389
7051
NOT_FOUND
749
NOT_FOUND
295
2391
2394
8912
352
8563
7155
595
5159
279
691
3121
2398
2398
2398
5068
2397
2398
859
4011
2400
4357
896
6390
1545
9141
6622
1093
2398
NOT_FOUND
2286
4259
NOT_FOUND
4346
8357
2638
NOT_FOUND
2423
7903
7519
6066
5970
2392
2392
1355
9129
NOT_FOUND
NOT_FOUND
2391
2392
2392
2392
2392
3549
7954
2392
2393
7776
2070
NOT_FOUND
6823
348
2393
NOT_FOUND
2394
4762
5576
3744
NOT_FOUND
2394
NOT_FOUND
2396
NOT_FOUND
2397
2398
2398
8686
9534
NOT_FOUND
4855
2397
2397
1137
2398
2398
5546
6310
670
8163
2721
2400
2400
6404
1948
6601
2397
1992
8825
NOT_FOUND
8210
2397
NOT_FOUND
8222
4520
8830
2395
2396
4310
2396
969
2360
731
NOT_FOUND
2396
NOT_FOUND
NOT_FOUND
4784
4470
NOT_FOUND
NOT_FOUND
6876
2336
NOT_FOUND
5430
NOT_FOUND
NOT_FOUND
1994
7012
3859
233
NOT_FOUND
2402
6335
2404
2950
3119
2405
1504
9442
2407
4327
1588
3470
NOT_FOUND
NOT_FOUND
8669
6366
7156
8637
8545
9418
9777
1077
2400
NOT_FOUND
5010
437
2399
6167
638
2399
1810
NOT_FOUND
1631
4205
2397
2399
1192
8700
2399
6516
5383
8878
5874
2396
7480
NOT_FOUND
NOT_FOUND
5945
2395
2395
8159
7662
2395
1104
NOT_FOUND
NOT_FOUND
NOT_FOUND
2397
NOT_FOUND
2399
2427
696
5647
3282
NOT_FOUND
NOT_FOUND
5873
2154
NOT_FOUND
7604
7858
3909
6190
2231
9294
NOT_FOUND
2397
4715
9279
NOT_FOUND
9113
2394
7442
1262 6845 3203 9864 6324 3308 5355 9201 8855 6854 2395 1957 7801 2339 5949 3974 2138 2715 9096 9478 3853 3921 6859 6329 64 8216 3910 8813 5166 9268 7907 8269 3987 1475 5020 3340 6199 607 5853 3441 5411 4242 1499 3935 944 240 7623 8542 7523 2430 9264 9425 6406 1710 1283 4974 2972 9440 7379 6968 7776 1431 7593 6250 3646 8942 9507 51 7212 4383 2173 6414 6071 5554 787 6492 4991 2977 5291 4756 7386 2947 4791 8708 424 7212 4637 8504 3544 7130 5442 5963 8066 1431 6198 5486 6118 1678 8197 2131 57 6888 5784 9970 6092 2564 9436 6626 2707 2720 939 8880 2526 1929 345 3963 451 4776 5568 7846 4410 2705 6664 4590 5820 4098 937 6594 5520 2656 1587 7484 3836 1976 5826 4228 7580 1496 6802 573 9414 7458 4581 4007 4180 3401 9013 3531 8652 787 5167 9192 4456 5852 6725 492 5296 4239 2382 746 6037 256 3013 6692 4500 9760 760 1981 4236 5773 8176 9592 3843 3142 894 9362 8453 2431 7077 1648 2255 7789 2923 4094 4111 8502 1090 5979 9174 9558 1490 2454 3064 730 1469 4232 3277 244 243 6786 8096 2581 6641 2264 6463 6880 1112 498 8373 8865 247 6821 4722 7617 6484 8512 3041 894 1153 3896 7249 8291 6265 1733 256 4520 6598 4954 8319 7565 2476 7421 5230 9369 5937 2709 1927 7271 9247 5633 794 4550 854 7372 1714 7664 5875 7530 4440 1084 2524 9760 8260 6365 5614 3600 2716 403 6440 1611 781 7090 7241 286 7535 7718 1174 5854 2282 9568 8093 5897 3066 8310 7305 5127 1374 6646 2608 6320 8926 1998 9422 7389 8816 4242 7765 9645 3985 2293 3792 4470 5831 9830 9342 2534 8374 6089 6623 1487 2471 5210 8888 4004 4148 124 2140 8684 6640 3971 8987 5562 1150 8285 7113 1639 2022 6989 956 2433 7515 6856 9306 320 140 757 9093 2896 442 2552 1970 461 6481 3304 2396 569 6119 1235 6382 5902 1556 7364 9108 3733 4025 6981 3492 1611 1483 488 5118 2226 1068 3066 1934 2749 8171 5148 2476 9236 7509 8372 2574 6688 7704 9059 8452 4873 911 5622 7538 5735 6521 3347 9696 5233 6908 9568 3204 6846 7033 5831 3950 44 9558 3330 3157 8926 8460 2240 6392 3343 6400 9046 9219 4151 3963 807 5466 424 9832 9690 8620 6771 4932 1662 6918 7834 3580 3841 5278 5329 4712 3402 912 129 1861 2088 1593 194 4518 4735 2012 8879 9184 1341 4138 2557 4711 6929 3731 6390 9476 9084 6191 4882 5217 5955 4526 2397 8442 4636 6616 2964 2349 8921 717 4081 2925 9322 1621 3298 2003 3779 1159 8407 6411 7086 3835 9300 8904 5872 5203 1744 6647 7159 2946 598 4236 6705 1859 3124 6085 667 5148 3123 9215 6645 6188 7893 8807 5739 2170 3860 8848 54 5580 3442 7146 8713 2691 2277 5128 2747 4350 2667 7653 6487 1917 2354 7751 9298 6026 7996 7816 2472 2420 5430 9658 7904 9626 6972 5605 350 3015 2052 5220 1723 2268 1175 4942 7877 993 4285 8774 5414 4261 2289 2661 351 5535 4017 1769 9849 4962 7118 7743 3154 1630 2234 7558 5080 3568 5257 3132 8685 9199 9879 9640 1502 4931 8617 1982 7649 1532 5854 7216 9485 4742 4471 6064 2980 9421 3005 2206 2105 5358 6629 7279 7195 9690 8027 2432 6425 4282 4783 3867 1900 7528 5183 3815 1804 7195 8615 3574 3132 244 589 2302 4600 7780 5289 40 8559 4416 813 7408 3864 9806 251 8306 4647 5409 9630 1510 5809 8323 8028 5111 8387 3281 3871 7503 1347 4576 5627 1986 5083 603 7155 9260 8969 1606 1387 4942 5443 7800 542 7914 1104 7398 9708 9876 5205 157 5380 7062 2722 170 1703 7908 4264 1120 8963 8685 8222 1309 9727 4291 2496 2438 5897 8271 3140 2389 9432 7928 3520 7663 6134 2028 9315 2412 9845 2987 9188 3869 4292 1644 4112 903 8723 4866 5587 8276 9050 3164 6518 8071 7543 1696 1509 1601 5197 2914 4779 1942 3467 5458 1183 8457 6115 3668 3373 6894 9777 8713 4119 6345 6272 5763 5057 3176 6594 6751 7107 4197 5548 3798 12 4075 9724 9094 1363 7046 8720 1854 679 7920 1072 8913 6934 6868 2247 9129 5661 9746 2747 5654 8527 7258 9081 2241 3167 23 6768 2216 8943 7555 745 3876 4552 9428 3071 2800 115 5829 8721 8123 9595 8379 5315 6422 8250 3141 8851 9998 4797 2579 8631 8101 9507 8238 592 5363 9162 5578 377 8069 1184 9529 5711 5660 5439 1418 8460 1050 3621 3784 3776 3651 5216 4606 1648 764 5180 7905 2379 6331 9890 7193 7639 799 6283 55 8872 6549 9464 8311 7579 1063 8845 5390 5660 7162 4201 6625 8812 4879 576 9440 8222 9123 7175 4856 8048 6059 3882 329 2497 8760 3235 6964 5877 6479 5358 1918 4254 4460 225 3006 1108 3312 7123 3757 3253 4276 1416 8559 9750 8831 476 5401 8072 4284 5447 9232 6421 3049 2812 9914 5101 653 3983 8986 1522 3366 7691 845 1504 69 6887 1308 2118 6202 4121 3479 4869 3364 6059 6624 304 7293 7871 144 3466 8518 2277 6471 9886 7695 1099 5068 9954 7502 1896 99 212 5689 7405 7733 9264 1218 5112 528 343 9677 2952 2214 7170 3651 8357 4095 925 8709 2421 6004 9095 9964 5252 3456 1350 8987 8401 551 6897 2876 4638 4550 5745 5810 6483 7219 3188 4817 4924 1885 1178 4524 1063 3090 1734 176 6008 9687 7375 4337 5148 3317 7788 6573 1214 7776 1731 6332 9830 1003 8458 6390 9324 8671 4997 3344 5871 8778 1031 3054 1072 1884 1141 724 7596 3774 3247 1213 5743 3348 9681 2447 304 4002 5513 233 6142 3112 6 8074 3734 3048 678 1161 13 1278 4449 3045 8779 5423 1539 5273 8388 5829 6982 5930 2270 7556 1768 3605 1757 4471 2188 3560 6648 9580 6541 7911 8313 8947 164 9083 3807 3056 5492 2824 2486 2177 5197 1860 8587 7160 6380 1107 4763 1947 6453 2651 9214 2968 9099 9663 7623 5249 7219 8428 5636 3811 6528 4225 3377 8812 9335 8527 943 2770 2092 4218 868 6615 1878 6040 4367 3428 6978 8685 1317 4554 3025 24 4485 1403 1609 5618 640 3743 7987 7372 3587 2946 7073 1906 6373 1498 1701 7218 2595 6321 4970 7267 1242 843 7317 2207 9679 5005 952 4730 378 9460 8029 6893 2398 8701 8432 295 6516 1368 7108 6 6942 9772 9806 137 7512 2564 2989 8425 8767 1140 9690 2616 3982 1583 8966 7575 3101 3259 9116 1558 6659 4480 7493 8234 3617 9899 1536 5500 8438 462 9197 1200 2224 6741 1807 1604 315 5177 4397 1169 2248 8804 5368 9011 2148 1876 491 4389 7244 8992 29 8541 196 4164 3379 1377 3254 2144 1201 9584 4342 9836 1282 5949 6610 4516 389 4758 35 1118 4728 9327 3373 6984 3167 8426 2410 20 808 3282 1832 7770 3956 2618 2548 2420 115 2249 5177 1126 4204 3501 3457 3681 8140 9510 9045 4419 7758 2184 6689 9956 5771 1944 3532 4482 6094 1413 4504 6888 6363 2075 3888 4358 1356 6476 8719 9013 4787 1334 5221 5083 1451 6787 4840 181 6142 5668 3495 7261 8935 8765 3286 1880 181 3862 1092 6934 1650 6698 5620 5133 1268 9928 2673 3983 7148 7612 3566 6851 895 3414 5825 5331 8218 9037 6538 9559 3210 6723 6654 2039 5316 9067 6699 4829 6448 6481 9539 1149 8682 4284 2456 1846 3910 1071 9404 9351 5960 6201 4619 2544 1437 1398 7299 4539 6204 9696 1626 4291 6593 3171 6886 6116 2582 5928 8957 3140 1151 483 8551 4240 1736 8552 909 8079 7550 1904 5767 2023 7101 1657 4591 3980 7950 9013 5608 4706 7378 4502 6973 6352 457 2084 8615 2446 3788 157 4174 5353 807 400 7943 9763 2493 1052 9345 980 989 8446 279 4305 343 8085 7375 2334 394 5986 2411 4617 9128 2376 8811 9165 781 4310 635 1227 1076 7116 1638 2596 105 9614 7664 3497 8851 9435 7430 1036 7416 586 7554 3119 540 6978 1722 572 4809 5597 5156 5001 8733 6065 4248 8192 3516 2207 2454 8759 7361 2040 7160 1407 9127 6022 4745 2866 3506 5827 9935 390 589 9426 7082 3709 1234 7010 7760 3176 5108 4055 4265 6545 9920 3368 4967 6144 2838 6734 523 9478 8958 864 8402 3226 3998 692 386 2427 9851 8579 8602 4404 9260 8709 9574 2011 8098 152 3597 7418 1428 6479 1972 3564 7818 5305 438 8616 8636 5711 6762 7221 3350 5510 9760 384 6574 6950 6959 6507 1355 3451 1225 3129 4955 9323 8974 4055 1226 945 1280 8492 6604 739 1047 5521 1514 9428 2412 2971 8487 9187 6371 3093 6536 3310 8975 9829 5668 5322 2302 3143 2373 9657 1714 5635 7307 8141 7153 8228 2346 4900 4125 6527 5725 9299 9728 4870 8558 6788 7700 2123 5308 2156 8039 3038 5772 1639 9354 3602 7841 9521 2283 7903 2127 4881 1418 9736 9063 4863 8121 6680 3146 7914 6407 1541 1566 4060 2851 7386 345 5885 2302 1746 8438 2479 5721 5384 5079 1179 312 1684 37 145 9148 7830 6129 3984 3722 4266 6842 3051 1627 1768 5512 104 6847 6902 2579 9 6966 4437 5379 2 2931 4802 2781 1065 8723 5044 5502 4881 6134 9169 4959 8428 4103 588 1165 2680 1663 1633 9347 2906 8490 7515 6054 7941 254 1823 3519 3813 3803 905 5815 5550 1055 1270 3389 7399 6837 5804 5504 9072 529 4215 3378 5226 6377 4730 1154 7246 7138 1638 931 2625 3494 9337 1250 9961 8035 7940 6032 799 6192 344 8415 9616 1932 2110 8600 3331 2672 1290 2537 5957 896 3777 3280 7027 3761 4254 1728 9431 4090 6154 5655 6608 1901 6316 5745 9126 9354 8432 5991 7175 3845 5208 8006 8152 6286 5319 5684 1243 6876 4608 3192 5389 8781 9701 2171 7823 6933 776 4268 9655 9186 4915 4281 3352 906 8383 1852 5244 2083 7077 9011 9395 36 450 7973 8871 8569 1677 3686 2688 8521 137 233 7087 5436 5886 8951 2598 241 8065 7026 486 1137 1155 8526 9103 9424 952 2712 2399 4123 8163 7662 1795 4655 6329 5893 6589 7019 6282 6159 9309 1563 6882 6721 8366 8476 6758 9681 395 8229 7144 8737 9954 8974 1172 1995 7370 1290 3600 9918 5363 9296 1115 8144 5541 3627 2950 1417 8228 3409 5981 9961 172 8047 185 7577 8956 7137 9636 7928 5381 9985 289 1106 454 6259 3163 5012 2348 9229 4344 8917 1912 6631 4936 1368 6919 4733 6751 4257 2435 146 8400 724 2177 1273 185 2553 1119 4531 8093 3860 5702 223 3580 5294 2298 9068 2378 9670 3099 1743 8144 3830 211 1063 7392 1216 7602 9552 5321 8398 8683 422 9636 5756 7908 6803 6215 9664 3815 3150 2703 7447 1911 3771 2484 4511 5493 6885 9418 6725 4428 7854 2614 2246 2541 996 8315 5760 7742 3698 7964 8417 6926 1036 774 8286 4057 1097 6725 8005 3294 6259 4353 962 7704 3138 2231 1352 272 4742 9239 6349 6015 7439 3155 7960 1079 5445 1630 4707 4621 8824 8011 2262 7743 6932 2925 925 9644 9524 2856 731 1860 5685 4610 5695 6973 8401 7548 483 1085 7418 5328 8383 6461 8658 2173 5537 8104 6074 7458 1710 1011 8511 5761 6747 7810 8709 6901 4464 9812 3275 9091 5300 1368 7605 4994 4609 4395 8997 1721 8105 5460 4763 9501 1792 5322 8713 832 1619 6608 8941 5473 5959 3106 9950 6105 7857 1047 2535 8299 4756 1131 678 5675 7189 8632 9619 6962 2461 1238 2659 2740 8284 5384 7008 8997 6247 695 9494 6914 938 4041 1343 5081 8740 7215 3162 7603 5643 1457 538 7344 3870 9697 3069 6972 9064 4903 185 1841 7930 3360 3952 6667 9832 5896 9188 5644 7047 9807 4275 1194 4818 7982 4061 5294 5385 5349 7093 6207 7721 303 917 972 1497 8950 795 9481 3610 7407 8024 1878 8719 2632 278 5439 4671 6955 6534 8203 2252 8566 9676 1094 2460 808 1079 669 159 3978 7621 6819 3311 9901 5821 5722 6260 1659 8789 2608 8103 7263 3194 5847 2103 8314 3761 4997 8766 9914 9631 582 9338 2613 4116 3934 5783 5572 7008 6811 1237 4103 6905 6734 754 920 1067 4475 3163 4610 2547 3884 6484 135 1770 2093 4354 8073 2974 4234 9221 712 2837 6070 8879 6990 9755 7030 3810 3374 6013 7202 4416 8739 3795 8667 5885 8332 2648 4396 8456 202 5665 8432 7155 1869 1547 7054 9213 4086 4782 8771 8006 8917 6269 4257 3856 6348 8364 8897 3132 8878 7315 2950 3459 9116 2079 9174 4760 97 5184 1831 3164 3830 173 3601 4473 7087 5940 2518 70 597 1516 669 7243 303 2339 8459 7345 5835 4238 8523 9457 6203 1720 2984 67 8261 7000 1123 4447 3255 1149 5727 3049 2700 4587 3085 8664 4930 4258 8854 7165 518 5976 5862 3681 7311 9933 5382 3507 4785 7045 4238 8339 2193 5586 4868 4136 5567 4819 5261 1899 9372 3487 1158 1540 2168 1339 3815 3029 224 5134 9048 5990 9979 8085 2520 5592 6772 8092 1603 4734 8255 4479 4663 2371 1684 9538 4217 5089 5515 8010 20 2193 1241 5749 1341 5516 6581 3997 8301 6695 8046 9175 7798 8736 8623 2782 3395 2598 8836 5904 4848 7124 9786 3380 49 7787 4985 4151 7531 5409 4696 5695 1578 5863 869 4251 9977 500 8670 7565 4276 4302 1044 4326 533 2436 1041 8417 9874 1307 5033 4486 4669 6622 536 8170 4678 7717 862 8890 2431 802 4645 3447 9841 3125 9832 9232 9648 6386 3604 1421 9286 9650 3158 4344 1417 8579 4987 2589 1838 4861 9537 3749 7327 6213 8290 7533 7485 4191 7491 9049 1454 5949 471 2796 6084 651 6487 9835 3354 5475 1582 8468 1814 2131 5682 1716 3480 9606 2089 5793 5451 2109 658 401 4601 6678 4918 8572 1320 4964 3510 3172 3908 6822 1765 5823 7834 8132 9269 990 5153 9229 6308 748 3176 3610 593 5029 2279 2020 8659 4437 6080 8092 5653 9038 2295 2262 7017 3573 5392
5392 3573 7017 2262 2295 9038 5653 8092 6080 4437 8659 2020 2279 5029 593 3610 3176 748 6308 9229 5153 990 9269 8132 7834 5823 1765 6822 3908 3172 3510 4964 1320 8572 4918 6678 4601 401 658 2109 5451 5793 2089 9606 3480 1716 5682 2131 1814 8468 1582 5475 3354 9835 6487 651 6084 2796 471 5949 1454 9049 7491 4191 7485 7533 8290 6213 7327 3749 9537 4861 1838 2589 4987 8579 1417 4344 3158 9650 9286 1421 3604 6386 9648 9232 9832 3125 9841 3447 4645 802 2431 8890 862 7717 4678 8170 536 6622 4669 4486 5033 1307 9874 8417 1041 2436 533 4326 1044 4302 4276 7565 8670 500 9977 4251 869 5863 1578 5695 4696 5409 7531 4151 4985 7787 49 3380 9786 7124 4848 5904 8836 2598 3395 2782 8623 8736 7798 9175 8046 6695 8301 3997 6581 5516 1341 5749 1241 2193 20 8010 5515 5089 4217 9538 1684 2371 4663 4479 8255 4734 1603 8092 6772 5592 2520 8085 9979 5990 9048 5134 224 3029 3815 1339 2168 1540 1158 3487 9372 1899 5261 4819 5567 4136 4868 5586 2193 8339 4238 7045 4785 3507 5382 9933 7311 3681 5862 5976 518 7165 8854 4258 4930 8664 3085 4587 2700 3049 5727 1149 3255 4447 1123 7000 8261 67 2984 1720 6203 9457 8523 4238 5835 7345 8459 2339 303 7243 669 1516 597 70 2518 5940 7087 4473 3601 173 3830 3164 1831 5184 97 4760 9174 2079 9116 3459 2950 7315 8878 3132 8897 8364 6348 3856 4257 6269 8917 8006 8771 4782 4086 9213 7054 1547 1869 7155 8432 5665 202 8456 4396 2648 8332 5885 8667 3795 8739 4416 7202 6013 3374 3810 7030 9755 6990 8879 6070 2837 712 9221 4234 2974 8073 4354 2093 1770 135 6484 3884 2547 4610 3163 4475 1067 920 754 6734 6905 4103 1237 6811 7008 5572 5783 3934 4116 2613 9338 582 9631 9914 8766 4997 3761 8314 2103 5847 3194 7263 8103 2608 8789 1659 6260 5722 5821 9901 3311 6819 7621 3978 159 669 1079 808 2460 1094 9676 8566 2252 8203 6534 6955 4671 5439 278 2632 8719 1878 8024 7407 3610 9481 795 8950 1497 972 917 303 7721 6207 7093 5349 5385 5294 4061 7982 4818 1194 4275 9807 7047 5644 9188 5896 9832 6667 3952 3360 7930 1841 185 4903 9064 6972 3069 9697 3870 7344 538 1457 5643 7603 3162 7215 8740 5081 1343 4041 938 6914 9494 695 6247 8997 7008 5384 8284 2740 2659 1238 2461 6962 9619 8632 7189 5675 678 1131 4756 8299 2535 1047 7857 6105 9950 3106 5959 5473 8941 6608 1619 832 8713 5322 1792 9501 4763 5460 8105 1721 8997 4395 4609 4994 7605 1368 5300 9091 3275 9812 4464 6901 8709 7810 6747 5761 8511 1011 1710 7458 6074 8104 5537 2173 8658 6461 8383 5328 7418 1085 483 7548 8401 6973 5695 4610 5685 1860 731 2856 9524 9644 925 2925 6932 7743 2262 8011 8824 4621 4707 1630 5445 1079 7960 3155 7439 6015 6349 9239 4742 272 1352 2231 3138 7704 962 4353 6259 3294 8005 6725 1097 4057 8286 774 1036 6926 8417 7964 3698 7742 5760 8315 996 2541 2246 2614 7854 4428 6725 9418 6885 5493 4511 2484 3771 1911 7447 2703 3150 3815 9664 6215 6803 7908 5756 9636 422 8683 8398 5321 9552 7602 1216 7392 1063 211 3830 8144 1743 3099 9670 2378 9068 2298 5294 3580 223 5702 3860 8093 4531 1119 2553 185 1273 2177 724 8400 146 2435 4257 6751 4733 6919 1368 4936 6631 1912 8917 4344 9229 2348 5012 3163 6259 454 1106 289 9985 5381 7928 9636 7137 8956 7577 185 8047 172 9961 5981 3409 8228 1417 2950 3627 5541 8144 1115 9296 5363 9918 3600 1290 7370 1995 1172 8974 9954 8737 7144 8229 395 9681 6758 8476 8366 6721 6882 1563 9309 6159 6282 7019 6589 5893 6329 4655 1795 7662 8163 4123 2399 2712 952 9424 9103 8526 1155 1137 486 7026 8065 241 2598 8951 5886 5436 7087 233 137 8521 2688 3686 1677 8569 8871 7973 450 36 9395 9011 7077 2083 5244 1852 8383 906 3352 4281 4915 9186 9655 4268 776 6933 7823 2171 9701 8781 5389 3192 4608 6876 1243 5684 5319 6286 8152 8006 5208 3845 7175 5991 8432 9354 9126 5745 6316 1901 6608 5655 6154 4090 9431 1728 4254 3761 7027 3280 3777 896 5957 2537 1290 2672 3331 8600 2110 1932 9616 8415 344 6192 799 6032 7940 8035 9961 1250 9337 3494 2625 931 1638 7138 7246 1154 4730 6377 5226 3378 4215 529 9072 5504 5804 6837 7399 3389 1270 1055 5550 5815 905 3803 3813 3519 1823 254 7941 6054 7515 8490 2906 9347 1633 1663 2680 1165 588 4103 8428 4959 9169 6134 4881 5502 5044 8723 1065 2781 4802 2931 2 5379 4437 6966 9 2579 6902 6847 104 5512 1768 1627 3051 6842 4266 3722 3984 6129 7830 9148 145 37 1684 312 1179 5079 5384 5721 2479 8438 1746 2302 5885 345 7386 2851 4060 1566 1541 6407 7914 3146 6680 8121 4863 9063 9736 1418 4881 2127 7903 2283 9521 7841 3602 9354 1639 5772 3038 8039 2156 5308 2123 7700 6788 8558 4870 9728 9299 5725 6527 4125 4900 2346 8228 7153 8141 7307 5635 1714 9657 2373 3143 2302 5322 5668 9829 8975 3310 6536 3093 6371 9187 8487 2971 2412 9428 1514 5521 1047 739 6604 8492 1280 945 1226 4055 8974 9323 4955 3129 1225 3451 1355 6507 6959 6950 6574 384 9760 5510 3350 7221 6762 5711 8636 8616 438 5305 7818 3564 1972 6479 1428 7418 3597 152 8098 2011 9574 8709 9260 4404 8602 8579 9851 2427 386 692 3998 3226 8402 864 8958 9478 523 6734 2838 6144 4967 3368 9920 6545 4265 4055 5108 3176 7760 7010 1234 3709 7082 9426 589 390 9935 5827 3506 2866 4745 6022 9127 1407 7160 2040 7361 8759 2454 2207 3516 8192 4248 6065 8733 5001 5156 5597 4809 572 1722 6978 540 3119 7554 586 7416 1036 7430 9435 8851 3497 7664 9614 105 2596 1638 7116 1076 1227 635 4310 781 9165 8811 2376 9128 4617 2411 5986 394 2334 7375 8085 343 4305 279 8446 989 980 9345 1052 2493 9763 7943 400 807 5353 4174 157 3788 2446 8615 2084 457 6352 6973 4502 7378 4706 5608 9013 7950 3980 4591 1657 7101 2023 5767 1904 7550 8079 909 8552 1736 4240 8551 483 1151 3140 8957 5928 2582 6116 6886 3171 6593 4291 1626 9696 6204 4539 7299 1398 1437 2544 4619 6201 5960 9351 9404 1071 3910 1846 2456 4284 8682 1149 9539 6481 6448 4829 6699 9067 5316 2039 6654 6723 3210 9559 6538 9037 8218 5331 5825 3414 895 6851 3566 7612 7148 3983 2673 9928 1268 5133 5620 6698 1650 6934 1092 3862 181 1880 3286 8765 8935 7261 3495 5668 6142 181 4840 6787 1451 5083 5221 1334 4787 9013 8719 6476 1356 4358 3888 2075 6363 6888 4504 1413 6094 4482 3532 1944 5771 9956 6689 2184 7758 4419 9045 9510 8140 3681 3457 3501 4204 1126 5177 2249 115 2420 2548 2618 3956 7770 1832 3282 808 20 2410 8426 3167 6984 3373 9327 4728 1118 35 4758 389 4516 6610 5949 1282 9836 4342 9584 1201 2144 3254 1377 3379 4164 196 8541 29 8992 7244 4389 491 1876 2148 9011 5368 8804 2248 1169 4397 5177 315 1604 1807 6741 2224 1200 9197 462 8438 5500 1536 9899 3617 8234 7493 4480 6659 1558 9116 3259 3101 7575 8966 1583 3982 2616 9690 1140 8767 8425 2989 2564 7512 137 9806 9772 6942 6 7108 1368 6516 295 8432 8701 2398 6893 8029 9460 378 4730 952 5005 9679 2207 7317 843 1242 7267 4970 6321 2595 7218 1701 1498 6373 1906 7073 2946 3587 7372 7987 3743 640 5618 1609 1403 4485 24 3025 4554 1317 8685 6978 3428 4367 6040 1878 6615 868 4218 2092 2770 943 8527 9335 8812 3377 4225 6528 3811 5636 8428 7219 5249 7623 9663 9099 2968 9214 2651 6453 1947 4763 1107 6380 7160 8587 1860 5197 2177 2486 2824 5492 3056 3807 9083 164 8947 8313 7911 6541 9580 6648 3560 2188 4471 1757 3605 1768 7556 2270 5930 6982 5829 8388 5273 1539 5423 8779 3045 4449 1278 13 1161 678 3048 3734 8074 6 3112 6142 233 5513 4002 304 2447 9681 3348 5743 1213 3247 3774 7596 724 1141 1884 1072 3054 1031 8778 5871 3344 4997 8671 9324 6390 8458 1003 9830 6332 1731 7776 1214 6573 7788 3317 5148 4337 7375 9687 6008 176 1734 3090 1063 4524 1178 1885 4924 4817 3188 7219 6483 5810 5745 4550 4638 2876 6897 551 8401 8987 1350 3456 5252 9964 9095 6004 2421 8709 925 4095 8357 3651 7170 2214 2952 9677 343 528 5112 1218 9264 7733 7405 5689 212 99 1896 7502 9954 5068 1099 7695 9886 6471 2277 8518 3466 144 7871 7293 304 6624 6059 3364 4869 3479 4121 6202 2118 1308 6887 69 1504 845 7691 3366 1522 8986 3983 653 5101 9914 2812 3049 6421 9232 5447 4284 8072 5401 476 8831 9750 8559 1416 4276 3253 3757 7123 3312 1108 3006 225 4460 4254 1918 5358 6479 5877 6964 3235 8760 2497 329 3882 6059 8048 4856 7175 9123 8222 9440 576 4879 8812 6625 4201 7162 5660 5390 8845 1063 7579 8311 9464 6549 8872 55 6283 799 7639 7193 9890 6331 2379 7905 5180 764 1648 4606 5216 3651 3776 3784 3621 1050 8460 1418 5439 5660 5711 9529 1184 8069 377 5578 9162 5363 592 8238 9507 8101 8631 2579 4797 9998 8851 3141 8250 6422 5315 8379 9595 8123 8721 5829 115 2800 3071 9428 4552 3876 745 7555 8943 2216 6768 23 3167 2241 9081 7258 8527 5654 2747 9746 5661 9129 2247 6868 6934 8913 1072 7920 679 1854 8720 7046 1363 9094 9724 4075 12 3798 5548 4197 7107 6751 6594 3176 5057 5763 6272 6345 4119 8713 9777 6894 3373 3668 6115 8457 1183 5458 3467 1942 4779 2914 5197 1601 1509 1696 7543 8071 6518 3164 9050 8276 5587 4866 8723 903 4112 1644 4292 3869 9188 2987 9845 2412 9315 2028 6134 7663 3520 7928 9432 2389 3140 8271 5897 2438 2496 4291 9727 1309 8222 8685 8963 1120 4264 7908 1703 170 2722 7062 5380 157 5205 9876 9708 7398 1104 7914 542 7800 5443 4942 1387 1606 8969 9260 7155 603 5083 1986 5627 4576 1347 7503 3871 3281 8387 5111 8028 8323 5809 1510 9630 5409 4647 8306 251 9806 3864 7408 813 4416 8559 40 5289 7780 4600 2302 589 244 3132 3574 8615 7195 1804 3815 5183 7528 1900 3867 4783 4282 6425 2432 8027 9690 7195 7279 6629 5358 2105 2206 3005 9421 2980 6064 4471 4742 9485 7216 5854 1532 7649 1982 8617 4931 1502 9640 9879 9199 8685 3132 5257 3568 5080 7558 2234 1630 3154 7743 7118 4962 9849 1769 4017 5535 351 2661 2289 4261 5414 8774 4285 993 7877 4942 1175 2268 1723 5220 2052 3015 350 5605 6972 9626 7904 9658 5430 2420 2472 7816 7996 6026 9298 7751 2354 1917 6487 7653 2667 4350 2747 5128 2277 2691 8713 7146 3442 5580 54 8848 3860 2170 5739 8807 7893 6188 6645 9215 3123 5148 667 6085 3124 1859 6705 4236 598 2946 7159 6647 1744 5203 5872 8904 9300 3835 7086 6411 8407 1159 3779 2003 3298 1621 9322 2925 4081 717 8921 2349 2964 6616 4636 8442 2397 4526 5955 5217 4882 6191 9084 9476 6390 3731 6929 4711 2557 4138 1341 9184 8879 2012 4735 4518 194 1593 2088 1861 129 912 3402 4712 5329 5278 3841 3580 7834 6918 1662 4932 6771 8620 9690 9832 424 5466 807 3963 4151 9219 9046 6400 3343 6392 2240 8460 8926 3157 3330 9558 44 3950 5831 7033 6846 3204 9568 6908 5233 9696 3347 6521 5735 7538 5622 911 4873 8452 9059 7704 6688 2574 8372 7509 9236 2476 5148 8171 2749 1934 3066 1068 2226 5118 488 1483 1611 3492 6981 4025 3733 9108 7364 1556 5902 6382 1235 6119 569 2396 3304 6481 461 1970 2552 442 2896 9093 757 140 320 9306 6856 7515 2433 956 6989 2022 1639 7113 8285 1150 5562 8987 3971 6640 8684 2140 124 4148 4004 8888 5210 2471 1487 6623 6089 8374 2534 9342 9830 5831 4470 3792 2293 3985 9645 7765 4242 8816 7389 9422 1998 8926 6320 2608 6646 1374 5127 7305 8310 3066 5897 8093 9568 2282 5854 1174 7718 7535 286 7241 7090 781 1611 6440 403 2716 3600 5614 6365 8260 9760 2524 1084 4440 7530 5875 7664 1714 7372 854 4550 794 5633 9247 7271 1927 2709 5937 9369 5230 7421 2476 7565 8319 4954 6598 4520 256 1733 6265 8291 7249 3896 1153 894 3041 8512 6484 7617 4722 6821 247 8865 8373 498 1112 6880 6463 2264 6641 2581 8096 6786 243 244 3277 4232 1469 730 3064 2454 1490 9558 9174 5979 1090 8502 4111 4094 2923 7789 2255 1648 7077 2431 8453 9362 894 3142 3843 9592 8176 5773 4236 1981 760 9760 4500 6692 3013 256 6037 746 2382 4239 5296 492 6725 5852 4456 9192 5167 787 8652 3531 9013 3401 4180 4007 4581 7458 9414 573 6802 1496 7580 4228 5826 1976 3836 7484 1587 2656 5520 6594 937 4098 5820 4590 6664 2705 4410 7846 5568 4776 451 3963 345 1929 2526 8880 939 2720 2707 6626 9436 2564 6092 9970 5784 6888 57 2131 8197 1678 6118 5486 6198 1431 8066 5963 5442 7130 3544 8504 4637 7212 424 8708 4791 2947 7386 4756 5291 2977 4991 6492 787 5554 6071 6414 2173 4383 7212 51 9507 8942 3646 6250 7593 1431 7776 6968 7379 9440 2972 4974 1283 1710 6406 9425 9264 2430 7523 8542 7623 240 944 3935 1499 4242 5411 3441 5853 607 6199 3340 5020 1475 3987 8269 7907 9268 5166 8813 3910 8216 64 6329 6859 3921 3853 9478 9096 2715 2138 3974 5949 2339 7801 1957 2395 6854 8855 9201 5355 3308 6324 9864 3203 6845 1262
1262 6845 3203 9864 6324 3308 5355 9201 8855 6854 2395 1957 7801 2339 5949 3974 2138 2715 9096 9478 3853 3921 6859 6329 64 8216 3910 8813 5166 9268 7907 8269 3987 1475 5020 3340 6199 607 5853 3441 5411 4242 1499 3935 944 240 7623 8542 7523 2430 9264 9425 6406 1710 1283 4974 2972 9440 7379 6968 7776 1431 7593 6250 3646 8942 9507 51 7212 4383 2173 6414 6071 5554 787 6492 4991 2977 5291 4756 7386 2947 4791 8708 424 7212 4637 8504 3544 7130 5442 5963 8066 1431 6198 5486 6118 1678 8197 2131 57 6888 5784 9970 6092 2564 9436 6626 2707 2720 939 8880 2526 1929 345 3963 451 4776 5568 7846 4410 2705 6664 4590 5820 4098 937 6594 5520 2656 1587 7484 3836 1976 5826 4228 7580 1496 6802 573 9414 7458 4581 4007 4180 3401 9013 3531 8652 787 5167 9192 4456 5852 6725 492 5296 4239 2382 746 6037 256 3013 6692 4500 9760 760 1981 4236 5773 8176 9592 3843 3142 894 9362 8453 2431 7077 1648 2255 7789 2923 4094 4111 8502 1090 5979 9174 9558 1490 2454 3064 730 1469 4232 3277 244 243 6786 8096 2581 6641 2264 6463 6880 1112 498 8373 8865 247 6821 4722 7617 6484 8512 3041 894 1153 3896 7249 8291 6265 1733 256 4520 6598 4954 8319 7565 2476 7421 5230 9369 5937 2709 1927 7271 9247 5633 794 4550 854 7372 1714 7664 5875 7530 4440 1084 2524 9760 8260 6365 5614 3600 2716 403 6440 1611 781 7090 7241 286 7535 7718 1174 5854 2282 9568 8093 5897 3066 8310 7305 5127 1374 6646 2608 6320 8926 1998 9422 7389 8816 4242 7765 9645 3985 2293 3792 4470 5831 9830 9342 2534 8374 6089 6623 1487 2471 5210 8888 4004 4148 124 2140 8684 6640 3971 8987 5562 1150 8285 7113 1639 2022 6989 956 2433 7515 6856 9306 320 140 757 9093 2896 442 2552 1970 461 6481 3304 2396 569 6119 1235 6382 5902 1556 7364 9108 3733 4025 6981 3492 1611 1483 488 5118 2226 1068 3066 1934 2749 8171 5148 2476 9236 7509 8372 2574 6688 7704 9059 8452 4873 911 5622 7538 5735 6521 3347 9696 5233 6908 9568 3204 6846 7033 5831 3950 44 9558 3330 3157 8926 8460 2240 6392 3343 6400 9046 9219 4151 3963 807 5466 424 9832 9690 8620 6771 4932 1662 6918 7834 3580 3841 5278 5329 4712 3402 912 129 1861 2088 1593 194 4518 4735 2012 8879 9184 1341 4138 2557 4711 6929 3731 6390 9476 9084 6191 4882 5217 5955 4526 2397 8442 4636 6616 2964 2349 8921 717 4081 2925 9322 1621 3298 2003 3779 1159 8407 6411 7086 3835 9300 8904 5872 5203 1744 6647 7159 2946 598 4236 6705 1859 3124 6085 667 5148 3123 9215 6645 6188 7893 8807 5739 2170 3860 8848 54 5580 3442 7146 8713 2691 2277 5128 2747 4350 2667 7653 6487 1917 2354 7751 9298 6026 7996 7816 2472 2420 5430 9658 7904 9626 6972 5605 350 3015 2052 5220 1723 2268 1175 4942 7877 993 4285 8774 5414 4261 2289 2661 351 5535 4017 1769 9849 4962 7118 7743 3154 1630 2234 7558 5080 3568 5257 3132 8685 9199 9879 9640 1502 4931 8617 1982 7649 1532 5854 7216 9485 4742 4471 6064 2980 9421 3005 2206 2105 5358 6629 7279 7195 9690 8027 2432 6425 4282 4783 3867 1900 7528 5183 3815 1804 7195 8615 3574 3132 244 589 2302 4600 7780 5289 40 8559 4416 813 7408 3864 9806 251 8306 4647 5409 9630 1510 5809 8323 8028 5111 8387 3281 3871 7503 1347 4576 5627 1986 5083 603 7155 9260 8969 1606 1387 4942 5443 7800 542 7914 1104 7398 9708 9876 5205 157 5380 7062 2722 170 1703 7908 4264 1120 8963 8685 8222 1309 9727 4291 2496 2438 5897 8271 3140 2389 9432 7928 3520 7663 6134 2028 9315 2412 9845 2987 9188 3869 4292 1644 4112 903 8723 4866 5587 8276 9050 3164 6518 8071 7543 1696 1509 1601 5197 2914 4779 1942 3467 5458 1183 8457 6115 3668 3373 6894 9777 8713 4119 6345 6272 5763 5057 3176 6594 6751 7107 4197 5548 3798 12 4075 9724 9094 1363 7046 8720 1854 679 7920 1072 8913 6934 6868 2247 9129 5661 9746 2747 5654 8527 7258 9081 2241 3167 23 6768 2216 8943 7555 745 3876 4552 9428 3071 2800 115 5829 8721 8123 9595 8379 5315 6422 8250 3141 8851 9998 4797 2579 8631 8101 9507 8238 592 5363 9162 5578 377 8069 1184 9529 5711 5660 5439 1418 8460 1050 3621 3784 3776 3651 5216 4606 1648 764 5180 7905 2379 6331 9890 7193 7639 799 6283 55 8872 6549 9464 8311 7579 1063 8845 5390 5660 7162 4201 6625 8812 4879 576 9440 8222 9123 7175 4856 8048 6059 3882 329 2497 8760 3235 6964 5877 6479 5358 1918 4254 4460 225 3006 1108 3312 7123 3757 3253 4276 1416 8559 9750 8831 476 5401 8072 4284 5447 9232 6421 3049 2812 9914 5101 653 3983 8986 1522 3366 7691 845 1504 69 6887 1308 2118 6202 4121 3479 4869 3364 6059 6624 304 7293 7871 144 3466 8518 2277 6471 9886 7695 1099 5068 9954 7502 1896 99 212 5689 7405 7733 9264 1218 5112 528 343 9677 2952 2214 7170 3651 8357 4095 925 8709 2421 6004 9095 9964 5252 3456 1350 8987 8401 551 6897 2876 4638 4550 5745 5810 6483 7219 3188 4817 4924 1885 1178 4524 1063 3090 1734 176 6008 9687 7375 4337 5148 3317 7788 6573 1214 7776 1731 6332 9830 1003 8458 6390 9324 8671 4997 3344 5871 8778 1031 3054 1072 1884 1141 724 7596 3774 3247 1213 5743 3348 9681 2447 304 4002 5513 233 6142 3112 6 8074 3734 3048 678 1161 13 1278 4449 3045 8779 5423 1539 5273 8388 5829 6982 5930 2270 7556 1768 3605 1757 4471 2188 3560 6648 9580 6541 7911 8313 8947 164 9083 3807 3056 5492 2824 2486 2177 5197 1860 8587 7160 6380 1107 4763 1947 6453 2651 9214 2968 9099 9663 7623 5249 7219 8428 5636 3811 6528 4225 3377 8812 9335 8527 943 2770 2092 4218 868 6615 1878 6040 4367 3428 6978 8685 1317 4554 3025 24 4485 1403 1609 5618 640 3743 7987 7372 3587 2946 7073 1906 6373 1498 1701 7218 2595 6321 4970 7267 1242 843 7317 2207 9679 5005 952 4730 378 9460 8029 6893 2398 8701 8432 295 6516 1368 7108 6 6942 9772 9806 137 7512 2564 2989 8425 8767 1140 9690 2616 3982 1583 8966 7575 3101 3259 9116 1558 6659 4480 7493 8234 3617 9899 1536 5500 8438 462 9197 1200 2224 6741 1807 1604 315 5177 4397 1169 2248 8804 5368 9011 2148 1876 491 4389 7244 8992 29 8541 196 4164 3379 1377 3254 2144 1201 9584 4342 9836 1282 5949 6610 4516 389 4758 35 1118 4728 9327 3373 6984 3167 8426 2410 20 808 3282 1832 7770 3956 2618 2548 2420 115 2249 5177 1126 4204 3501 3457 3681 8140 9510 9045 4419 7758 2184 6689 9956 5771 1944 3532 4482 6094 1413 4504 6888 6363 2075 3888 4358 1356 6476 8719 9013 4787 1334 5221 5083 1451 6787 4840 181 6142 5668 3495 7261 8935 8765 3286 1880 181 3862 1092 6934 1650 6698 5620 5133 1268 9928 2673 3983 7148 7612 3566 6851 895 3414 5825 5331 8218 9037 6538 9559 3210 6723 6654 2039 5316 9067 6699 4829 6448 6481 9539 1149 8682 4284 2456 1846 3910 1071 9404 9351 5960 6201 4619 2544 1437 1398 7299 4539 6204 9696 1626 4291 6593 3171 6886 6116 2582 5928 8957 3140 1151 483 8551 4240 1736 8552 909 8079 7550 1904 5767 2023 7101 1657 4591 3980 7950 9013 5608 4706 7378 4502 6973 6352 457 2084 8615 2446 3788 157 4174 5353 807 400 7943 9763 2493 1052 9345 980 989 8446 279 4305 343 8085 7375 2334 394 5986 2411 4617 9128 2376 8811 9165 781 4310 635 1227 1076 7116 1638 2596 105 9614 7664 3497 8851 9435 7430 1036 7416 586 7554 3119 540 6978 1722 572 4809 5597 5156 5001 8733 6065 4248 8192 3516 2207 2454 8759 7361 2040 7160 1407 9127 6022 4745 2866 3506 5827 9935 390 589 9426 7082 3709 1234 7010 7760 3176 5108 4055 4265 6545 9920 3368 4967 6144 2838 6734 523 9478 8958 864 8402 3226 3998 692 386 2427 9851 8579 8602 4404 9260 8709 9574 2011 8098 152 3597 7418 1428 6479 1972 3564 7818 5305 438 8616 8636 5711 6762 7221 3350 5510 9760 384 6574 6950 6959 6507 1355 3451 1225 3129 4955 9323 8974 4055 1226 945 1280 8492 6604 739 1047 5521 1514 9428 2412 2971 8487 9187 6371 3093 6536 3310 8975 9829 5668 5322 2302 3143 2373 9657 1714 5635 7307 8141 7153 8228 2346 4900 4125 6527 5725 9299 9728 4870 8558 6788 7700 2123 5308 2156 8039 3038 5772 1639 9354 3602 7841 9521 2283 7903 2127 4881 1418 9736 9063 4863 8121 6680 3146 7914 6407 1541 1566 4060 2851 7386 345 5885 2302 1746 8438 2479 5721 5384 5079 1179 312 1684 37 145 9148 7830 6129 3984 3722 4266 6842 3051 1627 1768 5512 104 6847 6902 2579 9 6966 4437 5379 2 2931 4802 2781 1065 8723 5044 5502 4881 6134 9169 4959 8428 4103 588 1165 2680 1663 1633 9347 2906 8490 7515 6054 7941 254 1823 3519 3813 3803 905 5815 5550 1055 1270 3389 7399 6837 5804 5504 9072 529 4215 3378 5226 6377 4730 1154 7246 7138 1638 931 2625 3494 9337 1250 9961 8035 7940 6032 799 6192 344 8415 9616 1932 2110 8600 3331 2672 1290 2537 5957 896 3777 3280 7027 3761 4254 1728 9431 4090 6154 5655 6608 1901 6316 5745 9126 9354 8432 5991 7175 3845 5208 8006 8152 6286 5319 5684 1243 6876 4608 3192 5389 8781 9701 2171 7823 6933 776 4268 9655 9186 4915 4281 3352 906 8383 1852 5244 2083 7077 9011 9395 36 450 7973 8871 8569 1677 3686 2688 8521 137 233 7087 5436 5886 8951 2598 241 8065 7026 486 1137 1155 8526 9103 9424 952 2712 2399 4123 8163 7662 1795 4655 6329 5893 6589 7019 6282 6159 9309 1563 6882 6721 8366 8476 6758 9681 395 8229 7144 8737 9954 8974 1172 1995 7370 1290 3600 9918 5363 9296 1115 8144 5541 3627 2950 1417 8228 3409 5981 9961 172 8047 185 7577 8956 7137 9636 7928 5381 9985 289 1106 454 6259 3163 5012 2348 9229 4344 8917 1912 6631 4936 1368 6919 4733 6751 4257 2435 146 8400 724 2177 1273 185 2553 1119 4531 8093 3860 5702 223 3580 5294 2298 9068 2378 9670 3099 1743 8144 3830 211 1063 7392 1216 7602 9552 5321 8398 8683 422 9636 5756 7908 6803 6215 9664 3815 3150 2703 7447 1911 3771 2484 4511 5493 6885 9418 6725 4428 7854 2614 2246 2541 996 8315 5760 7742 3698 7964 8417 6926 1036 774 8286 4057 1097 6725 8005 3294 6259 4353 962 7704 3138 2231 1352 272 4742 9239 6349 6015 7439 3155 7960 1079 5445 1630 4707 4621 8824 8011 2262 7743 6932 2925 925 9644 9524 2856 731 1860 5685 4610 5695 6973 8401 7548 483 1085 7418 5328 8383 6461 8658 2173 5537 8104 6074 7458 1710 1011 8511 5761 6747 7810 8709 6901 4464 9812 3275 9091 5300 1368 7605 4994 4609 4395 8997 1721 8105 5460 4763 9501 1792 5322 8713 832 1619 6608 8941 5473 5959 3106 9950 6105 7857 1047 2535 8299 4756 1131 678 5675 7189 8632 9619 6962 2461 1238 2659 2740 8284 5384 7008 8997 6247 695 9494 6914 938 4041 1343 5081 8740 7215 3162 7603 5643 1457 538 7344 3870 9697 3069 6972 9064 4903 185 1841 7930 3360 3952 6667 9832 5896 9188 5644 7047 9807 4275 1194 4818 7982 4061 5294 5385 5349 7093 6207 7721 303 917 972 1497 8950 795 9481 3610 7407 8024 1878 8719 2632 278 5439 4671 6955 6534 8203 2252 8566 9676 1094 2460 808 1079 669 159 3978 7621 6819 3311 9901 5821 5722 6260 1659 8789 2608 8103 7263 3194 5847 2103 8314 3761 4997 8766 9914 9631 582 9338 2613 4116 3934 5783 5572 7008 6811 1237 4103 6905 6734 754 920 1067 4475 3163 4610 2547 3884 6484 135 1770 2093 4354 8073 2974 4234 9221 712 2837 6070 8879 6990 9755 7030 3810 3374 6013 7202 4416 8739 3795 8667 5885 8332 2648 4396 8456 202 5665 8432 7155 1869 1547 7054 9213 4086 4782 8771 8006 8917 6269 4257 3856 6348 8364 8897 3132 8878 7315 2950 3459 9116 2079 9174 4760 97 5184 1831 3164 3830 173 3601 4473 7087 5940 2518 70 597 1516 669 7243 303 2339 8459 7345 5835 4238 8523 9457 6203 1720 2984 67 8261 7000 1123 4447 3255 1149 5727 3049 2700 4587 3085 8664 4930 4258 8854 7165 518 5976 5862 3681 7311 9933 5382 3507 4785 7045 4238 8339 2193 5586 4868 4136 5567 4819 5261 1899 9372 3487 1158 1540 2168 1339 3815 3029 224 5134 9048 5990 9979 8085 2520 5592 6772 8092 1603 4734 8255 4479 4663 2371 1684 9538 4217 5089 5515 8010 20 2193 1241 5749 1341 5516 6581 3997 8301 6695 8046 9175 7798 8736 8623 2782 3395 2598 8836 5904 4848 7124 9786 3380 49 7787 4985 4151 7531 5409 4696 5695 1578 5863 869 4251 9977 500 8670 7565 4276 4302 1044 4326 533 2436 1041 8417 9874 1307 5033 4486 4669 6622 536 8170 4678 7717 862 8890 2431 802 4645 3447 9841 3125 9832 9232 9648 6386 3604 1421 9286 9650 3158 4344 1417 8579 4987 2589 1838 4861 9537 3749 7327 6213 8290 7533 7485 4191 7491 9049 1454 5949 471 2796 6084 651 6487 9835 3354 5475 1582 8468 1814 2131 5682 1716 3480 9606 2089 5793 5451 2109 658 401 4601 6678 4918 8572 1320 4964 3510 3172 3908 6822 1765 5823 7834 8132 9269 990 5153 9229 6308 748 3176 3610 593 5029 2279 2020 8659 4437 6080 8092 5653 9038 2295 2262 7017 3573 5392
1262 6845 3203 9864 6324 3308 5355 9201 8855 6854 2395 1957 7801 2339 5949 3974 2138 2715 9096 9478 3853 3921 6859 6329 64 8216 3910 8813 5166 9268 7907 8269 3987 1475 5020 3340 6199 607 5853 3441 5411 4242 1499 3935 944 240 7623 8542 7523 2430 9264 9425 6406 1710 1283 4974 2972 9440 7379 6968 7776 1431 7593 6250 3646 8942 9507 51 7212 4383 2173 6414 6071 5554 787 6492 4991 2977 5291 4756 7386 2947 4791 8708 424 7212 4637 8504 3544 7130 5442 5963 8066 1431 6198 5486 6118 1678 8197 2131 57 6888 5784 9970 6092 2564 9436 6626 2707 2720 939 8880 2526 1929 345 3963 451 4776 5568 7846 4410 2705 6664 4590 5820 4098 937 6594 5520 2656 1587 7484 3836 1976 5826 4228 7580 1496 6802 573 9414 7458 4581 4007 4180 3401 9013 3531 8652 787 5167 9192 4456 5852 6725 492 5296 4239 2382 746 6037 256 3013 6692 4500 9760 760 1981 4236 5773 8176 9592 3843 3142 894 9362 8453 2431 7077 1648 2255 7789 2923 4094 4111 8502 1090 5979 9174 9558 1490 2454 3064 730 1469 4232 3277 244 243 6786 8096 2581 6641 2264 6463 6880 1112 498 8373 8865 247 6821 4722 7617 6484 8512 3041 894 1153 3896 7249 8291 6265 1733 256 4520 6598 4954 8319 7565 2476 7421 5230 9369 5937 2709 1927 7271 9247 5633 794 4550 854 7372 1714 7664 5875 7530 4440 1084 2524 9760 8260 6365 5614 3600 2716 403 6440 1611 781 7090 7241 286 7535 7718 1174 5854 2282 9568 8093 5897 3066 8310 7305 5127 1374 6646 2608 6320 8926 1998 9422 7389 8816 4242 7765 9645 3985 2293 3792 4470 5831 9830 9342 2534 8374 6089 6623 1487 2471 5210 8888 4004 4148 124 2140 8684 6640 3971 8987 5562 1150 8285 7113 1639 2022 6989 956 2433 7515 6856 9306 320 140 757 9093 2896 442 2552 1970 461 6481 3304 2396 569 6119 1235 6382 5902 1556 7364 9108 3733 4025 6981 3492 1611 1483 488 5118 2226 1068 3066 1934 2749 8171 5148 2476 9236 7509 8372 2574 6688 7704 9059 8452 4873 911 5622 7538 5735 6521 3347 9696 5233 6908 9568 3204 6846 7033 5831 3950 44 9558 3330 3157 8926 8460 2240 6392 3343 6400 9046 9219 4151 3963 807 5466 424 9832 9690 8620 6771 4932 1662 6918 7834 3580 3841 5278 5329 4712 3402 912 129 1861 2088 1593 194 4518 4735 2012 8879 9184 1341 4138 2557 4711 6929 3731 6390 9476 9084 6191 4882 5217 5955 4526 2397 8442 4636 6616 2964 2349 8921 717 4081 2925 9322 1621 3298 2003 3779 1159 8407 6411 7086 3835 9300 8904 5872 5203 1744 6647 7159 2946 598 4236 6705 1859 3124 6085 667 5148 3123 9215 6645 6188 7893 8807 5739 2170 3860 8848 54 5580 3442 7146 8713 2691 2277 5128 2747 4350 2667 7653 6487 1917 2354 7751 9298 6026 7996 7816 2472 2420 5430 9658 7904 9626 6972 5605 350 3015 2052 5220 1723 2268 1175 4942 7877 993 4285 8774 5414 4261 2289 2661 351 5535 4017 1769 9849 4962 7118 7743 3154 1630 2234 7558 5080 3568 5257 3132 8685 9199 9879 9640 1502 4931 8617 1982 7649 1532 5854 7216 9485 4742 4471 6064 2980 9421 3005 2206 2105 5358 6629 7279 7195 9690 8027 2432 6425 4282 4783 3867 1900 7528 5183 3815 1804 7195 8615 3574 3132 244 589 2302 4600 7780 5289 40 8559 4416 813 7408 3864 9806 251 8306 4647 5409 9630 1510 5809 8323 8028 5111 8387 3281 3871 7503 1347 4576 5627 1986 5083 603 7155 9260 8969 1606 1387 4942 5443 7800 542 7914 1104 7398 9708 9876 5205 157 5380 7062 2722 170 1703 7908 4264 1120 8963 8685 8222 1309 9727 4291 2496 2438 5897 8271 3140 2389 9432 7928 3520 7663 6134 2028 9315 2412 9845 2987 9188 3869 4292 1644 4112 903 8723 4866 5587 8276 9050 3164 6518 8071 7543 1696 1509 1601 5197 2914 4779 1942 3467 5458 1183 8457 6115 3668 3373 6894 9777 8713 4119 6345 6272 5763 5057 3176 6594 6751 7107 4197 5548 3798 12 4075 9724 9094 1363 7046 8720 1854 679 7920 1072 8913 6934 6868 2247 9129 5661 9746 2747 5654 8527 7258 9081 2241 3167 23 6768 2216 8943 7555 745 3876 4552 9428 3071 2800 115 5829 8721 8123 9595 8379 5315 6422 8250 3141 8851 9998 4797 2579 8631 8101 9507 8238 592 5363 9162 5578 377 8069 1184 9529 5711 5660 5439 1418 8460 1050 3621 3784 3776 3651 5216 4606 1648 764 5180 7905 2379 6331 9890 7193 7639 799 6283 55 8872 6549 9464 8311 7579 1063 8845 5390 5660 7162 4201 6625 8812 4879 576 9440 8222 9123 7175 4856 8048 6059 3882 329 2497 8760 3235 6964 5877 6479 5358 1918 4254 4460 225 3006 1108 3312 7123 3757 3253 4276 1416 8559 9750 8831 476 5401 8072 4284 5447 9232 6421 3049 2812 9914 5101 653 3983 8986 1522 3366 7691 845 1504 69 6887 1308 2118 6202 4121 3479 4869 3364 6059 6624 304 7293 7871 144 3466 8518 2277 6471 9886 7695 1099 5068 9954 7502 1896 99 212 5689 7405 7733 9264 1218 5112 528 343 9677 2952 2214 7170 3651 8357 4095 925 8709 2421 6004 9095 9964 5252 3456 1350 8987 8401 551 6897 2876 4638 4550 5745 5810 6483 7219 3188 4817 4924 1885 1178 4524 1063 3090 1734 176 6008 9687 7375 4337 5148 3317 7788 6573 1214 7776 1731 6332 9830 1003 8458 6390 9324 8671 4997 3344 5871 8778 1031 3054 1072 1884 1141 724 7596 3774 3247 1213 5743 3348 9681 2447 304 4002 5513 233 6142 3112 6 8074 3734 3048 678 1161 13 1278 4449 3045 8779 5423 1539 5273 8388 5829 6982 5930 2270 7556 1768 3605 1757 4471 2188 3560 6648 9580 6541 7911 8313 8947 164 9083 3807 3056 5492 2824 2486 2177 5197 1860 8587 7160 6380 1107 4763 1947 6453 2651 9214 2968 9099 9663 7623 5249 7219 8428 5636 3811 6528 4225 3377 8812 9335 8527 943 2770 2092 4218 868 6615 1878 6040 4367 3428 6978 8685 1317 4554 3025 24 4485 1403 1609 5618 640 3743 7987 7372 3587 2946 7073 1906 6373 1498 1701 7218 2595 6321 4970 7267 1242 843 7317 2207 9679 5005 952 4730 378 9460 8029 6893 2398 8701 8432 295 6516 1368 7108 6 6942 9772 9806 137 7512 2564 2989 8425 8767 1140 9690 2616 3982 1583 8966 7575 3101 3259 9116 1558 6659 4480 7493 8234 3617 9899 1536 5500 8438 462 9197 1200 2224 6741 1807 1604 315 5177 4397 1169 2248 8804 5368 9011 2148 1876 491 4389 7244 8992 29 8541 196 4164 3379 1377 3254 2144 1201 9584 4342 9836 1282 5949 6610 4516 389 4758 35 1118 4728 9327 3373 6984 3167 8426 2410 20 808 3282 1832 7770 3956 2618 2548 2420 115 2249 5177 1126 4204 3501 3457 3681 8140 9510 9045 4419 7758 2184 6689 9956 5771 1944 3532 4482 6094 1413 4504 6888 6363 2075 3888 4358 1356 6476 8719 9013 4787 1334 5221 5083 1451 6787 4840 181 6142 5668 3495 7261 8935 8765 3286 1880 181 3862 1092 6934 1650 6698 5620 5133 1268 9928 2673 3983 7148 7612 3566 6851 895 3414 5825 5331 8218 9037 6538 9559 3210 6723 6654 2039 5316 9067 6699 4829 6448 6481 9539 1149 8682 4284 2456 1846 3910 1071 9404 9351 5960 6201 4619 2544 1437 1398 7299 4539 6204 9696 1626 4291 6593 3171 6886 6116 2582 5928 8957 3140 1151 483 8551 4240 1736 8552 909 8079 7550 1904 5767 2023 7101 1657 4591 3980 7950 9013 5608 4706 7378 4502 6973 6352 457 2084 8615 2446 3788 157 4174 5353 807 400 7943 9763 2493 1052 9345 980 989 8446 279 4305 343 8085 7375 2334 394 5986 2411 4617 9128 2376 8811 9165 781 4310 635 1227 1076 7116 1638 2596 105 9614 7664 3497 8851 9435 7430 1036 7416 586 7554 3119 540 6978 1722 572 4809 5597 5156 5001 8733 6065 4248 8192 3516 2207 2454 8759 7361 2040 7160 1407 9127 6022 4745 2866 3506 5827 9935 390 589 9426 7082 3709 1234 7010 7760 3176 5108 4055 4265 6545 9920 3368 4967 6144 2838 6734 523 9478 8958 864 8402 3226 3998 692 386 2427 9851 8579 8602 4404 9260 8709 9574 2011 8098 152 3597 7418 1428 6479 1972 3564 7818 5305 438 8616 8636 5711 6762 7221 3350 5510 9760 384 6574 6950 6959 6507 1355 3451 1225 3129 4955 9323 8974 4055 1226 945 1280 8492 6604 739 1047 5521 1514 9428 2412 2971 8487 9187 6371 3093 6536 3310 8975 9829 5668 5322 2302 3143 2373 9657 1714 5635 7307 8141 7153 8228 2346 4900 4125 6527 5725 9299 9728 4870 8558 6788 7700 2123 5308 2156 8039 3038 5772 1639 9354 3602 7841 9521 2283 7903 2127 4881 1418 9736 9063 4863 8121 6680 3146 7914 6407 1541 1566 4060 2851 7386 345 5885 2302 1746 8438 2479 5721 5384 5079 1179 312 1684 37 145 9148 7830 6129 3984 3722 4266 6842 3051 1627 1768 5512 104 6847 6902 2579 9 6966 4437 5379 2 2931 4802 2781 1065 8723 5044 5502 4881 6134 9169 4959 8428 4103 588 1165 2680 1663 1633 9347 2906 8490 7515 6054 7941 254 1823 3519 3813 3803 905 5815 5550 1055 1270 3389 7399 6837 5804 5504 9072 529 4215 3378 5226 6377 4730 1154 7246 7138 1638 931 2625 3494 9337 1250 9961 8035 7940 6032 799 6192 344 8415 9616 1932 2110 8600 3331 2672 1290 2537 5957 896 3777 3280 7027 3761 4254 1728 9431 4090 6154 5655 6608 1901 6316 5745 9126 9354 8432 5991 7175 3845 5208 8006 8152 6286 5319 5684 1243 6876 4608 3192 5389 8781 9701 2171 7823 6933 776 4268 9655 9186 4915 4281 3352 906 8383 1852 5244 2083 7077 9011 9395 36 450 7973 8871 8569 1677 3686 2688 8521 137 233 7087 5436 5886 8951 2598 241 8065 7026 486 1137 1155 8526 9103 9424 952 2712 2399 4123 8163 7662 1795 4655 6329 5893 6589 7019 6282 6159 9309 1563 6882 6721 8366 8476 6758 9681 395 8229 7144 8737 9954 8974 1172 1995 7370 1290 3600 9918 5363 9296 1115 8144 5541 3627 2950 1417 8228 3409 5981 9961 172 8047 185 7577 8956 7137 9636 7928 5381 9985 289 1106 454 6259 3163 5012 2348 9229 4344 8917 1912 6631 4936 1368 6919 4733 6751 4257 2435 146 8400 724 2177 1273 185 2553 1119 4531 8093 3860 5702 223 3580 5294 2298 9068 2378 9670 3099 1743 8144 3830 211 1063 7392 1216 7602 9552 5321 8398 8683 422 9636 5756 7908 6803 6215 9664 3815 3150 2703 7447 1911 3771 2484 4511 5493 6885 9418 6725 4428 7854 2614 2246 2541 996 8315 5760 7742 3698 7964 8417 6926 1036 774 8286 4057 1097 6725 8005 3294 6259 4353 962 7704 3138 2231 1352 272 4742 9239 6349 6015 7439 3155 7960 1079 5445 1630 4707 4621 8824 8011 2262 7743 6932 2925 925 9644 9524 2856 731 1860 5685 4610 5695 6973 8401 7548 483 1085 7418 5328 8383 6461 8658 2173 5537 8104 6074 7458 1710 1011 8511 5761 6747 7810 8709 6901 4464 9812 3275 9091 5300 1368 7605 4994 4609 4395 8997 1721 8105 5460 4763 9501 1792 5322 8713 832 1619 6608 8941 5473 5959 3106 9950 6105 7857 1047 2535 8299 4756 1131 678 5675 7189 8632 9619 6962 2461 1238 2659 2740 8284 5384 7008 8997 6247 695 9494 6914 938 4041 1343 5081 8740 7215 3162 7603 5643 1457 538 7344 3870 9697 3069 6972 9064 4903 185 1841 7930 3360 3952 6667 9832 5896 9188 5644 7047 9807 4275 1194 4818 7982 4061 5294 5385 5349 7093 6207 7721 303 917 972 1497 8950 795 9481 3610 7407 8024 1878 8719 2632 278 5439 4671 6955 6534 8203 2252 8566 9676 1094 2460 808 1079 669 159 3978 7621 6819 3311 9901 5821 5722 6260 1659 8789 2608 8103 7263 3194 5847 2103 8314 3761 4997 8766 9914 9631 582 9338 2613 4116 3934 5783 5572 7008 6811 1237 4103 6905 6734 754 920 1067 4475 3163 4610 2547 3884 6484 135 1770 2093 4354 8073 2974 4234 9221 712 2837 6070 8879 6990 9755 7030 3810 3374 6013 7202 4416 8739 3795 8667 5885 8332 2648 4396 8456 202 5665 8432 7155 1869 1547 7054 9213 4086 4782 8771 8006 8917 6269 4257 3856 6348 8364 8897 3132 8878 7315 2950 3459 9116 2079 9174 4760 97 5184 1831 3164 3830 173 3601 4473 7087 5940 2518 70 597 1516 669 7243 303 2339 8459 7345 5835 4238 8523 9457 6203 1720 2984 67 8261 7000 1123 4447 3255 1149 5727 3049 2700 4587 3085 8664 4930 4258 8854 7165 518 5976 5862 3681 7311 9933 5382 3507 4785 7045 4238 8339 2193 5586 4868 4136 5567 4819 5261 1899 9372 3487 1158 1540 2168 1339 3815 3029 224 5134 9048 5990 9979 8085 2520 5592 6772 8092 1603 4734 8255 4479 4663 2371 1684 9538 4217 5089 5515 8010 20 2193 1241 5749 1341 5516 6581 3997 8301 6695 8046 9175 7798 8736 8623 2782 3395 2598 8836 5904 4848 7124 9786 3380 49 7787 4985 4151 7531 5409 4696 5695 1578 5863 869 4251 9977 500 8670 7565 4276 4302 1044 4326 533 2436 1041 8417 9874 1307 5033 4486 4669 6622 536 8170 4678 7717 862 8890 2431 802 4645 3447 9841 3125 9832 9232 9648 6386 3604 1421 9286 9650 3158 4344 1417 8579 4987 2589 1838 4861 9537 3749 7327 6213 8290 7533 7485 4191 7491 9049 1454 5949 471 2796 6084 651 6487 9835 3354 5475 1582 8468 1814 2131 5682 1716 3480 9606 2089 5793 5451 2109 658 401 4601 6678 4918 8572 1320 4964 3510 3172 3908 6822 1765 5823 7834 8132 9269 990 5153 9229 6308 748 3176 3610 593 5029 2279 2020 8659 4437 6080 8092 5653 9038 2295 2262 7017 3573 5392
5392 3573 7017 2262 2295 9038 5653 8092 6080 4437 8659 2020 2279 5029 593 3610 3176 748 6308 9229 5153 990 9269 8132 7834 5823 1765 6822 3908 3172 3510 4964 1320 8572 4918 6678 4601 401 658 2109 5451 5793 2089 9606 3480 1716 5682 2131 1814 8468 1582 5475 3354 9835 6487 651 6084 2796 471 5949 1454 9049 7491 4191 7485 7533 8290 6213 7327 3749 9537 4861 1838 2589 4987 8579 1417 4344 3158 9650 9286 1421 3604 6386 9648 9232 9832 3125 9841 3447 4645 802 2431 8890 862 7717 4678 8170 536 6622 4669 4486 5033 1307 9874 8417 1041 2436 533 4326 1044 4302 4276 7565 8670 500 9977 4251 869 5863 1578 5695 4696 5409 7531 4151 4985 7787 49 3380 9786 7124 4848 5904 8836 2598 3395 2782 8623 8736 7798 9175 8046 6695 8301 3997 6581 5516 1341 5749 1241 2193 20 8010 5515 5089 4217 9538 1684 2371 4663 4479 8255 4734 1603 8092 6772 5592 2520 8085 9979 5990 9048 5134 224 3029 3815 1339 2168 1540 1158 3487 9372 1899 5261 4819 5567 4136 4868 5586 2193 8339 4238 7045 4785 3507 5382 9933 7311 3681 5862 5976 518 7165 8854 4258 4930 8664 3085 4587 2700 3049 5727 1149 3255 4447 1123 7000 8261 67 2984 1720 6203 9457 8523 4238 5835 7345 8459 2339 303 7243 669 1516 597 70 2518 5940 7087 4473 3601 173 3830 3164 1831 5184 97 4760 9174 2079 9116 3459 2950 7315 8878 3132 8897 8364 6348 3856 4257 6269 8917 8006 8771 4782 4086 9213 7054 1547 1869 7155 8432 5665 202 8456 4396 2648 8332 5885 8667 3795 8739 4416 7202 6013 3374 3810 7030 9755 6990 8879 6070 2837 712 9221 4234 2974 8073 4354 2093 1770 135 6484 3884 2547 4610 3163 4475 1067 920 754 6734 6905 4103 1237 6811 7008 5572 5783 3934 4116 2613 9338 582 9631 9914 8766 4997 3761 8314 2103 5847 3194 7263 8103 2608 8789 1659 6260 5722 5821 9901 3311 6819 7621 3978 159 669 1079 808 2460 1094 9676 8566 2252 8203 6534 6955 4671 5439 278 2632 8719 1878 8024 7407 3610 9481 795 8950 1497 972 917 303 7721 6207 7093 5349 5385 5294 4061 7982 4818 1194 4275 9807 7047 5644 9188 5896 9832 6667 3952 3360 7930 1841 185 4903 9064 6972 3069 9697 3870 7344 538 1457 5643 7603 3162 7215 8740 5081 1343 4041 938 6914 9494 695 6247 8997 7008 5384 8284 2740 2659 1238 2461 6962 9619 8632 7189 5675 678 1131 4756 8299 2535 1047 7857 6105 9950 3106 5959 5473 8941 6608 1619 832 8713 5322 1792 9501 4763 5460 8105 1721 8997 4395 4609 4994 7605 1368 5300 9091 3275 9812 4464 6901 8709 7810 6747 5761 8511 1011 1710 7458 6074 8104 5537 2173 8658 6461 8383 5328 7418 1085 483 7548 8401 6973 5695 4610 5685 1860 731 2856 9524 9644 925 2925 6932 7743 2262 8011 8824 4621 4707 1630 5445 1079 7960 3155 7439 6015 6349 9239 4742 272 1352 2231 3138 7704 962 4353 6259 3294 8005 6725 1097 4057 8286 774 1036 6926 8417 7964 3698 7742 5760 8315 996 2541 2246 2614 7854 4428 6725 9418 6885 5493 4511 2484 3771 1911 7447 2703 3150 3815 9664 6215 6803 7908 5756 9636 422 8683 8398 5321 9552 7602 1216 7392 1063 211 3830 8144 1743 3099 9670 2378 9068 2298 5294 3580 223 5702 3860 8093 4531 1119 2553 185 1273 2177 724 8400 146 2435 4257 6751 4733 6919 1368 4936 6631 1912 8917 4344 9229 2348 5012 3163 6259 454 1106 289 9985 5381 7928 9636 7137 8956 7577 185 8047 172 9961 5981 3409 8228 1417 2950 3627 5541 8144 1115 9296 5363 9918 3600 1290 7370 1995 1172 8974 9954 8737 7144 8229 395 9681 6758 8476 8366 6721 6882 1563 9309 6159 6282 7019 6589 5893 6329 4655 1795 7662 8163 4123 2399 2712 952 9424 9103 8526 1155 1137 486 7026 8065 241 2598 8951 5886 5436 7087 233 137 8521 2688 3686 1677 8569 8871 7973 450 36 9395 9011 7077 2083 5244 1852 8383 906 3352 4281 4915 9186 9655 4268 776 6933 7823 2171 9701 8781 5389 3192 4608 6876 1243 5684 5319 6286 8152 8006 5208 3845 7175 5991 8432 9354 9126 5745 6316 1901 6608 5655 6154 4090 9431 1728 4254 3761 7027 3280 3777 896 5957 2537 1290 2672 3331 8600 2110 1932 9616 8415 344 6192 799 6032 7940 8035 9961 1250 9337 3494 2625 931 1638 7138 7246 1154 4730 6377 5226 3378 4215 529 9072 5504 5804 6837 7399 3389 1270 1055 5550 5815 905 3803 3813 3519 1823 254 7941 6054 7515 8490 2906 9347 1633 1663 2680 1165 588 4103 8428 4959 9169 6134 4881 5502 5044 8723 1065 2781 4802 2931 2 5379 4437 6966 9 2579 6902 6847 104 5512 1768 1627 3051 6842 4266 3722 3984 6129 7830 9148 145 37 1684 312 1179 5079 5384 5721 2479 8438 1746 2302 5885 345 7386 2851 4060 1566 1541 6407 7914 3146 6680 8121 4863 9063 9736 1418 4881 2127 7903 2283 9521 7841 3602 9354 1639 5772 3038 8039 2156 5308 2123 7700 6788 8558 4870 9728 9299 5725 6527 4125 4900 2346 8228 7153 8141 7307 5635 1714 9657 2373 3143 2302 5322 5668 9829 8975 3310 6536 3093 6371 9187 8487 2971 2412 9428 1514 5521 1047 739 6604 8492 1280 945 1226 4055 8974 9323 4955 3129 1225 3451 1355 6507 6959 6950 6574 384 9760 5510 3350 7221 6762 5711 8636 8616 438 5305 7818 3564 1972 6479 1428 7418 3597 152 8098 2011 9574 8709 9260 4404 8602 8579 9851 2427 386 692 3998 3226 8402 864 8958 9478 523 6734 2838 6144 4967 3368 9920 6545 4265 4055 5108 3176 7760 7010 1234 3709 7082 9426 589 390 9935 5827 3506 2866 4745 6022 9127 1407 7160 2040 7361 8759 2454 2207 3516 8192 4248 6065 8733 5001 5156 5597 4809 572 1722 6978 540 3119 7554 586 7416 1036 7430 9435 8851 3497 7664 9614 105 2596 1638 7116 1076 1227 635 4310 781 9165 8811 2376 9128 4617 2411 5986 394 2334 7375 8085 343 4305 279 8446 989 980 9345 1052 2493 9763 7943 400 807 5353 4174 157 3788 2446 8615 2084 457 6352 6973 4502 7378 4706 5608 9013 7950 3980 4591 1657 7101 2023 5767 1904 7550 8079 909 8552 1736 4240 8551 483 1151 3140 8957 5928 2582 6116 6886 3171 6593 4291 1626 9696 6204 4539 7299 1398 1437 2544 4619 6201 5960 9351 9404 1071 3910 1846 2456 4284 8682 1149 9539 6481 6448 4829 6699 9067 5316 2039 6654 6723 3210 9559 6538 9037 8218 5331 5825 3414 895 6851 3566 7612 7148 3983 2673 9928 1268 5133 5620 6698 1650 6934 1092 3862 181 1880 3286 8765 8935 7261 3495 5668 6142 181 4840 6787 1451 5083 5221 1334 4787 9013 8719 6476 1356 4358 3888 2075 6363 6888 4504 1413 6094 4482 3532 1944 5771 9956 6689 2184 7758 4419 9045 9510 8140 3681 3457 3501 4204 1126 5177 2249 115 2420 2548 2618 3956 7770 1832 3282 808 20 2410 8426 3167 6984 3373 9327 4728 1118 35 4758 389 4516 6610 5949 1282 9836 4342 9584 1201 2144 3254 1377 3379 4164 196 8541 29 8992 7244 4389 491 1876 2148 9011 5368 8804 2248 1169 4397 5177 315 1604 1807 6741 2224 1200 9197 462 8438 5500 1536 9899 3617 8234 7493 4480 6659 1558 9116 3259 3101 7575 8966 1583 3982 2616 9690 1140 8767 8425 2989 2564 7512 137 9806 9772 6942 6 7108 1368 6516 295 8432 8701 2398 6893 8029 9460 378 4730 952 5005 9679 2207 7317 843 1242 7267 4970 6321 2595 7218 1701 1498 6373 1906 7073 2946 3587 7372 7987 3743 640 5618 1609 1403 4485 24 3025 4554 1317 8685 6978 3428 4367 6040 1878 6615 868 4218 2092 2770 943 8527 9335 8812 3377 4225 6528 3811 5636 8428 7219 5249 7623 9663 9099 2968 9214 2651 6453 1947 4763 1107 6380 7160 8587 1860 5197 2177 2486 2824 5492 3056 3807 9083 164 8947 8313 7911 6541 9580 6648 3560 2188 4471 1757 3605 1768 7556 2270 5930 6982 5829 8388 5273 1539 5423 8779 3045 4449 1278 13 1161 678 3048 3734 8074 6 3112 6142 233 5513 4002 304 2447 9681 3348 5743 1213 3247 3774 7596 724 1141 1884 1072 3054 1031 8778 5871 3344 4997 8671 9324 6390 8458 1003 9830 6332 1731 7776 1214 6573 7788 3317 5148 4337 7375 9687 6008 176 1734 3090 1063 4524 1178 1885 4924 4817 3188 7219 6483 5810 5745 4550 4638 2876 6897 551 8401 8987 1350 3456 5252 9964 9095 6004 2421 8709 925 4095 8357 3651 7170 2214 2952 9677 343 528 5112 1218 9264 7733 7405 5689 212 99 1896 7502 9954 5068 1099 7695 9886 6471 2277 8518 3466 144 7871 7293 304 6624 6059 3364 4869 3479 4121 6202 2118 1308 6887 69 1504 845 7691 3366 1522 8986 3983 653 5101 9914 2812 3049 6421 9232 5447 4284 8072 5401 476 8831 9750 8559 1416 4276 3253 3757 7123 3312 1108 3006 225 4460 4254 1918 5358 6479 5877 6964 3235 8760 2497 329 3882 6059 8048 4856 7175 9123 8222 9440 576 4879 8812 6625 4201 7162 5660 5390 8845 1063 7579 8311 9464 6549 8872 55 6283 799 7639 7193 9890 6331 2379 7905 5180 764 1648 4606 5216 3651 3776 3784 3621 1050 8460 1418 5439 5660 5711 9529 1184 8069 377 5578 9162 5363 592 8238 9507 8101 8631 2579 4797 9998 8851 3141 8250 6422 5315 8379 9595 8123 8721 5829 115 2800 3071 9428 4552 3876 745 7555 8943 2216 6768 23 3167 2241 9081 7258 8527 5654 2747 9746 5661 9129 2247 6868 6934 8913 1072 7920 679 1854 8720 7046 1363 9094 9724 4075 12 3798 5548 4197 7107 6751 6594 3176 5057 5763 6272 6345 4119 8713 9777 6894 3373 3668 6115 8457 1183 5458 3467 1942 4779 2914 5197 1601 1509 1696 7543 8071 6518 3164 9050 8276 5587 4866 8723 903 4112 1644 4292 3869 9188 2987 9845 2412 9315 2028 6134 7663 3520 7928 9432 2389 3140 8271 5897 2438 2496 4291 9727 1309 8222 8685 8963 1120 4264 7908 1703 170 2722 7062 5380 157 5205 9876 9708 7398 1104 7914 542 7800 5443 4942 1387 1606 8969 9260 7155 603 5083 1986 5627 4576 1347 7503 3871 3281 8387 5111 8028 8323 5809 1510 9630 5409 4647 8306 251 9806 3864 7408 813 4416 8559 40 5289 7780 4600 2302 589 244 3132 3574 8615 7195 1804 3815 5183 7528 1900 3867 4783 4282 6425 2432 8027 9690 7195 7279 6629 5358 2105 2206 3005 9421 2980 6064 4471 4742 9485 7216 5854 1532 7649 1982 8617 4931 1502 9640 9879 9199 8685 3132 5257 3568 5080 7558 2234 1630 3154 7743 7118 4962 9849 1769 4017 5535 351 2661 2289 4261 5414 8774 4285 993 7877 4942 1175 2268 1723 5220 2052 3015 350 5605 6972 9626 7904 9658 5430 2420 2472 7816 7996 6026 9298 7751 2354 1917 6487 7653 2667 4350 2747 5128 2277 2691 8713 7146 3442 5580 54 8848 3860 2170 5739 8807 7893 6188 6645 9215 3123 5148 667 6085 3124 1859 6705 4236 598 2946 7159 6647 1744 5203 5872 8904 9300 3835 7086 6411 8407 1159 3779 2003 3298 1621 9322 2925 4081 717 8921 2349 2964 6616 4636 8442 2397 4526 5955 5217 4882 6191 9084 9476 6390 3731 6929 4711 2557 4138 1341 9184 8879 2012 4735 4518 194 1593 2088 1861 129 912 3402 4712 5329 5278 3841 3580 7834 6918 1662 4932 6771 8620 9690 9832 424 5466 807 3963 4151 9219 9046 6400 3343 6392 2240 8460 8926 3157 3330 9558 44 3950 5831 7033 6846 3204 9568 6908 5233 9696 3347 6521 5735 7538 5622 911 4873 8452 9059 7704 6688 2574 8372 7509 9236 2476 5148 8171 2749 1934 3066 1068 2226 5118 488 1483 1611 3492 6981 4025 3733 9108 7364 1556 5902 6382 1235 6119 569 2396 3304 6481 461 1970 2552 442 2896 9093 757 140 320 9306 6856 7515 2433 956 6989 2022 1639 7113 8285 1150 5562 8987 3971 6640 8684 2140 124 4148 4004 8888 5210 2471 1487 6623 6089 8374 2534 9342 9830 5831 4470 3792 2293 3985 9645 7765 4242 8816 7389 9422 1998 8926 6320 2608 6646 1374 5127 7305 8310 3066 5897 8093 9568 2282 5854 1174 7718 7535 286 7241 7090 781 1611 6440 403 2716 3600 5614 6365 8260 9760 2524 1084 4440 7530 5875 7664 1714 7372 854 4550 794 5633 9247 7271 1927 2709 5937 9369 5230 7421 2476 7565 8319 4954 6598 4520 256 1733 6265 8291 7249 3896 1153 894 3041 8512 6484 7617 4722 6821 247 8865 8373 498 1112 6880 6463 2264 6641 2581 8096 6786 243 244 3277 4232 1469 730 3064 2454 1490 9558 9174 5979 1090 8502 4111 4094 2923 7789 2255 1648 7077 2431 8453 9362 894 3142 3843 9592 8176 5773 4236 1981 760 9760 4500 6692 3013 256 6037 746 2382 4239 5296 492 6725 5852 4456 9192 5167 787 8652 3531 9013 3401 4180 4007 4581 7458 9414 573 6802 1496 7580 4228 5826 1976 3836 7484 1587 2656 5520 6594 937 4098 5820 4590 6664 2705 4410 7846 5568 4776 451 3963 345 1929 2526 8880 939 2720 2707 6626 9436 2564 6092 9970 5784 6888 57 2131 8197 1678 6118 5486 6198 1431 8066 5963 5442 7130 3544 8504 4637 7212 424 8708 4791 2947 7386 4756 5291 2977 4991 6492 787 5554 6071 6414 2173 4383 7212 51 9507 8942 3646 6250 7593 1431 7776 6968 7379 9440 2972 4974 1283 1710 6406 9425 9264 2430 7523 8542 7623 240 944 3935 1499 4242 5411 3441 5853 607 6199 3340 5020 1475 3987 8269 7907 9268 5166 8813 3910 8216 64 6329 6859 3921 3853 9478 9096 2715 2138 3974 5949 2339 7801 1957 2395 6854 8855 9201 5355 3308 6324 9864 3203 6845 1262
