NOT_FOUND
589
4249
NOT_FOUND
589
NOT_FOUND
NOT_FOUND
591
591
7226
6190
7982
NOT_FOUND
1207
302
8365
587
587
4172
587
9343
5734
NOT_FOUND
4921
9690
584
588
NOT_FOUND
8031
549
NOT_FOUND
NOT_FOUND
2056
9792
9330
586
1171
NOT_FOUND
NOT_FOUND
588
2075
418
NOT_FOUND
590
5834
8105
591
591
1781
592
NOT_FOUND
6535
4297
NOT_FOUND
NOT_FOUND
NOT_FOUND
NOT_FOUND
593
NOT_FOUND
7576
6478
593
3866
8724
594
596
596
2775
NOT_FOUND
NOT_FOUND
572
8432
595
596
5490
2266
595
595
8874
2654
941
3709
6966
1886
6218
NOT_FOUND
591
591
NOT_FOUND
1121
NOT_FOUND
1933
8091
589
589
4542
9435
187
412
NOT_FOUND
NOT_FOUND
6529
7978
125
590
8021
1854
588
7552
9228
576
847
NOT_FOUND
450
5225
NOT_FOUND
3542
NOT_FOUND
5596
3424
NOT_FOUND
589
1767
589
5102
588
6517
NOT_FOUND
588
NOT_FOUND
4625
588
NOT_FOUND
6650
8894
7556
6674
4402
5881
NOT_FOUND
5310
2170
NOT_FOUND
584
NOT_FOUND
1719
9348
NOT_FOUND
169
586
3892
585
5105
4727
NOT_FOUND
NOT_FOUND
586
2320
6781
NOT_FOUND
587
3003
2813
5861
NOT_FOUND
2746
586
588
9938
589
NOT_FOUND
592
162
827
7477
NOT_FOUND
7362
594
267
9912
NOT_FOUND
3467
NOT_FOUND
6615
6129
1221
NOT_FOUND
NOT_FOUND
596
2717
NOT_FOUND
777
594
NOT_FOUND
594
1754
593
9245
NOT_FOUND
2741
694
8637
592
593
4866
NOT_FOUND
NOT_FOUND
9215
597
598
5709
5243
600
8563
5154
NOT_FOUND
4137
NOT_FOUND
NOT_FOUND
603
3617
9698
NOT_FOUND
8533
NOT_FOUND
8184
NOT_FOUND
610
5316
NOT_FOUND
3265
609
9185
189
4112
3927
1960
NOT_FOUND
NOT_FOUND
NOT_FOUND
4936
NOT_FOUND
1329
2691
NOT_FOUND
NOT_FOUND
5779
610
NOT_FOUND
1588
1413
267
613
NOT_FOUND
6635
612
612
340
3049
272
NOT_FOUND
613
613
5889
9824
907
610
NOT_FOUND
NOT_FOUND
3826
NOT_FOUND
613
614
NOT_FOUND
NOT_FOUND
617
270
2908
6693
2860
618
618
618
6492
2293
2700
2681
615
7312
614
8903
9122
1930
NOT_FOUND
6914
623
3823
6729
4704
613
7007
612
2237
612
NOT_FOUND
613
8147
3954
613
617
1820
618
7942
3253
7814
5628
9787
NOT_FOUND
NOT_FOUND
NOT_FOUND
617
NOT_FOUND
8799
6715
615
NOT_FOUND
3330
NOT_FOUND
3555
4624
8171
NOT_FOUND
5074
NOT_FOUND
NOT_FOUND
612
612
4839
NOT_FOUND
NOT_FOUND
NOT_FOUND
NOT_FOUND
613
2975
9149
6909
3444
7886
609
609
610
NOT_FOUND
2528
9611
NOT_FOUND
7562
NOT_FOUND
NOT_FOUND
NOT_FOUND
3748
7855
NOT_FOUND
NOT_FOUND
4845
8478
613
613
NOT_FOUND
9912
NOT_FOUND
2180
2110
612
370
612
613
3872
NOT_FOUND
613
5499
3600
7211 2724 5164 5040 3544 4280 1065 2227 7730 3678 842 2913 7625 9243 1276 2378 6973 5659 2694 7540 956 9116 8583 8760 705 2526 8180 5043 184 2265 6573 3156 8289 5603 7094 8835 4735 3002 4181 4087 7635 1587 6319 8561 3383 1098 7893 4712 7133 3881 8998 5457 6627 725 1305 3495 388 726 1702 4543 6137 9630 2779 1167 232 6061 3284 944 2569 7871 3317 3989 3457 8034 9476 3511 9640 1392 8236 4539 4711 2574 7332 9051 7964 4596 7064 6028 2767 5730 3865 5528 6876 4625 1724 1929 4058 3725 6577 1283 1134 6820 4619 5061 8220 478 1882 520 948 1630 5003 3742 1007 2121 4731 6640 5468 6721 2529 7483 4766 9452 7390 4383 9533 4098 4233 6711 6113 8038 6802 6604 162 8378 156 7116 5730 3839 3359 7121 2406 9226 4179 5659 5704 6429 689 2037 800 1881 526 1384 7549 255 4988 7340 7953 8215 1786 516 1845 1036 4679 2060 8958 1667 6338 424 4608 6218 3887 8231 5436 4603 8347 614 9988 7356 7090 7981 4777 2815 7907 6941 1463 528 3547 3493 8017 3374 9710 2926 8540 6811 3128 1354 2376 9285 7347 6326 3339 7862 7773 6104 8179 8825 2020 4103 5673 1798 5046 4244 5406 1653 9125 1442 7124 1859 5109 8841 2258 7457 1905 42 7464 3176 6270 7118 5957 4820 9134 9580 8183 2757 6118 8641 1991 6498 8124 2507 1818 7274 2269 3709 1437 8970 3136 4233 4479 3161 1210 3558 3232 5104 9048 6601 2208 3249 5316 8545 6876 5970 3017 7009 3992 2023 2991 9410 8382 6546 8291 3065 1825 7940 8433 5928 6969 2980 1393 4135 3018 1446 5533 4931 5341 9977 2252 1733 2401 8534 9894 518 5892 9708 7243 9129 7132 8511 9609 1898 5939 8421 6673 5077 6114 9082 1863 1900 5158 865 2713 1338 1153 6486 2319 3323 7188 2371 789 401 6833 1995 4834 551 7490 7287 830 7287 3950 3152 1946 6808 8946 373 9669 4891 1126 7672 6889 4517 5789 5768 7522 6181 7491 3751 2643 522 2784 7573 1617 8204 2285 5109 9361 7901 6445 9457 6259 4706 351 7609 3431 2144 6515 6843 4202 459 9281 9861 1876 2130 2124 8250 4464 2413 7435 9004 9494 9030 1542 6295 3066 1154 4375 8620 1201 1013 4412 9891 8067 3938 7354 1163 1624 7456 7464 5419 3618 9750 6029 9245 6674 8096 9314 2266 4530 5222 2827 6735 5346 531 599 5186 4192 6512 2384 1724 7747 4272 5878 823 511 1348 5179 61 2767 6241 8805 8045 5403 3390 1380 5319 3144 7437 6935 110 3596 9541 8076 9640 2689 2880 36 669 8308 7057 4485 7145 1739 4504 1310 9716 186 2611 2286 8481 8186 9893 7462 3943 7232 3203 4148 1172 7882 8294 5123 6326 118 5932 8796 8417 494 6825 1909 8141 8950 4904 1639 6188 4344 424 6817 7037 4850 1946 459 1076 2614 9687 3833 8330 967 9319 5537 2013 7333 1365 790 1849 6996 832 8700 5160 8439 5819 4212 7300 429 8987 7 6048 2787 4215 6605 2694 4710 6226 1733 7179 6377 2519 4984 5645 4257 845 2519 7620 5123 1561 6871 4676 770 3808 5190 6668 1897 5441 7056 1613 1482 4349 3899 1006 2852 5121 1479 9587 3939 9984 1137 1989 7480 8401 4678 2847 3988 6247 7236 8409 3477 6099 1470 7984 6393 8691 6751 4529 3519 864 3649 4444 3216 5810 8580 974 2892 345 1534 1950 3936 1620 4631 9296 9672 124 4175 733 3454 3153 6597 4239 5742 5779 3087 9197 4675 2438 4634 2706 445 399 314 9454 7264 6822 5680 8115 8239 9748 5066 9236
9236 5066 9748 8239 8115 5680 6822 7264 9454 314 399 445 2706 4634 2438 4675 9197 3087 5779 5742 4239 6597 3153 3454 733 4175 124 9672 9296 4631 1620 3936 1950 1534 345 2892 974 8580 5810 3216 4444 3649 864 3519 4529 6751 8691 6393 7984 1470 6099 3477 8409 7236 6247 3988 2847 4678 8401 7480 1989 1137 9984 3939 9587 1479 5121 2852 1006 3899 4349 1482 1613 7056 5441 1897 6668 5190 3808 770 4676 6871 1561 5123 7620 2519 845 4257 5645 4984 2519 6377 7179 1733 6226 4710 2694 6605 4215 2787 6048 7 8987 429 7300 4212 5819 8439 5160 8700 832 6996 1849 790 1365 7333 2013 5537 9319 967 8330 3833 9687 2614 1076 459 1946 4850 7037 6817 424 4344 6188 1639 4904 8950 8141 1909 6825 494 8417 8796 5932 118 6326 5123 8294 7882 1172 4148 3203 7232 3943 7462 9893 8186 8481 2286 2611 186 9716 1310 4504 1739 7145 4485 7057 8308 669 36 2880 2689 9640 8076 9541 3596 110 6935 7437 3144 5319 1380 3390 5403 8045 8805 6241 2767 61 5179 1348 511 823 5878 4272 7747 1724 2384 6512 4192 5186 599 531 5346 6735 2827 5222 4530 2266 9314 8096 6674 9245 6029 9750 3618 5419 7464 7456 1624 1163 7354 3938 8067 9891 4412 1013 1201 8620 4375 1154 3066 6295 1542 9030 9494 9004 7435 2413 4464 8250 2124 2130 1876 9861 9281 459 4202 6843 6515 2144 3431 7609 351 4706 6259 9457 6445 7901 9361 5109 2285 8204 1617 7573 2784 522 2643 3751 7491 6181 7522 5768 5789 4517 6889 7672 1126 4891 9669 373 8946 6808 1946 3152 3950 7287 830 7287 7490 551 4834 1995 6833 401 789 2371 7188 3323 2319 6486 1153 1338 2713 865 5158 1900 1863 9082 6114 5077 6673 8421 5939 1898 9609 8511 7132 9129 7243 9708 5892 518 9894 8534 2401 1733 2252 9977 5341 4931 5533 1446 3018 4135 1393 2980 6969 5928 8433 7940 1825 3065 8291 6546 8382 9410 2991 2023 3992 7009 3017 5970 6876 8545 5316 3249 2208 6601 9048 5104 3232 3558 1210 3161 4479 4233 3136 8970 1437 3709 2269 7274 1818 2507 8124 6498 1991 8641 6118 2757 8183 9580 9134 4820 5957 7118 6270 3176 7464 42 1905 7457 2258 8841 5109 1859 7124 1442 9125 1653 5406 4244 5046 1798 5673 4103 2020 8825 8179 6104 7773 7862 3339 6326 7347 9285 2376 1354 3128 6811 8540 2926 9710 3374 8017 3493 3547 528 1463 6941 7907 2815 4777 7981 7090 7356 9988 614 8347 4603 5436 8231 3887 6218 4608 424 6338 1667 8958 2060 4679 1036 1845 516 1786 8215 7953 7340 4988 255 7549 1384 526 1881 800 2037 689 6429 5704 5659 4179 9226 2406 7121 3359 3839 5730 7116 156 8378 162 6604 6802 8038 6113 6711 4233 4098 9533 4383 7390 9452 4766 7483 2529 6721 5468 6640 4731 2121 1007 3742 5003 1630 948 520 1882 478 8220 5061 4619 6820 1134 1283 6577 3725 4058 1929 1724 4625 6876 5528 3865 5730 2767 6028 7064 4596 7964 9051 7332 2574 4711 4539 8236 1392 9640 3511 9476 8034 3457 3989 3317 7871 2569 944 3284 6061 232 1167 2779 9630 6137 4543 1702 726 388 3495 1305 725 6627 5457 8998 3881 7133 4712 7893 1098 3383 8561 6319 1587 7635 4087 4181 3002 4735 8835 7094 5603 8289 3156 6573 2265 184 5043 8180 2526 705 8760 8583 9116 956 7540 2694 5659 6973 2378 1276 9243 7625 2913 842 3678 7730 2227 1065 4280 3544 5040 5164 2724 7211
7211 2724 5164 5040 3544 4280 1065 2227 7730 3678 842 2913 7625 9243 1276 2378 6973 5659 2694 7540 956 9116 8583 8760 705 2526 8180 5043 184 2265 6573 3156 8289 5603 7094 8835 4735 3002 4181 4087 7635 1587 6319 8561 3383 1098 7893 4712 7133 3881 8998 5457 6627 725 1305 3495 388 726 1702 4543 6137 9630 2779 1167 232 6061 3284 944 2569 7871 3317 3989 3457 8034 9476 3511 9640 1392 8236 4539 4711 2574 7332 9051 7964 4596 7064 6028 2767 5730 3865 5528 6876 4625 1724 1929 4058 3725 6577 1283 1134 6820 4619 5061 8220 478 1882 520 948 1630 5003 3742 1007 2121 4731 6640 5468 6721 2529 7483 4766 9452 7390 4383 9533 4098 4233 6711 6113 8038 6802 6604 162 8378 156 7116 5730 3839 3359 7121 2406 9226 4179 5659 5704 6429 689 2037 800 1881 526 1384 7549 255 4988 7340 7953 8215 1786 516 1845 1036 4679 2060 8958 1667 6338 424 4608 6218 3887 8231 5436 4603 8347 614 9988 7356 7090 7981 4777 2815 7907 6941 1463 528 3547 3493 8017 3374 9710 2926 8540 6811 3128 1354 2376 9285 7347 6326 3339 7862 7773 6104 8179 8825 2020 4103 5673 1798 5046 4244 5406 1653 9125 1442 7124 1859 5109 8841 2258 7457 1905 42 7464 3176 6270 7118 5957 4820 9134 9580 8183 2757 6118 8641 1991 6498 8124 2507 1818 7274 2269 3709 1437 8970 3136 4233 4479 3161 1210 3558 3232 5104 9048 6601 2208 3249 5316 8545 6876 5970 3017 7009 3992 2023 2991 9410 8382 6546 8291 3065 1825 7940 8433 5928 6969 2980 1393 4135 3018 1446 5533 4931 5341 9977 2252 1733 2401 8534 9894 518 5892 9708 7243 9129 7132 8511 9609 1898 5939 8421 6673 5077 6114 9082 1863 1900 5158 865 2713 1338 1153 6486 2319 3323 7188 2371 789 401 6833 1995 4834 551 7490 7287 830 7287 3950 3152 1946 6808 8946 373 9669 4891 1126 7672 6889 4517 5789 5768 7522 6181 7491 3751 2643 522 2784 7573 1617 8204 2285 5109 9361 7901 6445 9457 6259 4706 351 7609 3431 2144 6515 6843 4202 459 9281 9861 1876 2130 2124 8250 4464 2413 7435 9004 9494 9030 1542 6295 3066 1154 4375 8620 1201 1013 4412 9891 8067 3938 7354 1163 1624 7456 7464 5419 3618 9750 6029 9245 6674 8096 9314 2266 4530 5222 2827 6735 5346 531 599 5186 4192 6512 2384 1724 7747 4272 5878 823 511 1348 5179 61 2767 6241 8805 8045 5403 3390 1380 5319 3144 7437 6935 110 3596 9541 8076 9640 2689 2880 36 669 8308 7057 4485 7145 1739 4504 1310 9716 186 2611 2286 8481 8186 9893 7462 3943 7232 3203 4148 1172 7882 8294 5123 6326 118 5932 8796 8417 494 6825 1909 8141 8950 4904 1639 6188 4344 424 6817 7037 4850 1946 459 1076 2614 9687 3833 8330 967 9319 5537 2013 7333 1365 790 1849 6996 832 8700 5160 8439 5819 4212 7300 429 8987 7 6048 2787 4215 6605 2694 4710 6226 1733 7179 6377 2519 4984 5645 4257 845 2519 7620 5123 1561 6871 4676 770 3808 5190 6668 1897 5441 7056 1613 1482 4349 3899 1006 2852 5121 1479 9587 3939 9984 1137 1989 7480 8401 4678 2847 3988 6247 7236 8409 3477 6099 1470 7984 6393 8691 6751 4529 3519 864 3649 4444 3216 5810 8580 974 2892 345 1534 1950 3936 1620 4631 9296 9672 124 4175 733 3454 3153 6597 4239 5742 5779 3087 9197 4675 2438 4634 2706 445 399 314 9454 7264 6822 5680 8115 8239 9748 5066 9236
9236 5066 9748 8239 8115 5680 6822 7264 9454 314 399 445 2706 4634 2438 4675 9197 3087 5779 5742 4239 6597 3153 3454 733 4175 124 9672 9296 4631 1620 3936 1950 1534 345 2892 974 8580 5810 3216 4444 3649 864 3519 4529 6751 8691 6393 7984 1470 6099 3477 8409 7236 6247 3988 2847 4678 8401 7480 1989 1137 9984 3939 9587 1479 5121 2852 1006 3899 4349 1482 1613 7056 5441 1897 6668 5190 3808 770 4676 6871 1561 5123 7620 2519 845 4257 5645 4984 2519 6377 7179 1733 6226 4710 2694 6605 4215 2787 6048 7 8987 429 7300 4212 5819 8439 5160 8700 832 6996 1849 790 1365 7333 2013 5537 9319 967 8330 3833 9687 2614 1076 459 1946 4850 7037 6817 424 4344 6188 1639 4904 8950 8141 1909 6825 494 8417 8796 5932 118 6326 5123 8294 7882 1172 4148 3203 7232 3943 7462 9893 8186 8481 2286 2611 186 9716 1310 4504 1739 7145 4485 7057 8308 669 36 2880 2689 9640 8076 9541 3596 110 6935 7437 3144 5319 1380 3390 5403 8045 8805 6241 2767 61 5179 1348 511 823 5878 4272 7747 1724 2384 6512 4192 5186 599 531 5346 6735 2827 5222 4530 2266 9314 8096 6674 9245 6029 9750 3618 5419 7464 7456 1624 1163 7354 3938 8067 9891 4412 1013 1201 8620 4375 1154 3066 6295 1542 9030 9494 9004 7435 2413 4464 8250 2124 2130 1876 9861 9281 459 4202 6843 6515 2144 3431 7609 351 4706 6259 9457 6445 7901 9361 5109 2285 8204 1617 7573 2784 522 2643 3751 7491 6181 7522 5768 5789 4517 6889 7672 1126 4891 9669 373 8946 6808 1946 3152 3950 7287 830 7287 7490 551 4834 1995 6833 401 789 2371 7188 3323 2319 6486 1153 1338 2713 865 5158 1900 1863 9082 6114 5077 6673 8421 5939 1898 9609 8511 7132 9129 7243 9708 5892 518 9894 8534 2401 1733 2252 9977 5341 4931 5533 1446 3018 4135 1393 2980 6969 5928 8433 7940 1825 3065 8291 6546 8382 9410 2991 2023 3992 7009 3017 5970 6876 8545 5316 3249 2208 6601 9048 5104 3232 3558 1210 3161 4479 4233 3136 8970 1437 3709 2269 7274 1818 2507 8124 6498 1991 8641 6118 2757 8183 9580 9134 4820 5957 7118 6270 3176 7464 42 1905 7457 2258 8841 5109 1859 7124 1442 9125 1653 5406 4244 5046 1798 5673 4103 2020 8825 8179 6104 7773 7862 3339 6326 7347 9285 2376 1354 3128 6811 8540 2926 9710 3374 8017 3493 3547 528 1463 6941 7907 2815 4777 7981 7090 7356 9988 614 8347 4603 5436 8231 3887 6218 4608 424 6338 1667 8958 2060 4679 1036 1845 516 1786 8215 7953 7340 4988 255 7549 1384 526 1881 800 2037 689 6429 5704 5659 4179 9226 2406 7121 3359 3839 5730 7116 156 8378 162 6604 6802 8038 6113 6711 4233 4098 9533 4383 7390 9452 4766 7483 2529 6721 5468 6640 4731 2121 1007 3742 5003 1630 948 520 1882 478 8220 5061 4619 6820 1134 1283 6577 3725 4058 1929 1724 4625 6876 5528 3865 5730 2767 6028 7064 4596 7964 9051 7332 2574 4711 4539 8236 1392 9640 3511 9476 8034 3457 3989 3317 7871 2569 944 3284 6061 232 1167 2779 9630 6137 4543 1702 726 388 3495 1305 725 6627 5457 8998 3881 7133 4712 7893 1098 3383 8561 6319 1587 7635 4087 4181 3002 4735 8835 7094 5603 8289 3156 6573 2265 184 5043 8180 2526 705 8760 8583 9116 956 7540 2694 5659 6973 2378 1276 9243 7625 2913 842 3678 7730 2227 1065 4280 3544 5040 5164 2724 7211
9236 5066 9748 8239 8115 5680 6822 7264 9454 314 399 445 2706 4634 2438 4675 9197 3087 5779 5742 4239 6597 3153 3454 733 4175 124 9672 9296 4631 1620 3936 1950 1534 345 2892 974 8580 5810 3216 4444 3649 864 3519 4529 6751 8691 6393 7984 1470 6099 3477 8409 7236 6247 3988 2847 4678 8401 7480 1989 1137 9984 3939 9587 1479 5121 2852 1006 3899 4349 1482 1613 7056 5441 1897 6668 5190 3808 770 4676 6871 1561 5123 7620 2519 845 4257 5645 4984 2519 6377 7179 1733 6226 4710 2694 6605 4215 2787 6048 7 8987 429 7300 4212 5819 8439 5160 8700 832 6996 1849 790 1365 7333 2013 5537 9319 967 8330 3833 9687 2614 1076 459 1946 4850 7037 6817 424 4344 6188 1639 4904 8950 8141 1909 6825 494 8417 8796 5932 118 6326 5123 8294 7882 1172 4148 3203 7232 3943 7462 9893 8186 8481 2286 2611 186 9716 1310 4504 1739 7145 4485 7057 8308 669 36 2880 2689 9640 8076 9541 3596 110 6935 7437 3144 5319 1380 3390 5403 8045 8805 6241 2767 61 5179 1348 511 823 5878 4272 7747 1724 2384 6512 4192 5186 599 531 5346 6735 2827 5222 4530 2266 9314 8096 6674 9245 6029 9750 3618 5419 7464 7456 1624 1163 7354 3938 8067 9891 4412 1013 1201 8620 4375 1154 3066 6295 1542 9030 9494 9004 7435 2413 4464 8250 2124 2130 1876 9861 9281 459 4202 6843 6515 2144 3431 7609 351 4706 6259 9457 6445 7901 9361 5109 2285 8204 1617 7573 2784 522 2643 3751 7491 6181 7522 5768 5789 4517 6889 7672 1126 4891 9669 373 8946 6808 1946 3152 3950 7287 830 7287 7490 551 4834 1995 6833 401 789 2371 7188 3323 2319 6486 1153 1338 2713 865 5158 1900 1863 9082 6114 5077 6673 8421 5939 1898 9609 8511 7132 9129 7243 9708 5892 518 9894 8534 2401 1733 2252 9977 5341 4931 5533 1446 3018 4135 1393 2980 6969 5928 8433 7940 1825 3065 8291 6546 8382 9410 2991 2023 3992 7009 3017 5970 6876 8545 5316 3249 2208 6601 9048 5104 3232 3558 1210 3161 4479 4233 3136 8970 1437 3709 2269 7274 1818 2507 8124 6498 1991 8641 6118 2757 8183 9580 9134 4820 5957 7118 6270 3176 7464 42 1905 7457 2258 8841 5109 1859 7124 1442 9125 1653 5406 4244 5046 1798 5673 4103 2020 8825 8179 6104 7773 7862 3339 6326 7347 9285 2376 1354 3128 6811 8540 2926 9710 3374 8017 3493 3547 528 1463 6941 7907 2815 4777 7981 7090 7356 9988 614 8347 4603 5436 8231 3887 6218 4608 424 6338 1667 8958 2060 4679 1036 1845 516 1786 8215 7953 7340 4988 255 7549 1384 526 1881 800 2037 689 6429 5704 5659 4179 9226 2406 7121 3359 3839 5730 7116 156 8378 162 6604 6802 8038 6113 6711 4233 4098 9533 4383 7390 9452 4766 7483 2529 6721 5468 6640 4731 2121 1007 3742 5003 1630 948 520 1882 478 8220 5061 4619 6820 1134 1283 6577 3725 4058 1929 1724 4625 6876 5528 3865 5730 2767 6028 7064 4596 7964 9051 7332 2574 4711 4539 8236 1392 9640 3511 9476 8034 3457 3989 3317 7871 2569 944 3284 6061 232 1167 2779 9630 6137 4543 1702 726 388 3495 1305 725 6627 5457 8998 3881 7133 4712 7893 1098 3383 8561 6319 1587 7635 4087 4181 3002 4735 8835 7094 5603 8289 3156 6573 2265 184 5043 8180 2526 705 8760 8583 9116 956 7540 2694 5659 6973 2378 1276 9243 7625 2913 842 3678 7730 2227 1065 4280 3544 5040 5164 2724 7211
