3273
1058
NOT_FOUND
550
551
5821
236
6710
548
551
3107
4776
6456
5192
4821
NOT_FOUND
8922
3226
NOT_FOUND
NOT_FOUND
6480
NOT_FOUND
NOT_FOUND
551
552
7648
552
5350
NOT_FOUND
551
7222
550
257
1989
NOT_FOUND
5520
NOT_FOUND
NOT_FOUND
549
550
7752
4745
NOT_FOUND
548
NOT_FOUND
NOT_FOUND
550
550
708
549
NOT_FOUND
8205
5940
NOT_FOUND
NOT_FOUND
548
132
NOT_FOUND
8126
6615
545
545
3544
2100
NOT_FOUND
545
545
699
5217
140
544
545
547
548
548
1229
547
NOT_FOUND
6714
159
7866
546
6400
2085
NOT_FOUND
162
NOT_FOUND
546
547
NOT_FOUND
NOT_FOUND
6757
549
NOT_FOUND
3529
NOT_FOUND
6027
NOT_FOUND
2570
9959
NOT_FOUND
7808
1956
551
NOT_FOUND
1748
474
NOT_FOUND
3415
NOT_FOUND
553
6241
552
145
4312
9244
NOT_FOUND
550
550
NOT_FOUND
550
550
9928
553
7792
5200
552
4393
NOT_FOUND
418
566
566
566
566
NOT_FOUND
9139
7348
NOT_FOUND
1362
9613
NOT_FOUND
8211
NOT_FOUND
4982
NOT_FOUND
7292
NOT_FOUND
4440
564
NOT_FOUND
564
2929
NOT_FOUND
9848
563
7907
6897
562
6300
NOT_FOUND
5960
564
566
915
571
572
4872
2721
570
3662
8176
1153
7019
6547
7519
NOT_FOUND
3715
1368
8
NOT_FOUND
NOT_FOUND
567
3152
201
1982
2477
NOT_FOUND
NOT_FOUND
2457
562
4921
4005
560
6585
1826
NOT_FOUND
275
145
NOT_FOUND
96
2266
NOT_FOUND
4924
5244
2666
9525
NOT_FOUND
NOT_FOUND
3124
1531
7570
NOT_FOUND
567
4032
8245
NOT_FOUND
8828
566
8079
577
4544
566
566
NOT_FOUND
4674
NOT_FOUND
566
NOT_FOUND
942
1061
569
3336
7194
9524
4203
NOT_FOUND
NOT_FOUND
2987
6138
NOT_FOUND
565
8543
NOT_FOUND
566
NOT_FOUND
567
1085
650
8481
NOT_FOUND
NOT_FOUND
NOT_FOUND
5226
6550
1156
867
711
9087
573
9448
566
9062
5816
4492
5175
684
3952
NOT_FOUND
562
NOT_FOUND
NOT_FOUND
NOT_FOUND
NOT_FOUND
567
7349
NOT_FOUND
6351
NOT_FOUND
4638
5830
NOT_FOUND
567
3040
2356
NOT_FOUND
369
373
567
NOT_FOUND
NOT_FOUND
6087
8701
565
567
2783
NOT_FOUND
NOT_FOUND
NOT_FOUND
566
NOT_FOUND
568
5514
404
1536
7761
NOT_FOUND
5778
4664
576
578
9113
3715
NOT_FOUND
NOT_FOUND
1836
NOT_FOUND
NOT_FOUND
NOT_FOUND
7986
5645
1037
2173
3611
578
578
7913
NOT_FOUND
578
578
8182
580
583
6163
NOT_FOUND
585
2113
4600
7963
3009
NOT_FOUND
NOT_FOUND
583
NOT_FOUND
2496
NOT_FOUND
4398
NOT_FOUND
NOT_FOUND
7737
NOT_FOUND
1858
540 3689 8400 1499 3047 3637 3627 9980 1173 2239 7148 7484 5495 7256 8036 1431 1766 4546 5678 1129 9696 3877 4365 7730 1166 3581 899 5758 2155 396 5863 4592 6438 8160 4209 7863 7926 7833 691 2589 7668 9333 4676 3685 8412 5050 1294 3653 1766 9782 836 5400 4480 4887 1704 5916 24 7978 5493 4161 8488 9719 7379 3623 7987 6522 4749 3189 8443 4193 7443 8772 2921 3637 4085 1788 1962 7575 8176 6671 788 8101 3288 2834 4719 2802 114 2172 1312 2865 9027 8443 7072 617 852 1900 5886 9404 7639 5578 7112 4479 6237 3436 7917 8370 2017 2777 1714 8222 2112 4974 1489 6017 7021 2879 7087 2642 284 4348 838 1051 1956 209 9056 7985 7815 8287 2570 3701 5674 4804 2057 5504 2283 2274 8319 9209 8780 8744 62 8701 6533 3061 9833 1432 9256 3710 7308 4427 5585 9469 1139 7433 129 6192 5731 361 4759 7354 2046 3837 7421 6793 8734 4264 8926 9558 2923 5802 7157 7010 5643 6646 6596 5166 3723 1317 4197 7643 5337 2643 3269 6040 6602 4921 3800 5850 5547 9588 7587 7982 3971 6423 3657 4232 6284 6921 8685 7674 1514 8994 2989 3601 3243 2526 2205 3072 9757 933 9149 858 9094 9465 1028 5962 3411 6265 181 346 2955 8777 3355 2933 8468 2130 532 2883 2610 7920 7348 4060 6430 7013 374 4322 1819 6022 6317 2927 5123 4278 8687 5872 3627 501 2329 493 2734 3943 3803 2708 8985 1214 7175 2150 9221 481 9271 922 696 9533 7140 8286 970 2562 7349 5435 7381 8533 5593 3227 8945 1062 9800 6241 6219 8052 4407 8916 5904 14 1556 1536 2197 3193 1766 280 5226 2514 3528 2438 5920 2746 9529 4409 9334 8509 2898 5740 2758 9000 3854 7815 9415 2702 6767 4453 3566 2228 3913 1698 3252 2770 3968 1058 2390 6925 1554 4064 2332 8939 8779 2041 3718 6974 7562 8038 7126 3036 6019 9771 1070 1153 8627 3368 4636 1003 9315 6765 1245 3753 1630 5932 8868 4815 9840 258 4179 7401 6506 3172 2308 5726 8573 5021 2244 1630 5291 9375 5594 717 3094 4893 1725 3037 2303 2699 7801 5222 71 6464 465 7768 9175 3515 6567 9951 841 3456 4317 1247 7800 4691 5432 9964 3171 8503 9540 7196 6345 7901 814 8706 7965 2205 3514 2576 5013 7827 5935 3366 2356 7518 4703 2940 5064 8216 4382 7497 8059 4489 8416 7528 6486 6130 2955 2662 2151 2118 1494 650 4738 8927 2302 7546 1007 5142 7961 7374 5274 1903 9025 9490 1888 1538 8833 4311 1376 8331 9053 3073 7173 6624 154 7113 841 5423 7004 3251 3424 626 5703 645 148 7396 7136 3236 3571 9749 1171 1429 4273 3178 3590 904 4697 8092 9201 9135 8409 5311 3569 5415 4599 8097 7616 7309 4859 6521 2369 2401 1870 9459 9153 4400 8479 8076 8021 5951 9049 3487 3418 16 4428 8884 7544 1140 3783 5551 2208 1784 4101 8918 8965 8881 3398 6206 9727 8403 6737 6795 4475 9704 7850 7371 4844 2926 5025 4493 3353 8680 2446 267 3927 4202 5376 9229 8161 4048 1821 5808 7413 7757 1860 9737 257 9613 704 603 2536 9829 8166 4654 4835 4843 4225 8894 26 633 4976 1059 9107 663 3468 4411 5118 9728 6284 5104 5139 5712 7716 6481 5901 1791 5964 1682 9998 4609 9978 8025 4153 2596 2054 6831 3198 6746 6925 8209 6037 9253 9334
9334 9253 6037 8209 6925 6746 3198 6831 2054 2596 4153 8025 9978 4609 9998 1682 5964 1791 5901 6481 7716 5712 5139 5104 6284 9728 5118 4411 3468 663 9107 1059 4976 633 26 8894 4225 4843 4835 4654 8166 9829 2536 603 704 9613 257 9737 1860 7757 7413 5808 1821 4048 8161 9229 5376 4202 3927 267 2446 8680 3353 4493 5025 2926 4844 7371 7850 9704 4475 6795 6737 8403 9727 6206 3398 8881 8965 8918 4101 1784 2208 5551 3783 1140 7544 8884 4428 16 3418 3487 9049 5951 8021 8076 8479 4400 9153 9459 1870 2401 2369 6521 4859 7309 7616 8097 4599 5415 3569 5311 8409 9135 9201 8092 4697 904 3590 3178 4273 1429 1171 9749 3571 3236 7136 7396 148 645 5703 626 3424 3251 7004 5423 841 7113 154 6624 7173 3073 9053 8331 1376 4311 8833 1538 1888 9490 9025 1903 5274 7374 7961 5142 1007 7546 2302 8927 4738 650 1494 2118 2151 2662 2955 6130 6486 7528 8416 4489 8059 7497 4382 8216 5064 2940 4703 7518 2356 3366 5935 7827 5013 2576 3514 2205 7965 8706 814 7901 6345 7196 9540 8503 3171 9964 5432 4691 7800 1247 4317 3456 841 9951 6567 3515 9175 7768 465 6464 71 5222 7801 2699 2303 3037 1725 4893 3094 717 5594 9375 5291 1630 2244 5021 8573 5726 2308 3172 6506 7401 4179 258 9840 4815 8868 5932 1630 3753 1245 6765 9315 1003 4636 3368 8627 1153 1070 9771 6019 3036 7126 8038 7562 6974 3718 2041 8779 8939 2332 4064 1554 6925 2390 1058 3968 2770 3252 1698 3913 2228 3566 4453 6767 2702 9415 7815 3854 9000 2758 5740 2898 8509 9334 4409 9529 2746 5920 2438 3528 2514 5226 280 1766 3193 2197 1536 1556 14 5904 8916 4407 8052 6219 6241 9800 1062 8945 3227 5593 8533 7381 5435 7349 2562 970 8286 7140 9533 696 922 9271 481 9221 2150 7175 1214 8985 2708 3803 3943 2734 493 2329 501 3627 5872 8687 4278 5123 2927 6317 6022 1819 4322 374 7013 6430 4060 7348 7920 2610 2883 532 2130 8468 2933 3355 8777 2955 346 181 6265 3411 5962 1028 9465 9094 858 9149 933 9757 3072 2205 2526 3243 3601 2989 8994 1514 7674 8685 6921 6284 4232 3657 6423 3971 7982 7587 9588 5547 5850 3800 4921 6602 6040 3269 2643 5337 7643 4197 1317 3723 5166 6596 6646 5643 7010 7157 5802 2923 9558 8926 4264 8734 6793 7421 3837 2046 7354 4759 361 5731 6192 129 7433 1139 9469 5585 4427 7308 3710 9256 1432 9833 3061 6533 8701 62 8744 8780 9209 8319 2274 2283 5504 2057 4804 5674 3701 2570 8287 7815 7985 9056 209 1956 1051 838 4348 284 2642 7087 2879 7021 6017 1489 4974 2112 8222 1714 2777 2017 8370 7917 3436 6237 4479 7112 5578 7639 9404 5886 1900 852 617 7072 8443 9027 2865 1312 2172 114 2802 4719 2834 3288 8101 788 6671 8176 7575 1962 1788 4085 3637 2921 8772 7443 4193 8443 3189 4749 6522 7987 3623 7379 9719 8488 4161 5493 7978 24 5916 1704 4887 4480 5400 836 9782 1766 3653 1294 5050 8412 3685 4676 9333 7668 2589 691 7833 7926 7863 4209 8160 6438 4592 5863 396 2155 5758 899 3581 1166 7730 4365 3877 9696 1129 5678 4546 1766 1431 8036 7256 5495 7484 7148 2239 1173 9980 3627 3637 3047 1499 8400 3689 540
540 3689 8400 1499 3047 3637 3627 9980 1173 2239 7148 7484 5495 7256 8036 1431 1766 4546 5678 1129 9696 3877 4365 7730 1166 3581 899 5758 2155 396 5863 4592 6438 8160 4209 7863 7926 7833 691 2589 7668 9333 4676 3685 8412 5050 1294 3653 1766 9782 836 5400 4480 4887 1704 5916 24 7978 5493 4161 8488 9719 7379 3623 7987 6522 4749 3189 8443 4193 7443 8772 2921 3637 4085 1788 1962 7575 8176 6671 788 8101 3288 2834 4719 2802 114 2172 1312 2865 9027 8443 7072 617 852 1900 5886 9404 7639 5578 7112 4479 6237 3436 7917 8370 2017 2777 1714 8222 2112 4974 1489 6017 7021 2879 7087 2642 284 4348 838 1051 1956 209 9056 7985 7815 8287 2570 3701 5674 4804 2057 5504 2283 2274 8319 9209 8780 8744 62 8701 6533 3061 9833 1432 9256 3710 7308 4427 5585 9469 1139 7433 129 6192 5731 361 4759 7354 2046 3837 7421 6793 8734 4264 8926 9558 2923 5802 7157 7010 5643 6646 6596 5166 3723 1317 4197 7643 5337 2643 3269 6040 6602 4921 3800 5850 5547 9588 7587 7982 3971 6423 3657 4232 6284 6921 8685 7674 1514 8994 2989 3601 3243 2526 2205 3072 9757 933 9149 858 9094 9465 1028 5962 3411 6265 181 346 2955 8777 3355 2933 8468 2130 532 2883 2610 7920 7348 4060 6430 7013 374 4322 1819 6022 6317 2927 5123 4278 8687 5872 3627 501 2329 493 2734 3943 3803 2708 8985 1214 7175 2150 9221 481 9271 922 696 9533 7140 8286 970 2562 7349 5435 7381 8533 5593 3227 8945 1062 9800 6241 6219 8052 4407 8916 5904 14 1556 1536 2197 3193 1766 280 5226 2514 3528 2438 5920 2746 9529 4409 9334 8509 2898 5740 2758 9000 3854 7815 9415 2702 6767 4453 3566 2228 3913 1698 3252 2770 3968 1058 2390 6925 1554 4064 2332 8939 8779 2041 3718 6974 7562 8038 7126 3036 6019 9771 1070 1153 8627 3368 4636 1003 9315 6765 1245 3753 1630 5932 8868 4815 9840 258 4179 7401 6506 3172 2308 5726 8573 5021 2244 1630 5291 9375 5594 717 3094 4893 1725 3037 2303 2699 7801 5222 71 6464 465 7768 9175 3515 6567 9951 841 3456 4317 1247 7800 4691 5432 9964 3171 8503 9540 7196 6345 7901 814 8706 7965 2205 3514 2576 5013 7827 5935 3366 2356 7518 4703 2940 5064 8216 4382 7497 8059 4489 8416 7528 6486 6130 2955 2662 2151 2118 1494 650 4738 8927 2302 7546 1007 5142 7961 7374 5274 1903 9025 9490 1888 1538 8833 4311 1376 8331 9053 3073 7173 6624 154 7113 841 5423 7004 3251 3424 626 5703 645 148 7396 7136 3236 3571 9749 1171 1429 4273 3178 3590 904 4697 8092 9201 9135 8409 5311 3569 5415 4599 8097 7616 7309 4859 6521 2369 2401 1870 9459 9153 4400 8479 8076 8021 5951 9049 3487 3418 16 4428 8884 7544 1140 3783 5551 2208 1784 4101 8918 8965 8881 3398 6206 9727 8403 6737 6795 4475 9704 7850 7371 4844 2926 5025 4493 3353 8680 2446 267 3927 4202 5376 9229 8161 4048 1821 5808 7413 7757 1860 9737 257 9613 704 603 2536 9829 8166 4654 4835 4843 4225 8894 26 633 4976 1059 9107 663 3468 4411 5118 9728 6284 5104 5139 5712 7716 6481 5901 1791 5964 1682 9998 4609 9978 8025 4153 2596 2054 6831 3198 6746 6925 8209 6037 9253 9334
540 3689 8400 1499 3047 3637 3627 9980 1173 2239 7148 7484 5495 7256 8036 1431 1766 4546 5678 1129 9696 3877 4365 7730 1166 3581 899 5758 2155 396 5863 4592 6438 8160 4209 7863 7926 7833 691 2589 7668 9333 4676 3685 8412 5050 1294 3653 1766 9782 836 5400 4480 4887 1704 5916 24 7978 5493 4161 8488 9719 7379 3623 7987 6522 4749 3189 8443 4193 7443 8772 2921 3637 4085 1788 1962 7575 8176 6671 788 8101 3288 2834 4719 2802 114 2172 1312 2865 9027 8443 7072 617 852 1900 5886 9404 7639 5578 7112 4479 6237 3436 7917 8370 2017 2777 1714 8222 2112 4974 1489 6017 7021 2879 7087 2642 284 4348 838 1051 1956 209 9056 7985 7815 8287 2570 3701 5674 4804 2057 5504 2283 2274 8319 9209 8780 8744 62 8701 6533 3061 9833 1432 9256 3710 7308 4427 5585 9469 1139 7433 129 6192 5731 361 4759 7354 2046 3837 7421 6793 8734 4264 8926 9558 2923 5802 7157 7010 5643 6646 6596 5166 3723 1317 4197 7643 5337 2643 3269 6040 6602 4921 3800 5850 5547 9588 7587 7982 3971 6423 3657 4232 6284 6921 8685 7674 1514 8994 2989 3601 3243 2526 2205 3072 9757 933 9149 858 9094 9465 1028 5962 3411 6265 181 346 2955 8777 3355 2933 8468 2130 532 2883 2610 7920 7348 4060 6430 7013 374 4322 1819 6022 6317 2927 5123 4278 8687 5872 3627 501 2329 493 2734 3943 3803 2708 8985 1214 7175 2150 9221 481 9271 922 696 9533 7140 8286 970 2562 7349 5435 7381 8533 5593 3227 8945 1062 9800 6241 6219 8052 4407 8916 5904 14 1556 1536 2197 3193 1766 280 5226 2514 3528 2438 5920 2746 9529 4409 9334 8509 2898 5740 2758 9000 3854 7815 9415 2702 6767 4453 3566 2228 3913 1698 3252 2770 3968 1058 2390 6925 1554 4064 2332 8939 8779 2041 3718 6974 7562 8038 7126 3036 6019 9771 1070 1153 8627 3368 4636 1003 9315 6765 1245 3753 1630 5932 8868 4815 9840 258 4179 7401 6506 3172 2308 5726 8573 5021 2244 1630 5291 9375 5594 717 3094 4893 1725 3037 2303 2699 7801 5222 71 6464 465 7768 9175 3515 6567 9951 841 3456 4317 1247 7800 4691 5432 9964 3171 8503 9540 7196 6345 7901 814 8706 7965 2205 3514 2576 5013 7827 5935 3366 2356 7518 4703 2940 5064 8216 4382 7497 8059 4489 8416 7528 6486 6130 2955 2662 2151 2118 1494 650 4738 8927 2302 7546 1007 5142 7961 7374 5274 1903 9025 9490 1888 1538 8833 4311 1376 8331 9053 3073 7173 6624 154 7113 841 5423 7004 3251 3424 626 5703 645 148 7396 7136 3236 3571 9749 1171 1429 4273 3178 3590 904 4697 8092 9201 9135 8409 5311 3569 5415 4599 8097 7616 7309 4859 6521 2369 2401 1870 9459 9153 4400 8479 8076 8021 5951 9049 3487 3418 16 4428 8884 7544 1140 3783 5551 2208 1784 4101 8918 8965 8881 3398 6206 9727 8403 6737 6795 4475 9704 7850 7371 4844 2926 5025 4493 3353 8680 2446 267 3927 4202 5376 9229 8161 4048 1821 5808 7413 7757 1860 9737 257 9613 704 603 2536 9829 8166 4654 4835 4843 4225 8894 26 633 4976 1059 9107 663 3468 4411 5118 9728 6284 5104 5139 5712 7716 6481 5901 1791 5964 1682 9998 4609 9978 8025 4153 2596 2054 6831 3198 6746 6925 8209 6037 9253 9334
540 3689 8400 1499 3047 3637 3627 9980 1173 2239 7148 7484 5495 7256 8036 1431 1766 4546 5678 1129 9696 3877 4365 7730 1166 3581 899 5758 2155 396 5863 4592 6438 8160 4209 7863 7926 7833 691 2589 7668 9333 4676 3685 8412 5050 1294 3653 1766 9782 836 5400 4480 4887 1704 5916 24 7978 5493 4161 8488 9719 7379 3623 7987 6522 4749 3189 8443 4193 7443 8772 2921 3637 4085 1788 1962 7575 8176 6671 788 8101 3288 2834 4719 2802 114 2172 1312 2865 9027 8443 7072 617 852 1900 5886 9404 7639 5578 7112 4479 6237 3436 7917 8370 2017 2777 1714 8222 2112 4974 1489 6017 7021 2879 7087 2642 284 4348 838 1051 1956 209 9056 7985 7815 8287 2570 3701 5674 4804 2057 5504 2283 2274 8319 9209 8780 8744 62 8701 6533 3061 9833 1432 9256 3710 7308 4427 5585 9469 1139 7433 129 6192 5731 361 4759 7354 2046 3837 7421 6793 8734 4264 8926 9558 2923 5802 7157 7010 5643 6646 6596 5166 3723 1317 4197 7643 5337 2643 3269 6040 6602 4921 3800 5850 5547 9588 7587 7982 3971 6423 3657 4232 6284 6921 8685 7674 1514 8994 2989 3601 3243 2526 2205 3072 9757 933 9149 858 9094 9465 1028 5962 3411 6265 181 346 2955 8777 3355 2933 8468 2130 532 2883 2610 7920 7348 4060 6430 7013 374 4322 1819 6022 6317 2927 5123 4278 8687 5872 3627 501 2329 493 2734 3943 3803 2708 8985 1214 7175 2150 9221 481 9271 922 696 9533 7140 8286 970 2562 7349 5435 7381 8533 5593 3227 8945 1062 9800 6241 6219 8052 4407 8916 5904 14 1556 1536 2197 3193 1766 280 5226 2514 3528 2438 5920 2746 9529 4409 9334 8509 2898 5740 2758 9000 3854 7815 9415 2702 6767 4453 3566 2228 3913 1698 3252 2770 3968 1058 2390 6925 1554 4064 2332 8939 8779 2041 3718 6974 7562 8038 7126 3036 6019 9771 1070 1153 8627 3368 4636 1003 9315 6765 1245 3753 1630 5932 8868 4815 9840 258 4179 7401 6506 3172 2308 5726 8573 5021 2244 1630 5291 9375 5594 717 3094 4893 1725 3037 2303 2699 7801 5222 71 6464 465 7768 9175 3515 6567 9951 841 3456 4317 1247 7800 4691 5432 9964 3171 8503 9540 7196 6345 7901 814 8706 7965 2205 3514 2576 5013 7827 5935 3366 2356 7518 4703 2940 5064 8216 4382 7497 8059 4489 8416 7528 6486 6130 2955 2662 2151 2118 1494 650 4738 8927 2302 7546 1007 5142 7961 7374 5274 1903 9025 9490 1888 1538 8833 4311 1376 8331 9053 3073 7173 6624 154 7113 841 5423 7004 3251 3424 626 5703 645 148 7396 7136 3236 3571 9749 1171 1429 4273 3178 3590 904 4697 8092 9201 9135 8409 5311 3569 5415 4599 8097 7616 7309 4859 6521 2369 2401 1870 9459 9153 4400 8479 8076 8021 5951 9049 3487 3418 16 4428 8884 7544 1140 3783 5551 2208 1784 4101 8918 8965 8881 3398 6206 9727 8403 6737 6795 4475 9704 7850 7371 4844 2926 5025 4493 3353 8680 2446 267 3927 4202 5376 9229 8161 4048 1821 5808 7413 7757 1860 9737 257 9613 704 603 2536 9829 8166 4654 4835 4843 4225 8894 26 633 4976 1059 9107 663 3468 4411 5118 9728 6284 5104 5139 5712 7716 6481 5901 1791 5964 1682 9998 4609 9978 8025 4153 2596 2054 6831 3198 6746 6925 8209 6037 9253 9334
