3283
NOT_FOUND
4616
8916
1462
1462
1462
6337
1464
1464
NOT_FOUND
81
5930
6629
8217
1463
NOT_FOUND
3425
1465
8485
9115
571
1464
9210
1464
2280
1466
1509
6181
1464
9602
2149
1463
4748
1462
NOT_FOUND
8237
NOT_FOUND
9937
1465
NOT_FOUND
4672
7970
1464
NOT_FOUND
NOT_FOUND
6923
1463
7770
1462
1462
NOT_FOUND
1465
NOT_FOUND
9732
NOT_FOUND
NOT_FOUND
6035
7066
NOT_FOUND
NOT_FOUND
3725
1471
NOT_FOUND
2580
8609
7059
7268
4256
1467
NOT_FOUND
1467
1467
1467
1468
NOT_FOUND
1472
1472
3111
1473
7603
2682
NOT_FOUND
234
NOT_FOUND
1474
6430
1476
3334
7447
9098
5245
2417
1476
NOT_FOUND
8731
4422
NOT_FOUND
1480
9342
5408
5672
NOT_FOUND
NOT_FOUND
1479
7940
473
2881
9927
NOT_FOUND
1480
1480
6419
NOT_FOUND
707
NOT_FOUND
NOT_FOUND
2039
NOT_FOUND
1478
1478
1478
1479
NOT_FOUND
5905
3212
1481
NOT_FOUND
NOT_FOUND
1483
7578
1483
NOT_FOUND
1370
1487
4741
359
NOT_FOUND
4960
1490
NOT_FOUND
9998
9672
NOT_FOUND
1493
1493
6154
473
1492
NOT_FOUND
3618
2232
7442
202
4200
NOT_FOUND
1488
2033
1488
1491
NOT_FOUND
5452
1491
4260
6236
3939
1491
1491
7303
1492
NOT_FOUND
1492
5921
715
8035
1490
1491
9156
2714
230
1488
1490
3161
9157
2775
515
5937
NOT_FOUND
7719
4585
599
1488
1488
9246
3543
NOT_FOUND
1487
1487
1487
NOT_FOUND
4021
842
1487
1487
1593
7006
1491
1282
1490
NOT_FOUND
NOT_FOUND
9788
1491
1492
1495
5987
9864
1665
1494
NOT_FOUND
1494
NOT_FOUND
NOT_FOUND
1105
7290
5363
8825
3499
8253
1296
NOT_FOUND
8517
NOT_FOUND
8897
922
NOT_FOUND
3470
18
1500
1500
1565
1500
1502
1502
2392
3990
3307
NOT_FOUND
NOT_FOUND
NOT_FOUND
1503
1900
3118
1505
231
4885
NOT_FOUND
NOT_FOUND
9249
1505
1506
4861
2544
NOT_FOUND
6748
9772
NOT_FOUND
6726
1503
2549
1502
6869
9667
NOT_FOUND
5336
2574
NOT_FOUND
NOT_FOUND
2780
1504
8996
3080
NOT_FOUND
1448
1505
8537
1504
NOT_FOUND
1505
5149
2288
5754
1502
1760
2363
8400
NOT_FOUND
4788
1501
3605
7175
NOT_FOUND
1499
1313
3854
4169
1497
6541
7343
1496
NOT_FOUND
8484
3449
NOT_FOUND
1497
7913
8398
NOT_FOUND
1498
7781
1501
6953
1302
5659
NOT_FOUND
NOT_FOUND
NOT_FOUND
NOT_FOUND
695
1001
9925
2125
NOT_FOUND
1502
1502
9515
152
809
6208
5495
1500
3725
7321
NOT_FOUND
1505
468
1825
1506
5934
NOT_FOUND
1962
1505
8072
7064
1505
6983
1504
9680
474
NOT_FOUND
6384
1501
315
1504
5147
8173
NOT_FOUND
7374
4102
2369
162
262
2251
479
1502
2368
6597
5849
1499
NOT_FOUND
NOT_FOUND
530
NOT_FOUND
1501
1501
NOT_FOUND
1502
NOT_FOUND
9341
1503
NOT_FOUND
NOT_FOUND
1507
1189
3113
NOT_FOUND
NOT_FOUND
3267
9096
8233
8867
3061
2756
5988
1502
NOT_FOUND
1502
1503
1503
NOT_FOUND
4752
2288
NOT_FOUND
NOT_FOUND
1504
NOT_FOUND
NOT_FOUND
NOT_FOUND
NOT_FOUND
5197
9732
2336
1513
1513
81
2364
1567
1514
1514
234
NOT_FOUND
9371
1514
NOT_FOUND
1249
7082
NOT_FOUND
NOT_FOUND
4081
1517
8581
4944
1515
8803
1296
357
1513
1513
1351
NOT_FOUND
1513
8223
1512
NOT_FOUND
987
4989
1512
NOT_FOUND
9195
4893
5712
661
NOT_FOUND
NOT_FOUND
1510
NOT_FOUND
NOT_FOUND
NOT_FOUND
9252
9809
1913
8038
NOT_FOUND
1512
1005
30
NOT_FOUND
382
7369
7176
NOT_FOUND
1773
1515
1516
NOT_FOUND
1175
NOT_FOUND
6778
NOT_FOUND
6933
5712
4214
2697
NOT_FOUND
2409
1154
1512
7028
6795
4758
7651
NOT_FOUND
7438
1512
1404
8037
NOT_FOUND
37
8965
1512
2374
NOT_FOUND
9406
1510
1511
NOT_FOUND
92
NOT_FOUND
1511
1329
1512
1359
NOT_FOUND
NOT_FOUND
2093
NOT_FOUND
918
918
1515
5287
1514
1514
1514
8171
NOT_FOUND
7755
2973
3386
NOT_FOUND
2187
5407
9435
NOT_FOUND
1516
NOT_FOUND
5749
1518
NOT_FOUND
1488
1517
7821
2501
3928
9552
NOT_FOUND
1514
5794
1513
5875
1512
7176
2123
1511
3217
914
169
1511
NOT_FOUND
5619
NOT_FOUND
373
113
NOT_FOUND
NOT_FOUND
1884
2700
5384
9641
8648
1511
4150
3133
1907
NOT_FOUND
3864
1509
1509
NOT_FOUND
NOT_FOUND
1067
1509
1509
1509
2114
6563
6907
571
NOT_FOUND
7044
437
7272
1505
NOT_FOUND
1505
NOT_FOUND
8583
6939
8093
1503
7072
1504
2018
3181
NOT_FOUND
4934
1505
NOT_FOUND
808
321
599
NOT_FOUND
NOT_FOUND
1506
NOT_FOUND
8565
1773
3803
7864
9540
1505
302
1506
1506
1506
1506
4388
6186
1505
NOT_FOUND
71
3609
NOT_FOUND
5112
1874
1505
1507
NOT_FOUND
1509
6509
NOT_FOUND
NOT_FOUND
1512
NOT_FOUND
7774
7367
4748
3394
NOT_FOUND
3128
1223
NOT_FOUND
7726
690
1041
733
1509
8982
NOT_FOUND
NOT_FOUND
2257
2122
NOT_FOUND
7096
3576
1513
1513
NOT_FOUND
1
1514
2266
4151
263
4865
6975
1514
1514
5753
945
1334
NOT_FOUND
NOT_FOUND
1518
NOT_FOUND
5740
2324
1516
3594
NOT_FOUND
3080
1517
5410
1516
7578
NOT_FOUND
1515
1515
565
1517
NOT_FOUND
8371
7076
6760
1517
9360
1519
NOT_FOUND
NOT_FOUND
5663
NOT_FOUND
6015
NOT_FOUND
1686
908
4628
2985
2915
6594
2850
NOT_FOUND
1516
1518
2926
NOT_FOUND
NOT_FOUND
6473
1518
1518
8334
4401
3064
NOT_FOUND
6694
1519
4760
1518
NOT_FOUND
1520
7111
1524
1524
NOT_FOUND
1723
897
1522
1522
NOT_FOUND
7161
NOT_FOUND
NOT_FOUND
8861
1524
1525
1525
1525
NOT_FOUND
NOT_FOUND
5584
NOT_FOUND
924
3174
1527
1528
1528
NOT_FOUND
1528
243
1954
2781
1529
7018
7938
1530
1530
NOT_FOUND
7036
3433
5023
7070
NOT_FOUND
6008
1530
1530
317
6242
NOT_FOUND
7041
NOT_FOUND
3193
NOT_FOUND
1530
7489
57
NOT_FOUND
NOT_FOUND
5404
1531
8079
4263
NOT_FOUND
9246
NOT_FOUND
5758
1529
1611
NOT_FOUND
8696
NOT_FOUND
5516
1530
1532
1458
131
5635
NOT_FOUND
1530
8771
4460
1528
3322
523
8672
NOT_FOUND
1526
6600
8634
4382
1523
5233
4481
1523
NOT_FOUND
4790
NOT_FOUND
4953
3742
8166
1526
1527
1070
1301
1098
1525
1525
NOT_FOUND
3918
1525
6434
1524
4410
1523
1523
5007
7155
NOT_FOUND
NOT_FOUND
5762
NOT_FOUND
NOT_FOUND
1523
NOT_FOUND
1667
NOT_FOUND
4311
5225
9242
NOT_FOUND
3284
1527
1528
893
1527
NOT_FOUND
3444
9317
3657
3919
1528
2115
5306
6627
NOT_FOUND
NOT_FOUND
NOT_FOUND
NOT_FOUND
2887
1286
3596
2062
4784
1530
8533
6455
1382
NOT_FOUND
4216
NOT_FOUND
1900
4160
3852
8166
4072
3948
1530
7721
5684
1528
558
1529
6698
1528
NOT_FOUND
NOT_FOUND
2591
1530
1296
2985
1528
9203
NOT_FOUND
NOT_FOUND
5159
5592
1528
7877
NOT_FOUND
7191
8437
1527
2872
1526
NOT_FOUND
483
5403 3294 5393 1710 1502 7722 3820 4995 1273 5051 4414 2784 9729 5096 6035 7529 6695 3348 3475 177 4542 1530 5867 6986 8757 6694 5199 973 7404 7592 8416 6326 7302 401 8185 4463 5360 4271 9580 1220 1347 1746 7035 5517 1115 2853 3012 3576 3064 7756 1808 607 7042 2547 3602 6647 6419 6197 1133 8430 8132 6844 2618 9352 7119 9948 2496 8441 3321 1218 9446 2474 9900 1672 1481 8552 9334 7824 5179 4125 7879 3382 8612 7733 9334 2637 365 2753 3790 3593 7492 8193 8488 8813 9061 6433 6441 117 5506 5983 8402 7882 7103 9265 5466 3376 9802 8529 8940 763 3264 763 2638 338 7973 9832 5529 6223 1078 9634 4912 9610 7837 1572 1476 9696 9357 9598 7408 9567 7213 9353 1837 4430 5074 6254 9233 7425 4115 8613 2541 969 378 9458 5729 4280 8937 5353 9276 7937 5324 2695 416 8387 4128 7646 5931 2697 3714 9878 8151 2518 9279 225 2199 5376 8650 6404 3429 8235 4706 6631 5539 1282 8218 7556 4946 6288 8571 1225 5573 8603 2687 4106 6930 3434 1449 4079 3554 1783 401 4989 5315 1620 2059 6686 7558 3990 8094 9534 1962 5724 9202 4036 4926 7935 9037 484 5499 3530 4397 435 6366 3468 1824 6381 4933 1458 7788 8804 2739 288 1239 308 9605 8895 8901 3858 3919 6736 2670 380 9925 8921 7849 4934 4581 3529 6809 3316 9451 2266 4001 8620 1093 293 5361 7038 9725 2882 7764 9230 5052 801 8536 9881 3742 9984 3356 2621 3725 9071 6448 6036 1242 148 7450 3577 9920 3757 4910 4399 5287 7634 9825 9949 5139 7676 3243 4383 125 7931 1143 3983 569 6463 4997 5198 8445 9314 5840 7010 2310 8567 2476 6978 6136 7517 7717 4357 4734 84 3347 5284 3905 6588 1879 8136 7562 9750 3791 9970 9308 3064 7479 8324 555 6393 9893 4516 6684 5578 3827 9270 3629 356 7284 7290 5076 4072 3077 1065 3052 8254 9715 1794 4326 5880 674 7017 7644 5183 8731 3118 971 3075 3308 9411 8704 5659 5890 396 3163 3688 5505 2897 9046 3504 9614 9812 4986 2544 7746 971 476 7369 7452 2383 1975 1996 5243 5349 5796 7522 798 2353 5264 1273 7497 4141 415 7256 8597 2768 1663 7617 5557 7991 1469 5580 9841 9410 8370 7409 8331 5730 644 2670 3807 9508 3131 621 9341 6621 1369 9382 2529 5813 6295 554 7103 5696 532 6260 5404 2722 3132 8990 5856 8118 6480 2858 5673 6065 4634 6216 7153 8043 2725 744 6810 1552 6586 4753 5208 6593 9611 8081 7505 7150 5740 5057 3886 3253 2539 541 4699 9733 8460 9658 2920 2450 1806 4262 6565 2520 5728 9762 7102 9498 3625 5359 8377 2661 8022 7027 6658 719 8215 9485 984 8568 820 1007 2359 6435 2144 7199 3313 8367 5291 9205 7569 1723 2995 3510 260 582 459 4433 6416 9447 9342 4857 703 9355 8945 7878 3728 4613 8 7972 1777 4809 6906 4351 6652 2722 7005 7604 4511 8317 8443 6579 4559 7582 3968 6997 8010 4304 4634 4762 3002 7018 6255 2051 1861 7130 6372 674 85 6869 4517 2288 9688 7749 6006 3940 6260 208 6925 3260 5701 2164 8724 1489 2345 4511 8079 9063 1538 3870 5989 7386 2428 1875 2735 6793 7092 8093 1359 8385 1123 5566 4449 8046 690 5891 8720 6979 3887 5035 8870 674 835 6967 408 4814 3676 2242 2878 729 3794 6679 2191 1668 1456 1575 6477 7496 1458 2319 4601 8521 9037 824 2140 452 907 2463 9621 9903 9886 7037 4901 288 5144 5801 2473 7868 6139 9466 2381 5022 929 8414 3113 892 6654 9611 3857 6070 5464 9985 8791 508 3228 5118 4444 5136 7889 9463 1716 7110 2773 6772 8785 591 5892 8644 8401 9539 14 1221 5009 7494 1391 6626 3495 5861 7793 3328 6484 3387 7867 408 7493 7115 4730 720 5695 4592 7272 4376 4434 157 8071 2738 2205 8051 8281 882 3446 6157 7134 9409 8365 5498 6389 6056 6049 2213 9178 5372 9201 1537 5979 3409 6673 4412 7401 2015 7075 7489 1804 4976 2549 1509 6131 2971 2816 8675 2706 203 9011 6796 9205 365 2912 3130 3856 9758 587 7086 1121 8076 4011 9485 7554 3407 5509 272 1502 3031 8837 776 5621 4709 8587 5849 8476 8052 65 8839 9301 7636 8574 4620 5340 5232 1903 4427 6052 8744 1373 5704 694 6925 8886 6710 4595 2199 2032 9945 1739 2535 25 3255 6764 6148 2083 8440 930 2377 6152 5021 985 2129 9225 6643 2446 2970 2941 9083 1455 6089 3629 8067 9948 6356 1833 7261 2337 2690 254 5256 6989 8245 8363 1319 1484 9341 7340 9236 206 5291 9934 5799 6849 9860 1623 506 8862 8066 3135 3552 4118 7591 8514 3011 1015 1448 1368 7531 1466 5161 416 3323 7412 1271 9441 4571 6765 6446 6226 7524 6919 4981 4573 726 8172 6430 7771 6620 9696 1796 8322 9917 7529 5867 3442 1809 6290 8815 8129 3194 8793 6916 8231 5620 437 1827 2434 3160 2354 3828 3208 1557 5715 9250 3905 3448 5814 5686 6730 1543 4819 2643 7379 6279 2832 4447 9472 9637 8357 6284 1551 6555 7488 3793 2250 8326 3894 2797 3980 8254 6896 9401 4167 5077 6230 9667 2020 8808 1640 8245 7699 6772 5086 6425 2133 6850 7415 9112 1354 4386 5348 2809 6546 2701 2237 4143 3958 6309 4787 2743 158 5740 3596 9804 7531 142 6404 8323 135 680 8451 2910 8199 131 3949 894 6231 1815 3945 5533 3298 3809 2971 4725 2720 3134 8862 2133 705 3201 4543 3140 4787 7381 9470 7048 844 2561 8452 5991 1811 9749 9604 6489 8453 9815 1799 4154 2974 7477 1091 7169 334 4422 3376 2442 8595 7432 7381 862 4625 6156 2506 1861 7588 9163 4244 868 684 6631 2595 8360 6466 1290 1932 4639 9265 4027 9035 6148 7699 4055 12 3839 3336 817 3423 6509 1983 8384 6879 9477 9462 2513 7424 7589 7998 6287 5077 9557 532 9697 3136 7419 4932 5071 6475 8651 192 4854 4842 8111 3159 7422 3878 6420 5809 7388 3912 5581 8651 2711 2441 6244 8809 4343 6801 1364 4468 3420 9356 3948 5106 1578 6209 1556 5955 8240 8095 5558 4315 6041 1958 4233 3047 8424 1317 1724 5979 9567 302 309 103 5506 9078 5450 1382 3946 6289 9750 9985 8186 8310 9524 4533 3787 4975 6314 33 3215 3097 4400 8162 9118 6314 60 5292 1393 1554 4134 3695 5302 2599 2027 2012 8368 2022 9042 552 4598 9053 6639 7743 1609 7646 1157 3498 3137 2795 8604 5787 982 6203 8653 4227 1432 6531 7702 4134 9508 9025 2108 9997 2694 2806 8954 6119 2033 334 7578 5880 1617 4744 2952 2634 5216 2381 2385 6663 8018 1090 7164 5277 6420 1701 853 424 7467 2532 7721 354 5452 5659 4454 241 8730 352 8696 7847 3549 3687 1652 8599 2326 4416 4486 9274 7401 8733 8665 5731 4950 7914 2869 7537 5597 9188 6757 7630 2821 5624 4515 3463 5970 8730 9997 4110 9530 3396 5664 5016 4136 5366 4576 5353 5713 6070 8426 5501 5139 6968 3741 9211 614 8921 9492 8303 7015 8155 8161 8860 3877 1957 4218 4650 6991 3290 9113 3547 814 961 2446 7650 1620 9823 3268 9113 4688 6062 4969 6405 9620 5482 9879 4149 5092 4429 4187 8241 8550 6883 5622 3904 760 419 5379 7674 170 8152 5292 799 9149 8956 9216 2446 1613 8432 5594 6987 9422 4982 9200 9614 8963 6378 7150 4444 5255 463 7584 4654 2663 3299 7121 2427 2081 3683 8566 2907 4603 6424 5763 6355 4802 4896 4488 6356 1196 6578 5918 5512 4013 3731 7391 7355 8379 5907 496 380 751 5325 2370 749 7575 1951 7440 7409 9871 9977 1416 9222 8556 7073 6899 5781 333 5772 9523 5822 295 2725 8964 7913 247 4737 7572 1525 7988 6022 7869 6224 9206 5471 1317 8268 6129 5193 5748 8087 2657 3590 6528 6541 7442 8207 9010 4448 6721 5140 1629 190 2542 6840 2571 4305 4094 6464 4301 8946 2830 3462 9973 8617 6757 8249 9489 4009 5924 704 7549 13 2856 4647 6753 1663 1637 3409 5321 1417 5545 411 6740 468 1192 2695 8809 4275 3987 4875 2490 2751 8937 712 168 8843 9202 5024 4524 6866 5767 7891 5393 9739 1378 7370 5870 1295 5203 2231 1707 3758 9729 648 470 6927 7577 9665 6574 5538 7458 7901 8414 9942 1787 805 3326 1484 4403 8365 5720 9382 8367 6658 1526 4229 170 2904 3019 6128 1217 906 6028 2254 7457 4774 418 3964 5666 1583 9780 2057 5625 1077 4381 3356 3778 430 5314 6337 1021 5686 1975 6456 6947 3825 9003 2295 8941 3159 4246 2989 4350 5892 3431 7101 3015 8811 9175 2160 8472 84 3391 4688 7010 5589 8611 9739 7896 6780 3501 4269 5229 3522 1346 5436 505 9814 5603 5996 4156 6590 9078 9432 4317 7906 2445 7504 2432 8503 2430 3254 6201 5501 5106 74 1155 7062 5720 3661
3661 5720 7062 1155 74 5106 5501 6201 3254 2430 8503 2432 7504 2445 7906 4317 9432 9078 6590 4156 5996 5603 9814 505 5436 1346 3522 5229 4269 3501 6780 7896 9739 8611 5589 7010 4688 3391 84 8472 2160 9175 8811 3015 7101 3431 5892 4350 2989 4246 3159 8941 2295 9003 3825 6947 6456 1975 5686 1021 6337 5314 430 3778 3356 4381 1077 5625 2057 9780 1583 5666 3964 418 4774 7457 2254 6028 906 1217 6128 3019 2904 170 4229 1526 6658 8367 9382 5720 8365 4403 1484 3326 805 1787 9942 8414 7901 7458 5538 6574 9665 7577 6927 470 648 9729 3758 1707 2231 5203 1295 5870 7370 1378 9739 5393 7891 5767 6866 4524 5024 9202 8843 168 712 8937 2751 2490 4875 3987 4275 8809 2695 1192 468 6740 411 5545 1417 5321 3409 1637 1663 6753 4647 2856 13 7549 704 5924 4009 9489 8249 6757 8617 9973 3462 2830 8946 4301 6464 4094 4305 2571 6840 2542 190 1629 5140 6721 4448 9010 8207 7442 6541 6528 3590 2657 8087 5748 5193 6129 8268 1317 5471 9206 6224 7869 6022 7988 1525 7572 4737 247 7913 8964 2725 295 5822 9523 5772 333 5781 6899 7073 8556 9222 1416 9977 9871 7409 7440 1951 7575 749 2370 5325 751 380 496 5907 8379 7355 7391 3731 4013 5512 5918 6578 1196 6356 4488 4896 4802 6355 5763 6424 4603 2907 8566 3683 2081 2427 7121 3299 2663 4654 7584 463 5255 4444 7150 6378 8963 9614 9200 4982 9422 6987 5594 8432 1613 2446 9216 8956 9149 799 5292 8152 170 7674 5379 419 760 3904 5622 6883 8550 8241 4187 4429 5092 4149 9879 5482 9620 6405 4969 6062 4688 9113 3268 9823 1620 7650 2446 961 814 3547 9113 3290 6991 4650 4218 1957 3877 8860 8161 8155 7015 8303 9492 8921 614 9211 3741 6968 5139 5501 8426 6070 5713 5353 4576 5366 4136 5016 5664 3396 9530 4110 9997 8730 5970 3463 4515 5624 2821 7630 6757 9188 5597 7537 2869 7914 4950 5731 8665 8733 7401 9274 4486 4416 2326 8599 1652 3687 3549 7847 8696 352 8730 241 4454 5659 5452 354 7721 2532 7467 424 853 1701 6420 5277 7164 1090 8018 6663 2385 2381 5216 2634 2952 4744 1617 5880 7578 334 2033 6119 8954 2806 2694 9997 2108 9025 9508 4134 7702 6531 1432 4227 8653 6203 982 5787 8604 2795 3137 3498 1157 7646 1609 7743 6639 9053 4598 552 9042 2022 8368 2012 2027 2599 5302 3695 4134 1554 1393 5292 60 6314 9118 8162 4400 3097 3215 33 6314 4975 3787 4533 9524 8310 8186 9985 9750 6289 3946 1382 5450 9078 5506 103 309 302 9567 5979 1724 1317 8424 3047 4233 1958 6041 4315 5558 8095 8240 5955 1556 6209 1578 5106 3948 9356 3420 4468 1364 6801 4343 8809 6244 2441 2711 8651 5581 3912 7388 5809 6420 3878 7422 3159 8111 4842 4854 192 8651 6475 5071 4932 7419 3136 9697 532 9557 5077 6287 7998 7589 7424 2513 9462 9477 6879 8384 1983 6509 3423 817 3336 3839 12 4055 7699 6148 9035 4027 9265 4639 1932 1290 6466 8360 2595 6631 684 868 4244 9163 7588 1861 2506 6156 4625 862 7381 7432 8595 2442 3376 4422 334 7169 1091 7477 2974 4154 1799 9815 8453 6489 9604 9749 1811 5991 8452 2561 844 7048 9470 7381 4787 3140 4543 3201 705 2133 8862 3134 2720 4725 2971 3809 3298 5533 3945 1815 6231 894 3949 131 8199 2910 8451 680 135 8323 6404 142 7531 9804 3596 5740 158 2743 4787 6309 3958 4143 2237 2701 6546 2809 5348 4386 1354 9112 7415 6850 2133 6425 5086 6772 7699 8245 1640 8808 2020 9667 6230 5077 4167 9401 6896 8254 3980 2797 3894 8326 2250 3793 7488 6555 1551 6284 8357 9637 9472 4447 2832 6279 7379 2643 4819 1543 6730 5686 5814 3448 3905 9250 5715 1557 3208 3828 2354 3160 2434 1827 437 5620 8231 6916 8793 3194 8129 8815 6290 1809 3442 5867 7529 9917 8322 1796 9696 6620 7771 6430 8172 726 4573 4981 6919 7524 6226 6446 6765 4571 9441 1271 7412 3323 416 5161 1466 7531 1368 1448 1015 3011 8514 7591 4118 3552 3135 8066 8862 506 1623 9860 6849 5799 9934 5291 206 9236 7340 9341 1484 1319 8363 8245 6989 5256 254 2690 2337 7261 1833 6356 9948 8067 3629 6089 1455 9083 2941 2970 2446 6643 9225 2129 985 5021 6152 2377 930 8440 2083 6148 6764 3255 25 2535 1739 9945 2032 2199 4595 6710 8886 6925 694 5704 1373 8744 6052 4427 1903 5232 5340 4620 8574 7636 9301 8839 65 8052 8476 5849 8587 4709 5621 776 8837 3031 1502 272 5509 3407 7554 9485 4011 8076 1121 7086 587 9758 3856 3130 2912 365 9205 6796 9011 203 2706 8675 2816 2971 6131 1509 2549 4976 1804 7489 7075 2015 7401 4412 6673 3409 5979 1537 9201 5372 9178 2213 6049 6056 6389 5498 8365 9409 7134 6157 3446 882 8281 8051 2205 2738 8071 157 4434 4376 7272 4592 5695 720 4730 7115 7493 408 7867 3387 6484 3328 7793 5861 3495 6626 1391 7494 5009 1221 14 9539 8401 8644 5892 591 8785 6772 2773 7110 1716 9463 7889 5136 4444 5118 3228 508 8791 9985 5464 6070 3857 9611 6654 892 3113 8414 929 5022 2381 9466 6139 7868 2473 5801 5144 288 4901 7037 9886 9903 9621 2463 907 452 2140 824 9037 8521 4601 2319 1458 7496 6477 1575 1456 1668 2191 6679 3794 729 2878 2242 3676 4814 408 6967 835 674 8870 5035 3887 6979 8720 5891 690 8046 4449 5566 1123 8385 1359 8093 7092 6793 2735 1875 2428 7386 5989 3870 1538 9063 8079 4511 2345 1489 8724 2164 5701 3260 6925 208 6260 3940 6006 7749 9688 2288 4517 6869 85 674 6372 7130 1861 2051 6255 7018 3002 4762 4634 4304 8010 6997 3968 7582 4559 6579 8443 8317 4511 7604 7005 2722 6652 4351 6906 4809 1777 7972 8 4613 3728 7878 8945 9355 703 4857 9342 9447 6416 4433 459 582 260 3510 2995 1723 7569 9205 5291 8367 3313 7199 2144 6435 2359 1007 820 8568 984 9485 8215 719 6658 7027 8022 2661 8377 5359 3625 9498 7102 9762 5728 2520 6565 4262 1806 2450 2920 9658 8460 9733 4699 541 2539 3253 3886 5057 5740 7150 7505 8081 9611 6593 5208 4753 6586 1552 6810 744 2725 8043 7153 6216 4634 6065 5673 2858 6480 8118 5856 8990 3132 2722 5404 6260 532 5696 7103 554 6295 5813 2529 9382 1369 6621 9341 621 3131 9508 3807 2670 644 5730 8331 7409 8370 9410 9841 5580 1469 7991 5557 7617 1663 2768 8597 7256 415 4141 7497 1273 5264 2353 798 7522 5796 5349 5243 1996 1975 2383 7452 7369 476 971 7746 2544 4986 9812 9614 3504 9046 2897 5505 3688 3163 396 5890 5659 8704 9411 3308 3075 971 3118 8731 5183 7644 7017 674 5880 4326 1794 9715 8254 3052 1065 3077 4072 5076 7290 7284 356 3629 9270 3827 5578 6684 4516 9893 6393 555 8324 7479 3064 9308 9970 3791 9750 7562 8136 1879 6588 3905 5284 3347 84 4734 4357 7717 7517 6136 6978 2476 8567 2310 7010 5840 9314 8445 5198 4997 6463 569 3983 1143 7931 125 4383 3243 7676 5139 9949 9825 7634 5287 4399 4910 3757 9920 3577 7450 148 1242 6036 6448 9071 3725 2621 3356 9984 3742 9881 8536 801 5052 9230 7764 2882 9725 7038 5361 293 1093 8620 4001 2266 9451 3316 6809 3529 4581 4934 7849 8921 9925 380 2670 6736 3919 3858 8901 8895 9605 308 1239 288 2739 8804 7788 1458 4933 6381 1824 3468 6366 435 4397 3530 5499 484 9037 7935 4926 4036 9202 5724 1962 9534 8094 3990 7558 6686 2059 1620 5315 4989 401 1783 3554 4079 1449 3434 6930 4106 2687 8603 5573 1225 8571 6288 4946 7556 8218 1282 5539 6631 4706 8235 3429 6404 8650 5376 2199 225 9279 2518 8151 9878 3714 2697 5931 7646 4128 8387 416 2695 5324 7937 9276 5353 8937 4280 5729 9458 378 969 2541 8613 4115 7425 9233 6254 5074 4430 1837 9353 7213 9567 7408 9598 9357 9696 1476 1572 7837 9610 4912 9634 1078 6223 5529 9832 7973 338 2638 763 3264 763 8940 8529 9802 3376 5466 9265 7103 7882 8402 5983 5506 117 6441 6433 9061 8813 8488 8193 7492 3593 3790 2753 365 2637 9334 7733 8612 3382 7879 4125 5179 7824 9334 8552 1481 1672 9900 2474 9446 1218 3321 8441 2496 9948 7119 9352 2618 6844 8132 8430 1133 6197 6419 6647 3602 2547 7042 607 1808 7756 3064 3576 3012 2853 1115 5517 7035 1746 1347 1220 9580 4271 5360 4463 8185 401 7302 6326 8416 7592 7404 973 5199 6694 8757 6986 5867 1530 4542 177 3475 3348 6695 7529 6035 5096 9729 2784 4414 5051 1273 4995 3820 7722 1502 1710 5393 3294 5403
5403 3294 5393 1710 1502 7722 3820 4995 1273 5051 4414 2784 9729 5096 6035 7529 6695 3348 3475 177 4542 1530 5867 6986 8757 6694 5199 973 7404 7592 8416 6326 7302 401 8185 4463 5360 4271 9580 1220 1347 1746 7035 5517 1115 2853 3012 3576 3064 7756 1808 607 7042 2547 3602 6647 6419 6197 1133 8430 8132 6844 2618 9352 7119 9948 2496 8441 3321 1218 9446 2474 9900 1672 1481 8552 9334 7824 5179 4125 7879 3382 8612 7733 9334 2637 365 2753 3790 3593 7492 8193 8488 8813 9061 6433 6441 117 5506 5983 8402 7882 7103 9265 5466 3376 9802 8529 8940 763 3264 763 2638 338 7973 9832 5529 6223 1078 9634 4912 9610 7837 1572 1476 9696 9357 9598 7408 9567 7213 9353 1837 4430 5074 6254 9233 7425 4115 8613 2541 969 378 9458 5729 4280 8937 5353 9276 7937 5324 2695 416 8387 4128 7646 5931 2697 3714 9878 8151 2518 9279 225 2199 5376 8650 6404 3429 8235 4706 6631 5539 1282 8218 7556 4946 6288 8571 1225 5573 8603 2687 4106 6930 3434 1449 4079 3554 1783 401 4989 5315 1620 2059 6686 7558 3990 8094 9534 1962 5724 9202 4036 4926 7935 9037 484 5499 3530 4397 435 6366 3468 1824 6381 4933 1458 7788 8804 2739 288 1239 308 9605 8895 8901 3858 3919 6736 2670 380 9925 8921 7849 4934 4581 3529 6809 3316 9451 2266 4001 8620 1093 293 5361 7038 9725 2882 7764 9230 5052 801 8536 9881 3742 9984 3356 2621 3725 9071 6448 6036 1242 148 7450 3577 9920 3757 4910 4399 5287 7634 9825 9949 5139 7676 3243 4383 125 7931 1143 3983 569 6463 4997 5198 8445 9314 5840 7010 2310 8567 2476 6978 6136 7517 7717 4357 4734 84 3347 5284 3905 6588 1879 8136 7562 9750 3791 9970 9308 3064 7479 8324 555 6393 9893 4516 6684 5578 3827 9270 3629 356 7284 7290 5076 4072 3077 1065 3052 8254 9715 1794 4326 5880 674 7017 7644 5183 8731 3118 971 3075 3308 9411 8704 5659 5890 396 3163 3688 5505 2897 9046 3504 9614 9812 4986 2544 7746 971 476 7369 7452 2383 1975 1996 5243 5349 5796 7522 798 2353 5264 1273 7497 4141 415 7256 8597 2768 1663 7617 5557 7991 1469 5580 9841 9410 8370 7409 8331 5730 644 2670 3807 9508 3131 621 9341 6621 1369 9382 2529 5813 6295 554 7103 5696 532 6260 5404 2722 3132 8990 5856 8118 6480 2858 5673 6065 4634 6216 7153 8043 2725 744 6810 1552 6586 4753 5208 6593 9611 8081 7505 7150 5740 5057 3886 3253 2539 541 4699 9733 8460 9658 2920 2450 1806 4262 6565 2520 5728 9762 7102 9498 3625 5359 8377 2661 8022 7027 6658 719 8215 9485 984 8568 820 1007 2359 6435 2144 7199 3313 8367 5291 9205 7569 1723 2995 3510 260 582 459 4433 6416 9447 9342 4857 703 9355 8945 7878 3728 4613 8 7972 1777 4809 6906 4351 6652 2722 7005 7604 4511 8317 8443 6579 4559 7582 3968 6997 8010 4304 4634 4762 3002 7018 6255 2051 1861 7130 6372 674 85 6869 4517 2288 9688 7749 6006 3940 6260 208 6925 3260 5701 2164 8724 1489 2345 4511 8079 9063 1538 3870 5989 7386 2428 1875 2735 6793 7092 8093 1359 8385 1123 5566 4449 8046 690 5891 8720 6979 3887 5035 8870 674 835 6967 408 4814 3676 2242 2878 729 3794 6679 2191 1668 1456 1575 6477 7496 1458 2319 4601 8521 9037 824 2140 452 907 2463 9621 9903 9886 7037 4901 288 5144 5801 2473 7868 6139 9466 2381 5022 929 8414 3113 892 6654 9611 3857 6070 5464 9985 8791 508 3228 5118 4444 5136 7889 9463 1716 7110 2773 6772 8785 591 5892 8644 8401 9539 14 1221 5009 7494 1391 6626 3495 5861 7793 3328 6484 3387 7867 408 7493 7115 4730 720 5695 4592 7272 4376 4434 157 8071 2738 2205 8051 8281 882 3446 6157 7134 9409 8365 5498 6389 6056 6049 2213 9178 5372 9201 1537 5979 3409 6673 4412 7401 2015 7075 7489 1804 4976 2549 1509 6131 2971 2816 8675 2706 203 9011 6796 9205 365 2912 3130 3856 9758 587 7086 1121 8076 4011 9485 7554 3407 5509 272 1502 3031 8837 776 5621 4709 8587 5849 8476 8052 65 8839 9301 7636 8574 4620 5340 5232 1903 4427 6052 8744 1373 5704 694 6925 8886 6710 4595 2199 2032 9945 1739 2535 25 3255 6764 6148 2083 8440 930 2377 6152 5021 985 2129 9225 6643 2446 2970 2941 9083 1455 6089 3629 8067 9948 6356 1833 7261 2337 2690 254 5256 6989 8245 8363 1319 1484 9341 7340 9236 206 5291 9934 5799 6849 9860 1623 506 8862 8066 3135 3552 4118 7591 8514 3011 1015 1448 1368 7531 1466 5161 416 3323 7412 1271 9441 4571 6765 6446 6226 7524 6919 4981 4573 726 8172 6430 7771 6620 9696 1796 8322 9917 7529 5867 3442 1809 6290 8815 8129 3194 8793 6916 8231 5620 437 1827 2434 3160 2354 3828 3208 1557 5715 9250 3905 3448 5814 5686 6730 1543 4819 2643 7379 6279 2832 4447 9472 9637 8357 6284 1551 6555 7488 3793 2250 8326 3894 2797 3980 8254 6896 9401 4167 5077 6230 9667 2020 8808 1640 8245 7699 6772 5086 6425 2133 6850 7415 9112 1354 4386 5348 2809 6546 2701 2237 4143 3958 6309 4787 2743 158 5740 3596 9804 7531 142 6404 8323 135 680 8451 2910 8199 131 3949 894 6231 1815 3945 5533 3298 3809 2971 4725 2720 3134 8862 2133 705 3201 4543 3140 4787 7381 9470 7048 844 2561 8452 5991 1811 9749 9604 6489 8453 9815 1799 4154 2974 7477 1091 7169 334 4422 3376 2442 8595 7432 7381 862 4625 6156 2506 1861 7588 9163 4244 868 684 6631 2595 8360 6466 1290 1932 4639 9265 4027 9035 6148 7699 4055 12 3839 3336 817 3423 6509 1983 8384 6879 9477 9462 2513 7424 7589 7998 6287 5077 9557 532 9697 3136 7419 4932 5071 6475 8651 192 4854 4842 8111 3159 7422 3878 6420 5809 7388 3912 5581 8651 2711 2441 6244 8809 4343 6801 1364 4468 3420 9356 3948 5106 1578 6209 1556 5955 8240 8095 5558 4315 6041 1958 4233 3047 8424 1317 1724 5979 9567 302 309 103 5506 9078 5450 1382 3946 6289 9750 9985 8186 8310 9524 4533 3787 4975 6314 33 3215 3097 4400 8162 9118 6314 60 5292 1393 1554 4134 3695 5302 2599 2027 2012 8368 2022 9042 552 4598 9053 6639 7743 1609 7646 1157 3498 3137 2795 8604 5787 982 6203 8653 4227 1432 6531 7702 4134 9508 9025 2108 9997 2694 2806 8954 6119 2033 334 7578 5880 1617 4744 2952 2634 5216 2381 2385 6663 8018 1090 7164 5277 6420 1701 853 424 7467 2532 7721 354 5452 5659 4454 241 8730 352 8696 7847 3549 3687 1652 8599 2326 4416 4486 9274 7401 8733 8665 5731 4950 7914 2869 7537 5597 9188 6757 7630 2821 5624 4515 3463 5970 8730 9997 4110 9530 3396 5664 5016 4136 5366 4576 5353 5713 6070 8426 5501 5139 6968 3741 9211 614 8921 9492 8303 7015 8155 8161 8860 3877 1957 4218 4650 6991 3290 9113 3547 814 961 2446 7650 1620 9823 3268 9113 4688 6062 4969 6405 9620 5482 9879 4149 5092 4429 4187 8241 8550 6883 5622 3904 760 419 5379 7674 170 8152 5292 799 9149 8956 9216 2446 1613 8432 5594 6987 9422 4982 9200 9614 8963 6378 7150 4444 5255 463 7584 4654 2663 3299 7121 2427 2081 3683 8566 2907 4603 6424 5763 6355 4802 4896 4488 6356 1196 6578 5918 5512 4013 3731 7391 7355 8379 5907 496 380 751 5325 2370 749 7575 1951 7440 7409 9871 9977 1416 9222 8556 7073 6899 5781 333 5772 9523 5822 295 2725 8964 7913 247 4737 7572 1525 7988 6022 7869 6224 9206 5471 1317 8268 6129 5193 5748 8087 2657 3590 6528 6541 7442 8207 9010 4448 6721 5140 1629 190 2542 6840 2571 4305 4094 6464 4301 8946 2830 3462 9973 8617 6757 8249 9489 4009 5924 704 7549 13 2856 4647 6753 1663 1637 3409 5321 1417 5545 411 6740 468 1192 2695 8809 4275 3987 4875 2490 2751 8937 712 168 8843 9202 5024 4524 6866 5767 7891 5393 9739 1378 7370 5870 1295 5203 2231 1707 3758 9729 648 470 6927 7577 9665 6574 5538 7458 7901 8414 9942 1787 805 3326 1484 4403 8365 5720 9382 8367 6658 1526 4229 170 2904 3019 6128 1217 906 6028 2254 7457 4774 418 3964 5666 1583 9780 2057 5625 1077 4381 3356 3778 430 5314 6337 1021 5686 1975 6456 6947 3825 9003 2295 8941 3159 4246 2989 4350 5892 3431 7101 3015 8811 9175 2160 8472 84 3391 4688 7010 5589 8611 9739 7896 6780 3501 4269 5229 3522 1346 5436 505 9814 5603 5996 4156 6590 9078 9432 4317 7906 2445 7504 2432 8503 2430 3254 6201 5501 5106 74 1155 7062 5720 3661
5403 3294 5393 1710 1502 7722 3820 4995 1273 5051 4414 2784 9729 5096 6035 7529 6695 3348 3475 177 4542 1530 5867 6986 8757 6694 5199 973 7404 7592 8416 6326 7302 401 8185 4463 5360 4271 9580 1220 1347 1746 7035 5517 1115 2853 3012 3576 3064 7756 1808 607 7042 2547 3602 6647 6419 6197 1133 8430 8132 6844 2618 9352 7119 9948 2496 8441 3321 1218 9446 2474 9900 1672 1481 8552 9334 7824 5179 4125 7879 3382 8612 7733 9334 2637 365 2753 3790 3593 7492 8193 8488 8813 9061 6433 6441 117 5506 5983 8402 7882 7103 9265 5466 3376 9802 8529 8940 763 3264 763 2638 338 7973 9832 5529 6223 1078 9634 4912 9610 7837 1572 1476 9696 9357 9598 7408 9567 7213 9353 1837 4430 5074 6254 9233 7425 4115 8613 2541 969 378 9458 5729 4280 8937 5353 9276 7937 5324 2695 416 8387 4128 7646 5931 2697 3714 9878 8151 2518 9279 225 2199 5376 8650 6404 3429 8235 4706 6631 5539 1282 8218 7556 4946 6288 8571 1225 5573 8603 2687 4106 6930 3434 1449 4079 3554 1783 401 4989 5315 1620 2059 6686 7558 3990 8094 9534 1962 5724 9202 4036 4926 7935 9037 484 5499 3530 4397 435 6366 3468 1824 6381 4933 1458 7788 8804 2739 288 1239 308 9605 8895 8901 3858 3919 6736 2670 380 9925 8921 7849 4934 4581 3529 6809 3316 9451 2266 4001 8620 1093 293 5361 7038 9725 2882 7764 9230 5052 801 8536 9881 3742 9984 3356 2621 3725 9071 6448 6036 1242 148 7450 3577 9920 3757 4910 4399 5287 7634 9825 9949 5139 7676 3243 4383 125 7931 1143 3983 569 6463 4997 5198 8445 9314 5840 7010 2310 8567 2476 6978 6136 7517 7717 4357 4734 84 3347 5284 3905 6588 1879 8136 7562 9750 3791 9970 9308 3064 7479 8324 555 6393 9893 4516 6684 5578 3827 9270 3629 356 7284 7290 5076 4072 3077 1065 3052 8254 9715 1794 4326 5880 674 7017 7644 5183 8731 3118 971 3075 3308 9411 8704 5659 5890 396 3163 3688 5505 2897 9046 3504 9614 9812 4986 2544 7746 971 476 7369 7452 2383 1975 1996 5243 5349 5796 7522 798 2353 5264 1273 7497 4141 415 7256 8597 2768 1663 7617 5557 7991 1469 5580 9841 9410 8370 7409 8331 5730 644 2670 3807 9508 3131 621 9341 6621 1369 9382 2529 5813 6295 554 7103 5696 532 6260 5404 2722 3132 8990 5856 8118 6480 2858 5673 6065 4634 6216 7153 8043 2725 744 6810 1552 6586 4753 5208 6593 9611 8081 7505 7150 5740 5057 3886 3253 2539 541 4699 9733 8460 9658 2920 2450 1806 4262 6565 2520 5728 9762 7102 9498 3625 5359 8377 2661 8022 7027 6658 719 8215 9485 984 8568 820 1007 2359 6435 2144 7199 3313 8367 5291 9205 7569 1723 2995 3510 260 582 459 4433 6416 9447 9342 4857 703 9355 8945 7878 3728 4613 8 7972 1777 4809 6906 4351 6652 2722 7005 7604 4511 8317 8443 6579 4559 7582 3968 6997 8010 4304 4634 4762 3002 7018 6255 2051 1861 7130 6372 674 85 6869 4517 2288 9688 7749 6006 3940 6260 208 6925 3260 5701 2164 8724 1489 2345 4511 8079 9063 1538 3870 5989 7386 2428 1875 2735 6793 7092 8093 1359 8385 1123 5566 4449 8046 690 5891 8720 6979 3887 5035 8870 674 835 6967 408 4814 3676 2242 2878 729 3794 6679 2191 1668 1456 1575 6477 7496 1458 2319 4601 8521 9037 824 2140 452 907 2463 9621 9903 9886 7037 4901 288 5144 5801 2473 7868 6139 9466 2381 5022 929 8414 3113 892 6654 9611 3857 6070 5464 9985 8791 508 3228 5118 4444 5136 7889 9463 1716 7110 2773 6772 8785 591 5892 8644 8401 9539 14 1221 5009 7494 1391 6626 3495 5861 7793 3328 6484 3387 7867 408 7493 7115 4730 720 5695 4592 7272 4376 4434 157 8071 2738 2205 8051 8281 882 3446 6157 7134 9409 8365 5498 6389 6056 6049 2213 9178 5372 9201 1537 5979 3409 6673 4412 7401 2015 7075 7489 1804 4976 2549 1509 6131 2971 2816 8675 2706 203 9011 6796 9205 365 2912 3130 3856 9758 587 7086 1121 8076 4011 9485 7554 3407 5509 272 1502 3031 8837 776 5621 4709 8587 5849 8476 8052 65 8839 9301 7636 8574 4620 5340 5232 1903 4427 6052 8744 1373 5704 694 6925 8886 6710 4595 2199 2032 9945 1739 2535 25 3255 6764 6148 2083 8440 930 2377 6152 5021 985 2129 9225 6643 2446 2970 2941 9083 1455 6089 3629 8067 9948 6356 1833 7261 2337 2690 254 5256 6989 8245 8363 1319 1484 9341 7340 9236 206 5291 9934 5799 6849 9860 1623 506 8862 8066 3135 3552 4118 7591 8514 3011 1015 1448 1368 7531 1466 5161 416 3323 7412 1271 9441 4571 6765 6446 6226 7524 6919 4981 4573 726 8172 6430 7771 6620 9696 1796 8322 9917 7529 5867 3442 1809 6290 8815 8129 3194 8793 6916 8231 5620 437 1827 2434 3160 2354 3828 3208 1557 5715 9250 3905 3448 5814 5686 6730 1543 4819 2643 7379 6279 2832 4447 9472 9637 8357 6284 1551 6555 7488 3793 2250 8326 3894 2797 3980 8254 6896 9401 4167 5077 6230 9667 2020 8808 1640 8245 7699 6772 5086 6425 2133 6850 7415 9112 1354 4386 5348 2809 6546 2701 2237 4143 3958 6309 4787 2743 158 5740 3596 9804 7531 142 6404 8323 135 680 8451 2910 8199 131 3949 894 6231 1815 3945 5533 3298 3809 2971 4725 2720 3134 8862 2133 705 3201 4543 3140 4787 7381 9470 7048 844 2561 8452 5991 1811 9749 9604 6489 8453 9815 1799 4154 2974 7477 1091 7169 334 4422 3376 2442 8595 7432 7381 862 4625 6156 2506 1861 7588 9163 4244 868 684 6631 2595 8360 6466 1290 1932 4639 9265 4027 9035 6148 7699 4055 12 3839 3336 817 3423 6509 1983 8384 6879 9477 9462 2513 7424 7589 7998 6287 5077 9557 532 9697 3136 7419 4932 5071 6475 8651 192 4854 4842 8111 3159 7422 3878 6420 5809 7388 3912 5581 8651 2711 2441 6244 8809 4343 6801 1364 4468 3420 9356 3948 5106 1578 6209 1556 5955 8240 8095 5558 4315 6041 1958 4233 3047 8424 1317 1724 5979 9567 302 309 103 5506 9078 5450 1382 3946 6289 9750 9985 8186 8310 9524 4533 3787 4975 6314 33 3215 3097 4400 8162 9118 6314 60 5292 1393 1554 4134 3695 5302 2599 2027 2012 8368 2022 9042 552 4598 9053 6639 7743 1609 7646 1157 3498 3137 2795 8604 5787 982 6203 8653 4227 1432 6531 7702 4134 9508 9025 2108 9997 2694 2806 8954 6119 2033 334 7578 5880 1617 4744 2952 2634 5216 2381 2385 6663 8018 1090 7164 5277 6420 1701 853 424 7467 2532 7721 354 5452 5659 4454 241 8730 352 8696 7847 3549 3687 1652 8599 2326 4416 4486 9274 7401 8733 8665 5731 4950 7914 2869 7537 5597 9188 6757 7630 2821 5624 4515 3463 5970 8730 9997 4110 9530 3396 5664 5016 4136 5366 4576 5353 5713 6070 8426 5501 5139 6968 3741 9211 614 8921 9492 8303 7015 8155 8161 8860 3877 1957 4218 4650 6991 3290 9113 3547 814 961 2446 7650 1620 9823 3268 9113 4688 6062 4969 6405 9620 5482 9879 4149 5092 4429 4187 8241 8550 6883 5622 3904 760 419 5379 7674 170 8152 5292 799 9149 8956 9216 2446 1613 8432 5594 6987 9422 4982 9200 9614 8963 6378 7150 4444 5255 463 7584 4654 2663 3299 7121 2427 2081 3683 8566 2907 4603 6424 5763 6355 4802 4896 4488 6356 1196 6578 5918 5512 4013 3731 7391 7355 8379 5907 496 380 751 5325 2370 749 7575 1951 7440 7409 9871 9977 1416 9222 8556 7073 6899 5781 333 5772 9523 5822 295 2725 8964 7913 247 4737 7572 1525 7988 6022 7869 6224 9206 5471 1317 8268 6129 5193 5748 8087 2657 3590 6528 6541 7442 8207 9010 4448 6721 5140 1629 190 2542 6840 2571 4305 4094 6464 4301 8946 2830 3462 9973 8617 6757 8249 9489 4009 5924 704 7549 13 2856 4647 6753 1663 1637 3409 5321 1417 5545 411 6740 468 1192 2695 8809 4275 3987 4875 2490 2751 8937 712 168 8843 9202 5024 4524 6866 5767 7891 5393 9739 1378 7370 5870 1295 5203 2231 1707 3758 9729 648 470 6927 7577 9665 6574 5538 7458 7901 8414 9942 1787 805 3326 1484 4403 8365 5720 9382 8367 6658 1526 4229 170 2904 3019 6128 1217 906 6028 2254 7457 4774 418 3964 5666 1583 9780 2057 5625 1077 4381 3356 3778 430 5314 6337 1021 5686 1975 6456 6947 3825 9003 2295 8941 3159 4246 2989 4350 5892 3431 7101 3015 8811 9175 2160 8472 84 3391 4688 7010 5589 8611 9739 7896 6780 3501 4269 5229 3522 1346 5436 505 9814 5603 5996 4156 6590 9078 9432 4317 7906 2445 7504 2432 8503 2430 3254 6201 5501 5106 74 1155 7062 5720 3661
3661 5720 7062 1155 74 5106 5501 6201 3254 2430 8503 2432 7504 2445 7906 4317 9432 9078 6590 4156 5996 5603 9814 505 5436 1346 3522 5229 4269 3501 6780 7896 9739 8611 5589 7010 4688 3391 84 8472 2160 9175 8811 3015 7101 3431 5892 4350 2989 4246 3159 8941 2295 9003 3825 6947 6456 1975 5686 1021 6337 5314 430 3778 3356 4381 1077 5625 2057 9780 1583 5666 3964 418 4774 7457 2254 6028 906 1217 6128 3019 2904 170 4229 1526 6658 8367 9382 5720 8365 4403 1484 3326 805 1787 9942 8414 7901 7458 5538 6574 9665 7577 6927 470 648 9729 3758 1707 2231 5203 1295 5870 7370 1378 9739 5393 7891 5767 6866 4524 5024 9202 8843 168 712 8937 2751 2490 4875 3987 4275 8809 2695 1192 468 6740 411 5545 1417 5321 3409 1637 1663 6753 4647 2856 13 7549 704 5924 4009 9489 8249 6757 8617 9973 3462 2830 8946 4301 6464 4094 4305 2571 6840 2542 190 1629 5140 6721 4448 9010 8207 7442 6541 6528 3590 2657 8087 5748 5193 6129 8268 1317 5471 9206 6224 7869 6022 7988 1525 7572 4737 247 7913 8964 2725 295 5822 9523 5772 333 5781 6899 7073 8556 9222 1416 9977 9871 7409 7440 1951 7575 749 2370 5325 751 380 496 5907 8379 7355 7391 3731 4013 5512 5918 6578 1196 6356 4488 4896 4802 6355 5763 6424 4603 2907 8566 3683 2081 2427 7121 3299 2663 4654 7584 463 5255 4444 7150 6378 8963 9614 9200 4982 9422 6987 5594 8432 1613 2446 9216 8956 9149 799 5292 8152 170 7674 5379 419 760 3904 5622 6883 8550 8241 4187 4429 5092 4149 9879 5482 9620 6405 4969 6062 4688 9113 3268 9823 1620 7650 2446 961 814 3547 9113 3290 6991 4650 4218 1957 3877 8860 8161 8155 7015 8303 9492 8921 614 9211 3741 6968 5139 5501 8426 6070 5713 5353 4576 5366 4136 5016 5664 3396 9530 4110 9997 8730 5970 3463 4515 5624 2821 7630 6757 9188 5597 7537 2869 7914 4950 5731 8665 8733 7401 9274 4486 4416 2326 8599 1652 3687 3549 7847 8696 352 8730 241 4454 5659 5452 354 7721 2532 7467 424 853 1701 6420 5277 7164 1090 8018 6663 2385 2381 5216 2634 2952 4744 1617 5880 7578 334 2033 6119 8954 2806 2694 9997 2108 9025 9508 4134 7702 6531 1432 4227 8653 6203 982 5787 8604 2795 3137 3498 1157 7646 1609 7743 6639 9053 4598 552 9042 2022 8368 2012 2027 2599 5302 3695 4134 1554 1393 5292 60 6314 9118 8162 4400 3097 3215 33 6314 4975 3787 4533 9524 8310 8186 9985 9750 6289 3946 1382 5450 9078 5506 103 309 302 9567 5979 1724 1317 8424 3047 4233 1958 6041 4315 5558 8095 8240 5955 1556 6209 1578 5106 3948 9356 3420 4468 1364 6801 4343 8809 6244 2441 2711 8651 5581 3912 7388 5809 6420 3878 7422 3159 8111 4842 4854 192 8651 6475 5071 4932 7419 3136 9697 532 9557 5077 6287 7998 7589 7424 2513 9462 9477 6879 8384 1983 6509 3423 817 3336 3839 12 4055 7699 6148 9035 4027 9265 4639 1932 1290 6466 8360 2595 6631 684 868 4244 9163 7588 1861 2506 6156 4625 862 7381 7432 8595 2442 3376 4422 334 7169 1091 7477 2974 4154 1799 9815 8453 6489 9604 9749 1811 5991 8452 2561 844 7048 9470 7381 4787 3140 4543 3201 705 2133 8862 3134 2720 4725 2971 3809 3298 5533 3945 1815 6231 894 3949 131 8199 2910 8451 680 135 8323 6404 142 7531 9804 3596 5740 158 2743 4787 6309 3958 4143 2237 2701 6546 2809 5348 4386 1354 9112 7415 6850 2133 6425 5086 6772 7699 8245 1640 8808 2020 9667 6230 5077 4167 9401 6896 8254 3980 2797 3894 8326 2250 3793 7488 6555 1551 6284 8357 9637 9472 4447 2832 6279 7379 2643 4819 1543 6730 5686 5814 3448 3905 9250 5715 1557 3208 3828 2354 3160 2434 1827 437 5620 8231 6916 8793 3194 8129 8815 6290 1809 3442 5867 7529 9917 8322 1796 9696 6620 7771 6430 8172 726 4573 4981 6919 7524 6226 6446 6765 4571 9441 1271 7412 3323 416 5161 1466 7531 1368 1448 1015 3011 8514 7591 4118 3552 3135 8066 8862 506 1623 9860 6849 5799 9934 5291 206 9236 7340 9341 1484 1319 8363 8245 6989 5256 254 2690 2337 7261 1833 6356 9948 8067 3629 6089 1455 9083 2941 2970 2446 6643 9225 2129 985 5021 6152 2377 930 8440 2083 6148 6764 3255 25 2535 1739 9945 2032 2199 4595 6710 8886 6925 694 5704 1373 8744 6052 4427 1903 5232 5340 4620 8574 7636 9301 8839 65 8052 8476 5849 8587 4709 5621 776 8837 3031 1502 272 5509 3407 7554 9485 4011 8076 1121 7086 587 9758 3856 3130 2912 365 9205 6796 9011 203 2706 8675 2816 2971 6131 1509 2549 4976 1804 7489 7075 2015 7401 4412 6673 3409 5979 1537 9201 5372 9178 2213 6049 6056 6389 5498 8365 9409 7134 6157 3446 882 8281 8051 2205 2738 8071 157 4434 4376 7272 4592 5695 720 4730 7115 7493 408 7867 3387 6484 3328 7793 5861 3495 6626 1391 7494 5009 1221 14 9539 8401 8644 5892 591 8785 6772 2773 7110 1716 9463 7889 5136 4444 5118 3228 508 8791 9985 5464 6070 3857 9611 6654 892 3113 8414 929 5022 2381 9466 6139 7868 2473 5801 5144 288 4901 7037 9886 9903 9621 2463 907 452 2140 824 9037 8521 4601 2319 1458 7496 6477 1575 1456 1668 2191 6679 3794 729 2878 2242 3676 4814 408 6967 835 674 8870 5035 3887 6979 8720 5891 690 8046 4449 5566 1123 8385 1359 8093 7092 6793 2735 1875 2428 7386 5989 3870 1538 9063 8079 4511 2345 1489 8724 2164 5701 3260 6925 208 6260 3940 6006 7749 9688 2288 4517 6869 85 674 6372 7130 1861 2051 6255 7018 3002 4762 4634 4304 8010 6997 3968 7582 4559 6579 8443 8317 4511 7604 7005 2722 6652 4351 6906 4809 1777 7972 8 4613 3728 7878 8945 9355 703 4857 9342 9447 6416 4433 459 582 260 3510 2995 1723 7569 9205 5291 8367 3313 7199 2144 6435 2359 1007 820 8568 984 9485 8215 719 6658 7027 8022 2661 8377 5359 3625 9498 7102 9762 5728 2520 6565 4262 1806 2450 2920 9658 8460 9733 4699 541 2539 3253 3886 5057 5740 7150 7505 8081 9611 6593 5208 4753 6586 1552 6810 744 2725 8043 7153 6216 4634 6065 5673 2858 6480 8118 5856 8990 3132 2722 5404 6260 532 5696 7103 554 6295 5813 2529 9382 1369 6621 9341 621 3131 9508 3807 2670 644 5730 8331 7409 8370 9410 9841 5580 1469 7991 5557 7617 1663 2768 8597 7256 415 4141 7497 1273 5264 2353 798 7522 5796 5349 5243 1996 1975 2383 7452 7369 476 971 7746 2544 4986 9812 9614 3504 9046 2897 5505 3688 3163 396 5890 5659 8704 9411 3308 3075 971 3118 8731 5183 7644 7017 674 5880 4326 1794 9715 8254 3052 1065 3077 4072 5076 7290 7284 356 3629 9270 3827 5578 6684 4516 9893 6393 555 8324 7479 3064 9308 9970 3791 9750 7562 8136 1879 6588 3905 5284 3347 84 4734 4357 7717 7517 6136 6978 2476 8567 2310 7010 5840 9314 8445 5198 4997 6463 569 3983 1143 7931 125 4383 3243 7676 5139 9949 9825 7634 5287 4399 4910 3757 9920 3577 7450 148 1242 6036 6448 9071 3725 2621 3356 9984 3742 9881 8536 801 5052 9230 7764 2882 9725 7038 5361 293 1093 8620 4001 2266 9451 3316 6809 3529 4581 4934 7849 8921 9925 380 2670 6736 3919 3858 8901 8895 9605 308 1239 288 2739 8804 7788 1458 4933 6381 1824 3468 6366 435 4397 3530 5499 484 9037 7935 4926 4036 9202 5724 1962 9534 8094 3990 7558 6686 2059 1620 5315 4989 401 1783 3554 4079 1449 3434 6930 4106 2687 8603 5573 1225 8571 6288 4946 7556 8218 1282 5539 6631 4706 8235 3429 6404 8650 5376 2199 225 9279 2518 8151 9878 3714 2697 5931 7646 4128 8387 416 2695 5324 7937 9276 5353 8937 4280 5729 9458 378 969 2541 8613 4115 7425 9233 6254 5074 4430 1837 9353 7213 9567 7408 9598 9357 9696 1476 1572 7837 9610 4912 9634 1078 6223 5529 9832 7973 338 2638 763 3264 763 8940 8529 9802 3376 5466 9265 7103 7882 8402 5983 5506 117 6441 6433 9061 8813 8488 8193 7492 3593 3790 2753 365 2637 9334 7733 8612 3382 7879 4125 5179 7824 9334 8552 1481 1672 9900 2474 9446 1218 3321 8441 2496 9948 7119 9352 2618 6844 8132 8430 1133 6197 6419 6647 3602 2547 7042 607 1808 7756 3064 3576 3012 2853 1115 5517 7035 1746 1347 1220 9580 4271 5360 4463 8185 401 7302 6326 8416 7592 7404 973 5199 6694 8757 6986 5867 1530 4542 177 3475 3348 6695 7529 6035 5096 9729 2784 4414 5051 1273 4995 3820 7722 1502 1710 5393 3294 5403
