7401
NOT_FOUND
NOT_FOUND
NOT_FOUND
1911
6056
1910
NOT_FOUND
7452
1018
NOT_FOUND
NOT_FOUND
5498
1912
9762
2742
NOT_FOUND
8043
1909
4101
906
328
NOT_FOUND
3434
712
NOT_FOUND
NOT_FOUND
1910
1910
NOT_FOUND
3517
1910
1124
9227
9589
NOT_FOUND
7512
NOT_FOUND
8989
NOT_FOUND
1909
1909
1909
4852
51
6122
1909
1909
2586
NOT_FOUND
1908
684
1909
1912
5009
1028
4415
5803
1989
6573
1910
8243
NOT_FOUND
451
1909
1910
1360
1910
NOT_FOUND
1632
NOT_FOUND
1910
1083
561
7009
1908
NOT_FOUND
1908
9182
3501
9128
6831
7121
1909
703
1396
5975
NOT_FOUND
1909
1910
NOT_FOUND
NOT_FOUND
5469
8509
1910
1910
6883
7750
NOT_FOUND
1908
961
2625
9379
1907
2151
1960
1905
NOT_FOUND
1730
8229
NOT_FOUND
6495
1903
9577
1902
NOT_FOUND
NOT_FOUND
1902
NOT_FOUND
1905
NOT_FOUND
3797
668
1903
3619
NOT_FOUND
NOT_FOUND
3742
2490
6827
1674
NOT_FOUND
3660
876
1902
1903
1903
1905
9672
3136
NOT_FOUND
NOT_FOUND
1907
225
3017
9018
NOT_FOUND
4146
9759
1905
1905
1905
7692
1908
4737
NOT_FOUND
171
1017
1907
4848
5741
701
20
8829
2032
4762
1001
3770
5553
1907
819
9285
4649
6643
4470
NOT_FOUND
NOT_FOUND
4249
8253
9372
665
6460
1181
5685
2953
716
NOT_FOUND
7823
3455
6809
1385
NOT_FOUND
1896
183
1108
9310
1251
1486
543
1901
NOT_FOUND
NOT_FOUND
1904
NOT_FOUND
NOT_FOUND
2958
NOT_FOUND
6726
3922
NOT_FOUND
8739
7091
NOT_FOUND
1726
1903
1903
7539
1881
7513
NOT_FOUND
3586
1902
9715
5228
1900
1198
1900
1900
1900
NOT_FOUND
NOT_FOUND
2356
NOT_FOUND
1901
4379
5663
1531
1899
5083
6422
NOT_FOUND
6373
886
6794
6046
9525
2613
4627
7883
8252
1902
NOT_FOUND
7548
1038
1901
1904
NOT_FOUND
1910
NOT_FOUND
9000
6556
4829
NOT_FOUND
2045
5511
1906
8053
6965
NOT_FOUND
1906
5762
1142
247
NOT_FOUND
NOT_FOUND
4709
4298
4253
1900
5898
1465
154
981
334
NOT_FOUND
8207
1897
NOT_FOUND
9145
1900
5059
1907
1908
NOT_FOUND
1908
4919
9263
1668
3890
1908
1802
NOT_FOUND
1913
1915
1915
6462
1919
7857
5133
2826
1916
1917
NOT_FOUND
5393
1917
3941
1916
NOT_FOUND
NOT_FOUND
NOT_FOUND
5574
1916
1917
1917
61
1916
9440
4765
NOT_FOUND
1917
1918
9598
1694
7929
1955
1914
NOT_FOUND
NOT_FOUND
1876
8128
1914
1914
7922
4291
1214
NOT_FOUND
5212
6059
3733
NOT_FOUND
NOT_FOUND
NOT_FOUND
1323
1911
2543
8738
1909
1864
1910
7099
9856
1908
938
1908
NOT_FOUND
NOT_FOUND
NOT_FOUND
607
NOT_FOUND
NOT_FOUND
1376
340
1909
8420
8766
8559
129
470
NOT_FOUND
1905
NOT_FOUND
9421
1906
7482
2436
961
7295
4298
627
9119
2378
263
1900
9399
3933
1902
1902
1924
5333
1900
7498
1900
NOT_FOUND
9970
5108
6775
6039
4769
NOT_FOUND
6368
NOT_FOUND
2651
589
1895
NOT_FOUND
5446
9579
6071
2659
NOT_FOUND
5146
1894
1894
6680
6980
NOT_FOUND
450
5989
NOT_FOUND
3716
447
NOT_FOUND
9466
1890
NOT_FOUND
1890
4010
6211
3237
817
5152
NOT_FOUND
9314
6283
NOT_FOUND
4386
6887
6086
6530
8300
2959
1580
NOT_FOUND
2285
687
18
6953
1243
NOT_FOUND
3313
7958
1881
7937
NOT_FOUND
1881
305
1882
4666
NOT_FOUND
NOT_FOUND
1882
NOT_FOUND
1882
NOT_FOUND
NOT_FOUND
1883
4780
1882
NOT_FOUND
1883
1695
5360
2406
1881
1881
7211
6948
4191
1881
NOT_FOUND
7404
8705
NOT_FOUND
9343
376
1878
NOT_FOUND
NOT_FOUND
1370
2682
4698
NOT_FOUND
3300
635
1875
8110
1976
1875
NOT_FOUND
NOT_FOUND
1876
7009
1876
NOT_FOUND
1879
3909
207
1878
NOT_FOUND
4393
NOT_FOUND
1878
NOT_FOUND
212
NOT_FOUND
6581
5003
NOT_FOUND
4224
9922
1736
4725
NOT_FOUND
1875
1876
NOT_FOUND
8343
NOT_FOUND
1876
3517
2645
1875
429
8635
NOT_FOUND
5240
931
3133
8749
446
NOT_FOUND
1874
1877
7516
NOT_FOUND
8890
1875
1877
NOT_FOUND
6846
2456
1882
7014
334
1882
8019
NOT_FOUND
765
2120
1884
1885
7091
7119
6507
NOT_FOUND
1885
5844
3985
NOT_FOUND
1886
7858
NOT_FOUND
82
6698
NOT_FOUND
1885
6172
1552
7188
1884
1885
101
1280
1886
2161
NOT_FOUND
NOT_FOUND
1887
1887
1887
1888
1888
1888
1888
7094
1888
NOT_FOUND
5188
NOT_FOUND
1887
NOT_FOUND
2624
1581
7794
1889
1889
6671
NOT_FOUND
1888
NOT_FOUND
2673
916
8129
1887
3047
3008
5132
NOT_FOUND
4747
4535
7675
3425
7881
NOT_FOUND
4375
40
7006
3404
1403
NOT_FOUND
NOT_FOUND
799
1890
7505
6774
1889
8710
1120
NOT_FOUND
NOT_FOUND
1256
NOT_FOUND
219
1892
1892
1273
7176
794
1893
NOT_FOUND
NOT_FOUND
1729
NOT_FOUND
1892
1892
3291
NOT_FOUND
1209
1892
NOT_FOUND
NOT_FOUND
NOT_FOUND
NOT_FOUND
1899
7469
1898
1901
1902
NOT_FOUND
1902
694
1041
1904
1904
4602
2945
NOT_FOUND
7434
81
4959
9817
578
1246
3044
4806
1899
NOT_FOUND
NOT_FOUND
1690
NOT_FOUND
4658
1899
1899
812
3696
NOT_FOUND
3406
8654
5291
4289
1896
1896
NOT_FOUND
1012
NOT_FOUND
5864
1896
7022
1895
8100
4870
4135
1897
2902
1105
2069
9443
1650
1895
4009
1896
5990
760
NOT_FOUND
3770
433
6069
6155
NOT_FOUND
1896
6973
1895
7107
8977
NOT_FOUND
8397
NOT_FOUND
1897
7948
NOT_FOUND
1899
1298
1899
4169
1901
9369
991
4654
5242
4053
361
NOT_FOUND
4204
735
NOT_FOUND
6224
3132
1306
NOT_FOUND
2996
1899
NOT_FOUND
8113
7809
5076
NOT_FOUND
9726
6827
9395
1901
8762
1929
8778
2299
8969
8809
NOT_FOUND
3841
1902
NOT_FOUND
568
NOT_FOUND
7834
8039
3767
786
1899
8387
8588
NOT_FOUND
8753
NOT_FOUND
NOT_FOUND
NOT_FOUND
NOT_FOUND
3632
1899
9301
6285
6185
8145
4816
1899
NOT_FOUND
1900
1902
4353
1096
4677
1903
854
6137
1713
4015
1899
1899
7557
1899
1901
NOT_FOUND
1901
1902
672
9751
5802
NOT_FOUND
1900
1176
NOT_FOUND
1900
3391
1900
NOT_FOUND
6675
4363
3951
1683
1898
1904
5418
7052
9322
3498
3163
2052
1905
3987
1904
1905
1905
8717
7954
395
1904
NOT_FOUND
NOT_FOUND
2777
8854
1907
1907
1219
3189
NOT_FOUND
8326
3426
1914
NOT_FOUND
1916
1861
1916
3502
1915
4633
6686
1070
9249
6464
1913
NOT_FOUND
1914
1189
223
1915
NOT_FOUND
NOT_FOUND
NOT_FOUND
6630
1917
9705
NOT_FOUND
1918
1918
1918
2565
6327
NOT_FOUND
1917
1921
NOT_FOUND
1922
2675
1921
1922
2421
5145
1130
5639
9343
5678
NOT_FOUND
1916
1916
1366
9592
3276
2495
NOT_FOUND
1919
1919
8389
1919
9078
NOT_FOUND
5140
2329
1918
4030
NOT_FOUND
242
2323
1306
43
1919
3354
5075
3209
5775
NOT_FOUND
1476
1916
2807
6336
1914
7078
NOT_FOUND
NOT_FOUND
4823
1913
6971
42
1914
3501
NOT_FOUND
6683
848
NOT_FOUND
NOT_FOUND
4505
1914
5510
NOT_FOUND
6935
1914
NOT_FOUND
NOT_FOUND
1914
3676
9786
NOT_FOUND
1912
7839
532
1911
1913
6648
NOT_FOUND
7064
NOT_FOUND
6227
4849
1912
2734
4996
2328
316
NOT_FOUND
8674
7060
469
197
6175
592
1910
1170
2256
6696
NOT_FOUND
1909
1411
4594
1908
1908
1908
1908
1481
1908
NOT_FOUND
2977
NOT_FOUND
2448
4672
1905
2702
NOT_FOUND
4361
NOT_FOUND
5291
3215
7216
1906
1277
1905
5655
1906
NOT_FOUND
7115
1603
351
NOT_FOUND
2258
4464
7637
1904
5074
1906
9057
1905
6838
3307
1522
294
4403
NOT_FOUND
2407
NOT_FOUND
NOT_FOUND
1902
1902
8050
NOT_FOUND
1903
5873
2903
4440
4092
8585
1899
8862
1211
8283
5708
6883
3
837
1901
1753
172
5351
8839
1899
765
1900
9660
1899
6848
NOT_FOUND
2379
1901
NOT_FOUND
NOT_FOUND
3240
1901
1901
2759
1900
5993
1899
121
1150
3094
NOT_FOUND
1348
1897
1897
2633
6093
1898
NOT_FOUND
1898
1898
9456
9128
1475
1895
NOT_FOUND
3635
NOT_FOUND
7984
NOT_FOUND
1893
NOT_FOUND
2000
5022
1894
NOT_FOUND
7139
6747
6854
7449
NOT_FOUND
NOT_FOUND
4105
2078
NOT_FOUND
1896
NOT_FOUND
1896
9490
3578
3916
7356
NOT_FOUND
4984
9694
6395
8677
2006
7281
1894
1894
NOT_FOUND
1896
10000
3233
177
7698
620
7032
4597
1902
NOT_FOUND
1902
1086
923
7408
1904
1904
1638
7591
1902
NOT_FOUND
533
1908
962
4655
NOT_FOUND
4613
NOT_FOUND
NOT_FOUND
6808
1904
2926
7114
NOT_FOUND
4096
354
5169
3040
NOT_FOUND
1746
1900
4168
4724
1899
1899
NOT_FOUND
1899
8948
5768
4672
9821
1897
1897
1897
4285
1716
NOT_FOUND
7661
1149
5334
3367
1892
4577
1892
9616
NOT_FOUND
3904
8741
9180
1894
1894
NOT_FOUND
8580
1457
2679
3785
NOT_FOUND
5027
2061
1893
1893
NOT_FOUND
5129
4459
NOT_FOUND
3546
1893
NOT_FOUND
1894
6604
6606
718
NOT_FOUND
1219
6513
NOT_FOUND
NOT_FOUND
6864
1891
NOT_FOUND
NOT_FOUND
1121
2286
1894
NOT_FOUND
NOT_FOUND
532
665
8653
1894
132
431
1894
5603
NOT_FOUND
908
9516
3921
1815
9794
NOT_FOUND
6115
1889
NOT_FOUND
2069
1888
571
NOT_FOUND
NOT_FOUND
1554
1274
4498
8449 6109 2824 8739 4489 8117 5876 4723 1975 8164 471 1912 4520 5541 5925 233 939 631 2882 4627 7296 2139 5341 6603 5233 9994 5900 2261 3012 4470 3128 5341 9287 4394 2474 5760 4815 7441 9381 2384 4104 4325 4343 4376 705 2938 8813 8601 2756 4824 30 6060 102 970 9159 445 6376 7762 7558 5098 7877 327 1576 8714 6452 7553 4519 1575 5975 1694 991 3001 5862 6147 7705 8543 7430 4616 2802 7441 1018 860 6727 4769 756 4355 2563 9380 8451 6592 8581 6475 1932 9993 3727 1727 633 8108 3727 4910 4570 7023 165 1903 5098 4974 4894 5184 1374 5306 9421 6621 7206 4327 2699 6696 9510 7904 6511 3160 8465 5026 7619 2852 9193 1555 835 8940 2816 181 3053 7793 3774 2660 1513 5493 5879 65 9267 2085 2526 5549 6001 7430 2175 1426 2944 4339 8029 8012 4601 5043 9263 1627 1646 2127 3368 1839 966 8440 2638 8440 7477 7284 4504 2849 7 3234 5136 904 6448 5351 1555 5260 1992 8391 6044 9211 2390 2950 8147 5347 7941 8728 3430 7975 4505 9273 8936 3316 9811 4969 8998 5212 9758 5148 9901 3593 838 3536 9666 3821 2973 1879 6497 5057 4497 8346 8286 7625 3089 7279 3223 7148 1165 3238 9958 3021 6021 3710 3363 7969 2444 4023 8222 3633 2300 968 785 5027 8036 2290 7920 3525 6029 8180 1444 9269 5851 412 4774 8857 4881 7434 3757 3825 4958 3213 6487 6941 6474 7579 9226 154 5194 7105 9827 7142 2425 7796 7280 3945 3496 3631 2843 7435 7393 4389 9612 4415 8616 4021 785 2355 4579 6817 2536 8835 149 1871 319 5853 7935 3446 1387 4484 9963 6991 8402 6002 6484 7154 5346 7072 5866 324 5021 6598 4888 4620 1542 4155 3702 8137 4114 548 3771 3988 2023 5436 5868 4154 1845 3469 2011 5734 1060 4802 3521 5514 3383 3601 9165 2123 7754 4488 2938 5280 2543 399 4976 1240 2777 1567 2622 9516 9694 751 9632 8664 8825 2355 5253 9141 6207 4339 477 3046 6400 9869 475 4180 7192 8143 6770 8722 6608 432 634 2508 9603 8591 3824 4737 2939 3441 6387 9220 7677 9390 6417 6989 3043 8589 426 4274 7836 4706 4245 1874 3812 888 4573 9445 8530 8023 4918 9634 2215 9797 2120 1288 3297 7730 1593 579 580 2686 6871 57 6295 1170 7828 5098 9511 92 54 5033 1411 1582 3124 4301 5733 1044 9540 1888 961 7773 2481 7063 7553 3317 8855 5371 8495 801 7524 794 8801 7319 2349 8157 9285 2463 6507 1327 3870 2985 1931 9433 3234 2763 3758 75 3582 4530 1530 641 2939 2676 4896 1946 1062 4036 9902 4978 5970 5862 2456 8825 4335 6629 9865 9688 7 9152 8188 118 6014 6459 7796 6533 9502 6471 665 7457 6117 6626 5553 6193 3263 5899 8096 1542 3129 5762 9806 9274 6218 9937 4842 7612 7807 2183 5834 7169 6548 8504 9567 9112 5127 3374 2986 7424 9591 606 9877 5295 7981 4872 7275 1365 2441 4513 8181 826 748 5152 4885 7900 3500 9775 1525 1265 9620 4628 8269 7458 5339 5573 9876 6339 3521 573 6346 410 8018 5967 1742 5647 3792 5126 8020 3368 4957 3610 8343 4188 6400 1845 6147 2543 1503 6328 2926 955 4062 1552 117 6616 4672 3696 4989 8184 7132 9210 2545 3721 2448 3701 2928 4402 7081 3235 3494 5928 4797 7413 3733 7184 2408 6741 3969 2058 4027 1933 6707 9460 7859 4097 9483 69 6398 3871 6571 4529 8995 1869 8329 8655 5862 6020 6315 1278 8227 4442 9888 2439 1252 8745 6660 8044 9249 2019 5736 4573 5371 595 4372 8137 945 4242 5347 886 8009 9187 5859 9484 1873 2867 3324 7309 5186 2537 3194 8349 4475 6009 5215 3484 1405 809 7942 2503 5641 6294 6579 2124 6768 472 9848 5638 8683 7608 2395 3720 9671 5448 7625 2316 7556 8148 905 2550 29 327 467 5337 7985 5260 8918 873 3948 6328 9998 3761 7796 8584 8765 255 2222 245 6441 2736 3955 7010 5660 2382 3997 3600 4462 6402 8748 9863 8151 7465 1316 8493 5242 8436 6980 4871 3746 3398 8560 8887 7548 6255 5236 6642 7366 5655 2286 8097 4067 6324 1382 9271 5197 7492 7117 1149 1522 2557 7928 3424 6244 9170 3238 2064 3317 1890 5627 2844 3810 1385 2524 2115 8883 9813 4170 7621 7669 3727 1352 1843 5006 8587 6414 931 4914 7789 6168 5235 7967 7215 6555 9773 7391 3234 6562 2882 3004 7323 5644 822 8648 9755 7922 3222 96 8475 3017 314 6839 7554 7740 5391 663 7680 4992 7998 7747 5767 2392 135 8205 4537 9273 8129 8175 6271 7241 1342 9793 9105 640 3240 6502 6042 6439 6878 675 8259 5197 9911 5205 292 1758 9021 5473 832 3824 6082 7073 1817 7592 5696 955 7485 7178 4468 1579 7483 6648 9211 4501 474 9277 4931 2772 2127 8733 5337 7150 4046 4856 3082 6487 8700 383 8988 7184 2837 8975 5523 1866 1104 9431 1091 6458 4395 5356 2449 4383 7190 5078 3934 9941 1255 3602 233 8138 986 8804 4273 6045 1349 9567 6900 4534 63 414 6440 6786 8289 6878 4820 7544 2597 4669 7527 2679 7795 3586 126 6977 6892 2722 252 2625 8576 109 728 7964 665 1477 5518 1860 3508 9659 5499 6086 4964 3789 1260 841 804 5849 7092 8529 7538 4656 2662 7990 4890 9578 8149 925 5023 6748 1067 1371 959 2254 7909 2846 4038 3129 6683 8193 3185 417 6066 5968 3847 2563 3200 9376 4318 232 1137 9596 9963 3977 4515 2756 1359 9183 9312 8063 5357 8969 7278 7989 5098 1284 4942 284 6232 9380 3160 3909 8133 1025 1890 2733 7273 2411 9100 1327 9630 5382 2044 1567 8649 1200 5971 4072 9131 9536 9386 9924 8298 6228 2158 455 1910 9789 5602 7897 6824 8783 3085 5721 8647 2652 6299 1411 9034 5465 2401 8543 5552 3407 8731 4100 8516 870 4820 2074 3231 547 4724 457 402 3948 3672 3507 4447 9351 5209 5643 7226 6924 3002 4956 8977 5428 5569 6016 1541 2448 8611 7153 8680 54 6289 4917 8571 2113 4659 3404 5247 5797 3007 8757 1295 7549 2743 807 4317 719 6514 9258 4217 9369 2014 2534 5847 1411 150 2373 7241 7595 355 8137 4795 2271 3901 6589 1710 2729 8265 5527 7833 7840 2755 9417 8117 7759 1640 5053 6269 2533 1288 1649 9395 815 7830 7261 3374 1861 1639 885 9421 1735 2325 5679 42 9935 4851 2282 1402 6396 9479 1633 3601 4521 6115 1834 5079 3463 9581 9043 8932 8913 3355 8756 838 916 6495 6387 6638 2691 1692 6740 757 5576 937 3380 4070 5349 6487 1621 9994 644 9430 3008 949 3554 5759 5746 4 5819 1499 5971 6835 362 7196 7925 3714 6923 1454 7292 9263 1829 789 7374 4349 6522 4050 8002 8781 362 4835 9304 4985 9104 3012 1029 767 9655 2858 503 9869 9809 2537 5456 4447 198 2129 6611 7042 943 5816 9179 3087 5657 8054 4503 2189 8816 9538 6283 9206 984 3581 9611 7818 9327 375 1960 1677 5877 1657 1443 1284 746 273 6123 7994 6656 9848 1837 9153 6741 5134 1461 8341 2126 3777 888 1839 525 792 5274 660 7276 8463 4995 3668 6443 5649 3438 290 6640 9821 6150 7420 9695 2405 1581 9498 2605 1407 5827 4324 6880 7242 4471 8636 5247 4886 8766 1050 2065 6718 5040 817 4029 8389 368 6790 253 216 2516 2672 3254 7367 5646 6896 4572 3743 4535 3698 802 5153 1927 4317 5166 1169 4815 1149 7873 2695 3680 1628 3594 8269 2308 5985 2329 6306 3867 1054 4147 7379 3131 8308 5328 4226 6849 5265 6189 6245 7767 5984 3019 6896 316 1774 9744 1004 8664 1963 1398 7022 471 1453 3820 3580 9758 9522 5622 6404 9644 2280 2187 2516 3728 1857 9133 5348 7845 6325 2512 5479 4211 6280 4552 6986 5845 7701 4652 8829 9098 5375 6465 4000 6853 7791 6081 2115 4369 1749 2044 1677 9935 2967 7907 7527 2333 5284 355 4977 2241 3705 3574 6833 964 8207 2388 728 325 5951 8626 7338 2417 3441 8728 7009 4724 5569 778 5204 5256 8520 5018 4254 5350 1758 9253 5454 6643 3740 6882 540 9706 2372 2327 9382 690 1257 6072 9329 4774 3146 8211 248 3025 412 3809 7268 1986 1521 4638 2926 1444 6229 9467 461 1660 8436 6024 6027 532 5675 7701 6017 4824 1310 7647 5258 4745 6861 9546 6318 9535 6637 2183 5369 509 2422 9568 7244 3019 1116 7103 1516 7369 3309 7695 9101 9126 1328 2381 7768 5778 8465 9227 8193 2963 8200 4235 9128 2937 3468 2555 6727 5734 4879 7227 6614 3777 4091 5382 7607 2600 6817 2407 9902 9466 66 3431 2114 2296 2536 3206 7099 2169 6598 4981 189 756 8138 8066 2181 7284 4960 6729 6356 4014 8950 5316 8965 9705 7415 1945 9549 6038 9718 4106 7118 5295 623 8428 2337 9398 3992 2104 6712 5806 3378 448 4304 6069 6738 2047 4189 2580 7270 7965 2253 4851 5381 9251 2405 9364 8414 1266 8350 1610 4196 4626 1172 6618 5550 6373 4161 8194 312 716 9489 3419 395 8248 5735 2787 9515 590 2217 671 9291 7905 3506 6732 737 4479 3629 2023 7426 9454 8608 3866 2370 9696 5041 9631 2330 9793 2039 6225 4776 1763 2958 9495 6917 7341 9165 3061 5670 8162 635 782 3593 6546 1927 4451 4559 4068 6781 4273 3907 2407 5941 3051 9968 9816 1429 2028 7437 5204 3490 6703 5810 3416 1662 4254 2455 3801 3470 1543 5860 456 8557 1123 3199 5448 9026 3362 9708 854 9637 8392 6443 2906 7177 5562 3143 6806 8081 876 3767 234 250 9996 4616 1225 2197 2062 1051 4670 8152 8011 1585 1013 9085 5280 3894 4744 3487 8618 5000 9323 5451 3150 8659 4272 7455 9649 6025 931 6056 8311 3435 8958 9214 4716 2805 6731 421 6892 3754 1903 7592 7977 1196 3515 7662 7406 9032 8253 558 6286 5776 2948 6821 1774 5400 3900 7596 1255 69 7665 1912 3647 9758 5657 3334 5437 6368 4948 3681 7855 4356 9033 8668 5206 1336 3401 6194 3931 3989 5102 9602 1222 7240 4756 2283 6379 82 5110 4208 2522 88 9543 9521 5449 8499 6626 8922 6676 5607 4767 5491 764 7481 6516 795 9724 8209 6984 2774 2011 9870 4903 2014 8326 65 5705 7181 9596 6962 2795 9407 6852 9235 5454 654 1309 2077 6878 8931 3185 5212 3752 9577 6290 3882 4517 9262 6413 5754 7600 8895 3831 8068 7920 411 7046 2410 4979 7537 915 2579 7860 9634 9123 7545 7270 908 6969 9683 5896 7645 1695 8912 4917 6679 1037 1715 605 3440 7017 2595 8738 3284 3545 3185 7420 1686 5223 8061 1911 1339 2351 5554 5023 8800 5946 2567 9619 8512 8994 6332 7741 8191 9766 3841 3259 9257 826 9203 4846 64 6475 1398 4818 5028 9458 4368 1268 2602 8975 3488 4862 4909 1792 4459 8932 7704 8392 2260 5873 6974 2426 984 2649 5876 4366 8202 5111 5031 9756 594 2971 1551 7110 6763 9870 7456 204 415 9665 9931 9543
9543 9931 9665 415 204 7456 9870 6763 7110 1551 2971 594 9756 5031 5111 8202 4366 5876 2649 984 2426 6974 5873 2260 8392 7704 8932 4459 1792 4909 4862 3488 8975 2602 1268 4368 9458 5028 4818 1398 6475 64 4846 9203 826 9257 3259 3841 9766 8191 7741 6332 8994 8512 9619 2567 5946 8800 5023 5554 2351 1339 1911 8061 5223 1686 7420 3185 3545 3284 8738 2595 7017 3440 605 1715 1037 6679 4917 8912 1695 7645 5896 9683 6969 908 7270 7545 9123 9634 7860 2579 915 7537 4979 2410 7046 411 7920 8068 3831 8895 7600 5754 6413 9262 4517 3882 6290 9577 3752 5212 3185 8931 6878 2077 1309 654 5454 9235 6852 9407 2795 6962 9596 7181 5705 65 8326 2014 4903 9870 2011 2774 6984 8209 9724 795 6516 7481 764 5491 4767 5607 6676 8922 6626 8499 5449 9521 9543 88 2522 4208 5110 82 6379 2283 4756 7240 1222 9602 5102 3989 3931 6194 3401 1336 5206 8668 9033 4356 7855 3681 4948 6368 5437 3334 5657 9758 3647 1912 7665 69 1255 7596 3900 5400 1774 6821 2948 5776 6286 558 8253 9032 7406 7662 3515 1196 7977 7592 1903 3754 6892 421 6731 2805 4716 9214 8958 3435 8311 6056 931 6025 9649 7455 4272 8659 3150 5451 9323 5000 8618 3487 4744 3894 5280 9085 1013 1585 8011 8152 4670 1051 2062 2197 1225 4616 9996 250 234 3767 876 8081 6806 3143 5562 7177 2906 6443 8392 9637 854 9708 3362 9026 5448 3199 1123 8557 456 5860 1543 3470 3801 2455 4254 1662 3416 5810 6703 3490 5204 7437 2028 1429 9816 9968 3051 5941 2407 3907 4273 6781 4068 4559 4451 1927 6546 3593 782 635 8162 5670 3061 9165 7341 6917 9495 2958 1763 4776 6225 2039 9793 2330 9631 5041 9696 2370 3866 8608 9454 7426 2023 3629 4479 737 6732 3506 7905 9291 671 2217 590 9515 2787 5735 8248 395 3419 9489 716 312 8194 4161 6373 5550 6618 1172 4626 4196 1610 8350 1266 8414 9364 2405 9251 5381 4851 2253 7965 7270 2580 4189 2047 6738 6069 4304 448 3378 5806 6712 2104 3992 9398 2337 8428 623 5295 7118 4106 9718 6038 9549 1945 7415 9705 8965 5316 8950 4014 6356 6729 4960 7284 2181 8066 8138 756 189 4981 6598 2169 7099 3206 2536 2296 2114 3431 66 9466 9902 2407 6817 2600 7607 5382 4091 3777 6614 7227 4879 5734 6727 2555 3468 2937 9128 4235 8200 2963 8193 9227 8465 5778 7768 2381 1328 9126 9101 7695 3309 7369 1516 7103 1116 3019 7244 9568 2422 509 5369 2183 6637 9535 6318 9546 6861 4745 5258 7647 1310 4824 6017 7701 5675 532 6027 6024 8436 1660 461 9467 6229 1444 2926 4638 1521 1986 7268 3809 412 3025 248 8211 3146 4774 9329 6072 1257 690 9382 2327 2372 9706 540 6882 3740 6643 5454 9253 1758 5350 4254 5018 8520 5256 5204 778 5569 4724 7009 8728 3441 2417 7338 8626 5951 325 728 2388 8207 964 6833 3574 3705 2241 4977 355 5284 2333 7527 7907 2967 9935 1677 2044 1749 4369 2115 6081 7791 6853 4000 6465 5375 9098 8829 4652 7701 5845 6986 4552 6280 4211 5479 2512 6325 7845 5348 9133 1857 3728 2516 2187 2280 9644 6404 5622 9522 9758 3580 3820 1453 471 7022 1398 1963 8664 1004 9744 1774 316 6896 3019 5984 7767 6245 6189 5265 6849 4226 5328 8308 3131 7379 4147 1054 3867 6306 2329 5985 2308 8269 3594 1628 3680 2695 7873 1149 4815 1169 5166 4317 1927 5153 802 3698 4535 3743 4572 6896 5646 7367 3254 2672 2516 216 253 6790 368 8389 4029 817 5040 6718 2065 1050 8766 4886 5247 8636 4471 7242 6880 4324 5827 1407 2605 9498 1581 2405 9695 7420 6150 9821 6640 290 3438 5649 6443 3668 4995 8463 7276 660 5274 792 525 1839 888 3777 2126 8341 1461 5134 6741 9153 1837 9848 6656 7994 6123 273 746 1284 1443 1657 5877 1677 1960 375 9327 7818 9611 3581 984 9206 6283 9538 8816 2189 4503 8054 5657 3087 9179 5816 943 7042 6611 2129 198 4447 5456 2537 9809 9869 503 2858 9655 767 1029 3012 9104 4985 9304 4835 362 8781 8002 4050 6522 4349 7374 789 1829 9263 7292 1454 6923 3714 7925 7196 362 6835 5971 1499 5819 4 5746 5759 3554 949 3008 9430 644 9994 1621 6487 5349 4070 3380 937 5576 757 6740 1692 2691 6638 6387 6495 916 838 8756 3355 8913 8932 9043 9581 3463 5079 1834 6115 4521 3601 1633 9479 6396 1402 2282 4851 9935 42 5679 2325 1735 9421 885 1639 1861 3374 7261 7830 815 9395 1649 1288 2533 6269 5053 1640 7759 8117 9417 2755 7840 7833 5527 8265 2729 1710 6589 3901 2271 4795 8137 355 7595 7241 2373 150 1411 5847 2534 2014 9369 4217 9258 6514 719 4317 807 2743 7549 1295 8757 3007 5797 5247 3404 4659 2113 8571 4917 6289 54 8680 7153 8611 2448 1541 6016 5569 5428 8977 4956 3002 6924 7226 5643 5209 9351 4447 3507 3672 3948 402 457 4724 547 3231 2074 4820 870 8516 4100 8731 3407 5552 8543 2401 5465 9034 1411 6299 2652 8647 5721 3085 8783 6824 7897 5602 9789 1910 455 2158 6228 8298 9924 9386 9536 9131 4072 5971 1200 8649 1567 2044 5382 9630 1327 9100 2411 7273 2733 1890 1025 8133 3909 3160 9380 6232 284 4942 1284 5098 7989 7278 8969 5357 8063 9312 9183 1359 2756 4515 3977 9963 9596 1137 232 4318 9376 3200 2563 3847 5968 6066 417 3185 8193 6683 3129 4038 2846 7909 2254 959 1371 1067 6748 5023 925 8149 9578 4890 7990 2662 4656 7538 8529 7092 5849 804 841 1260 3789 4964 6086 5499 9659 3508 1860 5518 1477 665 7964 728 109 8576 2625 252 2722 6892 6977 126 3586 7795 2679 7527 4669 2597 7544 4820 6878 8289 6786 6440 414 63 4534 6900 9567 1349 6045 4273 8804 986 8138 233 3602 1255 9941 3934 5078 7190 4383 2449 5356 4395 6458 1091 9431 1104 1866 5523 8975 2837 7184 8988 383 8700 6487 3082 4856 4046 7150 5337 8733 2127 2772 4931 9277 474 4501 9211 6648 7483 1579 4468 7178 7485 955 5696 7592 1817 7073 6082 3824 832 5473 9021 1758 292 5205 9911 5197 8259 675 6878 6439 6042 6502 3240 640 9105 9793 1342 7241 6271 8175 8129 9273 4537 8205 135 2392 5767 7747 7998 4992 7680 663 5391 7740 7554 6839 314 3017 8475 96 3222 7922 9755 8648 822 5644 7323 3004 2882 6562 3234 7391 9773 6555 7215 7967 5235 6168 7789 4914 931 6414 8587 5006 1843 1352 3727 7669 7621 4170 9813 8883 2115 2524 1385 3810 2844 5627 1890 3317 2064 3238 9170 6244 3424 7928 2557 1522 1149 7117 7492 5197 9271 1382 6324 4067 8097 2286 5655 7366 6642 5236 6255 7548 8887 8560 3398 3746 4871 6980 8436 5242 8493 1316 7465 8151 9863 8748 6402 4462 3600 3997 2382 5660 7010 3955 2736 6441 245 2222 255 8765 8584 7796 3761 9998 6328 3948 873 8918 5260 7985 5337 467 327 29 2550 905 8148 7556 2316 7625 5448 9671 3720 2395 7608 8683 5638 9848 472 6768 2124 6579 6294 5641 2503 7942 809 1405 3484 5215 6009 4475 8349 3194 2537 5186 7309 3324 2867 1873 9484 5859 9187 8009 886 5347 4242 945 8137 4372 595 5371 4573 5736 2019 9249 8044 6660 8745 1252 2439 9888 4442 8227 1278 6315 6020 5862 8655 8329 1869 8995 4529 6571 3871 6398 69 9483 4097 7859 9460 6707 1933 4027 2058 3969 6741 2408 7184 3733 7413 4797 5928 3494 3235 7081 4402 2928 3701 2448 3721 2545 9210 7132 8184 4989 3696 4672 6616 117 1552 4062 955 2926 6328 1503 2543 6147 1845 6400 4188 8343 3610 4957 3368 8020 5126 3792 5647 1742 5967 8018 410 6346 573 3521 6339 9876 5573 5339 7458 8269 4628 9620 1265 1525 9775 3500 7900 4885 5152 748 826 8181 4513 2441 1365 7275 4872 7981 5295 9877 606 9591 7424 2986 3374 5127 9112 9567 8504 6548 7169 5834 2183 7807 7612 4842 9937 6218 9274 9806 5762 3129 1542 8096 5899 3263 6193 5553 6626 6117 7457 665 6471 9502 6533 7796 6459 6014 118 8188 9152 7 9688 9865 6629 4335 8825 2456 5862 5970 4978 9902 4036 1062 1946 4896 2676 2939 641 1530 4530 3582 75 3758 2763 3234 9433 1931 2985 3870 1327 6507 2463 9285 8157 2349 7319 8801 794 7524 801 8495 5371 8855 3317 7553 7063 2481 7773 961 1888 9540 1044 5733 4301 3124 1582 1411 5033 54 92 9511 5098 7828 1170 6295 57 6871 2686 580 579 1593 7730 3297 1288 2120 9797 2215 9634 4918 8023 8530 9445 4573 888 3812 1874 4245 4706 7836 4274 426 8589 3043 6989 6417 9390 7677 9220 6387 3441 2939 4737 3824 8591 9603 2508 634 432 6608 8722 6770 8143 7192 4180 475 9869 6400 3046 477 4339 6207 9141 5253 2355 8825 8664 9632 751 9694 9516 2622 1567 2777 1240 4976 399 2543 5280 2938 4488 7754 2123 9165 3601 3383 5514 3521 4802 1060 5734 2011 3469 1845 4154 5868 5436 2023 3988 3771 548 4114 8137 3702 4155 1542 4620 4888 6598 5021 324 5866 7072 5346 7154 6484 6002 8402 6991 9963 4484 1387 3446 7935 5853 319 1871 149 8835 2536 6817 4579 2355 785 4021 8616 4415 9612 4389 7393 7435 2843 3631 3496 3945 7280 7796 2425 7142 9827 7105 5194 154 9226 7579 6474 6941 6487 3213 4958 3825 3757 7434 4881 8857 4774 412 5851 9269 1444 8180 6029 3525 7920 2290 8036 5027 785 968 2300 3633 8222 4023 2444 7969 3363 3710 6021 3021 9958 3238 1165 7148 3223 7279 3089 7625 8286 8346 4497 5057 6497 1879 2973 3821 9666 3536 838 3593 9901 5148 9758 5212 8998 4969 9811 3316 8936 9273 4505 7975 3430 8728 7941 5347 8147 2950 2390 9211 6044 8391 1992 5260 1555 5351 6448 904 5136 3234 7 2849 4504 7284 7477 8440 2638 8440 966 1839 3368 2127 1646 1627 9263 5043 4601 8012 8029 4339 2944 1426 2175 7430 6001 5549 2526 2085 9267 65 5879 5493 1513 2660 3774 7793 3053 181 2816 8940 835 1555 9193 2852 7619 5026 8465 3160 6511 7904 9510 6696 2699 4327 7206 6621 9421 5306 1374 5184 4894 4974 5098 1903 165 7023 4570 4910 3727 8108 633 1727 3727 9993 1932 6475 8581 6592 8451 9380 2563 4355 756 4769 6727 860 1018 7441 2802 4616 7430 8543 7705 6147 5862 3001 991 1694 5975 1575 4519 7553 6452 8714 1576 327 7877 5098 7558 7762 6376 445 9159 970 102 6060 30 4824 2756 8601 8813 2938 705 4376 4343 4325 4104 2384 9381 7441 4815 5760 2474 4394 9287 5341 3128 4470 3012 2261 5900 9994 5233 6603 5341 2139 7296 4627 2882 631 939 233 5925 5541 4520 1912 471 8164 1975 4723 5876 8117 4489 8739 2824 6109 8449
9543 9931 9665 415 204 7456 9870 6763 7110 1551 2971 594 9756 5031 5111 8202 4366 5876 2649 984 2426 6974 5873 2260 8392 7704 8932 4459 1792 4909 4862 3488 8975 2602 1268 4368 9458 5028 4818 1398 6475 64 4846 9203 826 9257 3259 3841 9766 8191 7741 6332 8994 8512 9619 2567 5946 8800 5023 5554 2351 1339 1911 8061 5223 1686 7420 3185 3545 3284 8738 2595 7017 3440 605 1715 1037 6679 4917 8912 1695 7645 5896 9683 6969 908 7270 7545 9123 9634 7860 2579 915 7537 4979 2410 7046 411 7920 8068 3831 8895 7600 5754 6413 9262 4517 3882 6290 9577 3752 5212 3185 8931 6878 2077 1309 654 5454 9235 6852 9407 2795 6962 9596 7181 5705 65 8326 2014 4903 9870 2011 2774 6984 8209 9724 795 6516 7481 764 5491 4767 5607 6676 8922 6626 8499 5449 9521 9543 88 2522 4208 5110 82 6379 2283 4756 7240 1222 9602 5102 3989 3931 6194 3401 1336 5206 8668 9033 4356 7855 3681 4948 6368 5437 3334 5657 9758 3647 1912 7665 69 1255 7596 3900 5400 1774 6821 2948 5776 6286 558 8253 9032 7406 7662 3515 1196 7977 7592 1903 3754 6892 421 6731 2805 4716 9214 8958 3435 8311 6056 931 6025 9649 7455 4272 8659 3150 5451 9323 5000 8618 3487 4744 3894 5280 9085 1013 1585 8011 8152 4670 1051 2062 2197 1225 4616 9996 250 234 3767 876 8081 6806 3143 5562 7177 2906 6443 8392 9637 854 9708 3362 9026 5448 3199 1123 8557 456 5860 1543 3470 3801 2455 4254 1662 3416 5810 6703 3490 5204 7437 2028 1429 9816 9968 3051 5941 2407 3907 4273 6781 4068 4559 4451 1927 6546 3593 782 635 8162 5670 3061 9165 7341 6917 9495 2958 1763 4776 6225 2039 9793 2330 9631 5041 9696 2370 3866 8608 9454 7426 2023 3629 4479 737 6732 3506 7905 9291 671 2217 590 9515 2787 5735 8248 395 3419 9489 716 312 8194 4161 6373 5550 6618 1172 4626 4196 1610 8350 1266 8414 9364 2405 9251 5381 4851 2253 7965 7270 2580 4189 2047 6738 6069 4304 448 3378 5806 6712 2104 3992 9398 2337 8428 623 5295 7118 4106 9718 6038 9549 1945 7415 9705 8965 5316 8950 4014 6356 6729 4960 7284 2181 8066 8138 756 189 4981 6598 2169 7099 3206 2536 2296 2114 3431 66 9466 9902 2407 6817 2600 7607 5382 4091 3777 6614 7227 4879 5734 6727 2555 3468 2937 9128 4235 8200 2963 8193 9227 8465 5778 7768 2381 1328 9126 9101 7695 3309 7369 1516 7103 1116 3019 7244 9568 2422 509 5369 2183 6637 9535 6318 9546 6861 4745 5258 7647 1310 4824 6017 7701 5675 532 6027 6024 8436 1660 461 9467 6229 1444 2926 4638 1521 1986 7268 3809 412 3025 248 8211 3146 4774 9329 6072 1257 690 9382 2327 2372 9706 540 6882 3740 6643 5454 9253 1758 5350 4254 5018 8520 5256 5204 778 5569 4724 7009 8728 3441 2417 7338 8626 5951 325 728 2388 8207 964 6833 3574 3705 2241 4977 355 5284 2333 7527 7907 2967 9935 1677 2044 1749 4369 2115 6081 7791 6853 4000 6465 5375 9098 8829 4652 7701 5845 6986 4552 6280 4211 5479 2512 6325 7845 5348 9133 1857 3728 2516 2187 2280 9644 6404 5622 9522 9758 3580 3820 1453 471 7022 1398 1963 8664 1004 9744 1774 316 6896 3019 5984 7767 6245 6189 5265 6849 4226 5328 8308 3131 7379 4147 1054 3867 6306 2329 5985 2308 8269 3594 1628 3680 2695 7873 1149 4815 1169 5166 4317 1927 5153 802 3698 4535 3743 4572 6896 5646 7367 3254 2672 2516 216 253 6790 368 8389 4029 817 5040 6718 2065 1050 8766 4886 5247 8636 4471 7242 6880 4324 5827 1407 2605 9498 1581 2405 9695 7420 6150 9821 6640 290 3438 5649 6443 3668 4995 8463 7276 660 5274 792 525 1839 888 3777 2126 8341 1461 5134 6741 9153 1837 9848 6656 7994 6123 273 746 1284 1443 1657 5877 1677 1960 375 9327 7818 9611 3581 984 9206 6283 9538 8816 2189 4503 8054 5657 3087 9179 5816 943 7042 6611 2129 198 4447 5456 2537 9809 9869 503 2858 9655 767 1029 3012 9104 4985 9304 4835 362 8781 8002 4050 6522 4349 7374 789 1829 9263 7292 1454 6923 3714 7925 7196 362 6835 5971 1499 5819 4 5746 5759 3554 949 3008 9430 644 9994 1621 6487 5349 4070 3380 937 5576 757 6740 1692 2691 6638 6387 6495 916 838 8756 3355 8913 8932 9043 9581 3463 5079 1834 6115 4521 3601 1633 9479 6396 1402 2282 4851 9935 42 5679 2325 1735 9421 885 1639 1861 3374 7261 7830 815 9395 1649 1288 2533 6269 5053 1640 7759 8117 9417 2755 7840 7833 5527 8265 2729 1710 6589 3901 2271 4795 8137 355 7595 7241 2373 150 1411 5847 2534 2014 9369 4217 9258 6514 719 4317 807 2743 7549 1295 8757 3007 5797 5247 3404 4659 2113 8571 4917 6289 54 8680 7153 8611 2448 1541 6016 5569 5428 8977 4956 3002 6924 7226 5643 5209 9351 4447 3507 3672 3948 402 457 4724 547 3231 2074 4820 870 8516 4100 8731 3407 5552 8543 2401 5465 9034 1411 6299 2652 8647 5721 3085 8783 6824 7897 5602 9789 1910 455 2158 6228 8298 9924 9386 9536 9131 4072 5971 1200 8649 1567 2044 5382 9630 1327 9100 2411 7273 2733 1890 1025 8133 3909 3160 9380 6232 284 4942 1284 5098 7989 7278 8969 5357 8063 9312 9183 1359 2756 4515 3977 9963 9596 1137 232 4318 9376 3200 2563 3847 5968 6066 417 3185 8193 6683 3129 4038 2846 7909 2254 959 1371 1067 6748 5023 925 8149 9578 4890 7990 2662 4656 7538 8529 7092 5849 804 841 1260 3789 4964 6086 5499 9659 3508 1860 5518 1477 665 7964 728 109 8576 2625 252 2722 6892 6977 126 3586 7795 2679 7527 4669 2597 7544 4820 6878 8289 6786 6440 414 63 4534 6900 9567 1349 6045 4273 8804 986 8138 233 3602 1255 9941 3934 5078 7190 4383 2449 5356 4395 6458 1091 9431 1104 1866 5523 8975 2837 7184 8988 383 8700 6487 3082 4856 4046 7150 5337 8733 2127 2772 4931 9277 474 4501 9211 6648 7483 1579 4468 7178 7485 955 5696 7592 1817 7073 6082 3824 832 5473 9021 1758 292 5205 9911 5197 8259 675 6878 6439 6042 6502 3240 640 9105 9793 1342 7241 6271 8175 8129 9273 4537 8205 135 2392 5767 7747 7998 4992 7680 663 5391 7740 7554 6839 314 3017 8475 96 3222 7922 9755 8648 822 5644 7323 3004 2882 6562 3234 7391 9773 6555 7215 7967 5235 6168 7789 4914 931 6414 8587 5006 1843 1352 3727 7669 7621 4170 9813 8883 2115 2524 1385 3810 2844 5627 1890 3317 2064 3238 9170 6244 3424 7928 2557 1522 1149 7117 7492 5197 9271 1382 6324 4067 8097 2286 5655 7366 6642 5236 6255 7548 8887 8560 3398 3746 4871 6980 8436 5242 8493 1316 7465 8151 9863 8748 6402 4462 3600 3997 2382 5660 7010 3955 2736 6441 245 2222 255 8765 8584 7796 3761 9998 6328 3948 873 8918 5260 7985 5337 467 327 29 2550 905 8148 7556 2316 7625 5448 9671 3720 2395 7608 8683 5638 9848 472 6768 2124 6579 6294 5641 2503 7942 809 1405 3484 5215 6009 4475 8349 3194 2537 5186 7309 3324 2867 1873 9484 5859 9187 8009 886 5347 4242 945 8137 4372 595 5371 4573 5736 2019 9249 8044 6660 8745 1252 2439 9888 4442 8227 1278 6315 6020 5862 8655 8329 1869 8995 4529 6571 3871 6398 69 9483 4097 7859 9460 6707 1933 4027 2058 3969 6741 2408 7184 3733 7413 4797 5928 3494 3235 7081 4402 2928 3701 2448 3721 2545 9210 7132 8184 4989 3696 4672 6616 117 1552 4062 955 2926 6328 1503 2543 6147 1845 6400 4188 8343 3610 4957 3368 8020 5126 3792 5647 1742 5967 8018 410 6346 573 3521 6339 9876 5573 5339 7458 8269 4628 9620 1265 1525 9775 3500 7900 4885 5152 748 826 8181 4513 2441 1365 7275 4872 7981 5295 9877 606 9591 7424 2986 3374 5127 9112 9567 8504 6548 7169 5834 2183 7807 7612 4842 9937 6218 9274 9806 5762 3129 1542 8096 5899 3263 6193 5553 6626 6117 7457 665 6471 9502 6533 7796 6459 6014 118 8188 9152 7 9688 9865 6629 4335 8825 2456 5862 5970 4978 9902 4036 1062 1946 4896 2676 2939 641 1530 4530 3582 75 3758 2763 3234 9433 1931 2985 3870 1327 6507 2463 9285 8157 2349 7319 8801 794 7524 801 8495 5371 8855 3317 7553 7063 2481 7773 961 1888 9540 1044 5733 4301 3124 1582 1411 5033 54 92 9511 5098 7828 1170 6295 57 6871 2686 580 579 1593 7730 3297 1288 2120 9797 2215 9634 4918 8023 8530 9445 4573 888 3812 1874 4245 4706 7836 4274 426 8589 3043 6989 6417 9390 7677 9220 6387 3441 2939 4737 3824 8591 9603 2508 634 432 6608 8722 6770 8143 7192 4180 475 9869 6400 3046 477 4339 6207 9141 5253 2355 8825 8664 9632 751 9694 9516 2622 1567 2777 1240 4976 399 2543 5280 2938 4488 7754 2123 9165 3601 3383 5514 3521 4802 1060 5734 2011 3469 1845 4154 5868 5436 2023 3988 3771 548 4114 8137 3702 4155 1542 4620 4888 6598 5021 324 5866 7072 5346 7154 6484 6002 8402 6991 9963 4484 1387 3446 7935 5853 319 1871 149 8835 2536 6817 4579 2355 785 4021 8616 4415 9612 4389 7393 7435 2843 3631 3496 3945 7280 7796 2425 7142 9827 7105 5194 154 9226 7579 6474 6941 6487 3213 4958 3825 3757 7434 4881 8857 4774 412 5851 9269 1444 8180 6029 3525 7920 2290 8036 5027 785 968 2300 3633 8222 4023 2444 7969 3363 3710 6021 3021 9958 3238 1165 7148 3223 7279 3089 7625 8286 8346 4497 5057 6497 1879 2973 3821 9666 3536 838 3593 9901 5148 9758 5212 8998 4969 9811 3316 8936 9273 4505 7975 3430 8728 7941 5347 8147 2950 2390 9211 6044 8391 1992 5260 1555 5351 6448 904 5136 3234 7 2849 4504 7284 7477 8440 2638 8440 966 1839 3368 2127 1646 1627 9263 5043 4601 8012 8029 4339 2944 1426 2175 7430 6001 5549 2526 2085 9267 65 5879 5493 1513 2660 3774 7793 3053 181 2816 8940 835 1555 9193 2852 7619 5026 8465 3160 6511 7904 9510 6696 2699 4327 7206 6621 9421 5306 1374 5184 4894 4974 5098 1903 165 7023 4570 4910 3727 8108 633 1727 3727 9993 1932 6475 8581 6592 8451 9380 2563 4355 756 4769 6727 860 1018 7441 2802 4616 7430 8543 7705 6147 5862 3001 991 1694 5975 1575 4519 7553 6452 8714 1576 327 7877 5098 7558 7762 6376 445 9159 970 102 6060 30 4824 2756 8601 8813 2938 705 4376 4343 4325 4104 2384 9381 7441 4815 5760 2474 4394 9287 5341 3128 4470 3012 2261 5900 9994 5233 6603 5341 2139 7296 4627 2882 631 939 233 5925 5541 4520 1912 471 8164 1975 4723 5876 8117 4489 8739 2824 6109 8449
8449 6109 2824 8739 4489 8117 5876 4723 1975 8164 471 1912 4520 5541 5925 233 939 631 2882 4627 7296 2139 5341 6603 5233 9994 5900 2261 3012 4470 3128 5341 9287 4394 2474 5760 4815 7441 9381 2384 4104 4325 4343 4376 705 2938 8813 8601 2756 4824 30 6060 102 970 9159 445 6376 7762 7558 5098 7877 327 1576 8714 6452 7553 4519 1575 5975 1694 991 3001 5862 6147 7705 8543 7430 4616 2802 7441 1018 860 6727 4769 756 4355 2563 9380 8451 6592 8581 6475 1932 9993 3727 1727 633 8108 3727 4910 4570 7023 165 1903 5098 4974 4894 5184 1374 5306 9421 6621 7206 4327 2699 6696 9510 7904 6511 3160 8465 5026 7619 2852 9193 1555 835 8940 2816 181 3053 7793 3774 2660 1513 5493 5879 65 9267 2085 2526 5549 6001 7430 2175 1426 2944 4339 8029 8012 4601 5043 9263 1627 1646 2127 3368 1839 966 8440 2638 8440 7477 7284 4504 2849 7 3234 5136 904 6448 5351 1555 5260 1992 8391 6044 9211 2390 2950 8147 5347 7941 8728 3430 7975 4505 9273 8936 3316 9811 4969 8998 5212 9758 5148 9901 3593 838 3536 9666 3821 2973 1879 6497 5057 4497 8346 8286 7625 3089 7279 3223 7148 1165 3238 9958 3021 6021 3710 3363 7969 2444 4023 8222 3633 2300 968 785 5027 8036 2290 7920 3525 6029 8180 1444 9269 5851 412 4774 8857 4881 7434 3757 3825 4958 3213 6487 6941 6474 7579 9226 154 5194 7105 9827 7142 2425 7796 7280 3945 3496 3631 2843 7435 7393 4389 9612 4415 8616 4021 785 2355 4579 6817 2536 8835 149 1871 319 5853 7935 3446 1387 4484 9963 6991 8402 6002 6484 7154 5346 7072 5866 324 5021 6598 4888 4620 1542 4155 3702 8137 4114 548 3771 3988 2023 5436 5868 4154 1845 3469 2011 5734 1060 4802 3521 5514 3383 3601 9165 2123 7754 4488 2938 5280 2543 399 4976 1240 2777 1567 2622 9516 9694 751 9632 8664 8825 2355 5253 9141 6207 4339 477 3046 6400 9869 475 4180 7192 8143 6770 8722 6608 432 634 2508 9603 8591 3824 4737 2939 3441 6387 9220 7677 9390 6417 6989 3043 8589 426 4274 7836 4706 4245 1874 3812 888 4573 9445 8530 8023 4918 9634 2215 9797 2120 1288 3297 7730 1593 579 580 2686 6871 57 6295 1170 7828 5098 9511 92 54 5033 1411 1582 3124 4301 5733 1044 9540 1888 961 7773 2481 7063 7553 3317 8855 5371 8495 801 7524 794 8801 7319 2349 8157 9285 2463 6507 1327 3870 2985 1931 9433 3234 2763 3758 75 3582 4530 1530 641 2939 2676 4896 1946 1062 4036 9902 4978 5970 5862 2456 8825 4335 6629 9865 9688 7 9152 8188 118 6014 6459 7796 6533 9502 6471 665 7457 6117 6626 5553 6193 3263 5899 8096 1542 3129 5762 9806 9274 6218 9937 4842 7612 7807 2183 5834 7169 6548 8504 9567 9112 5127 3374 2986 7424 9591 606 9877 5295 7981 4872 7275 1365 2441 4513 8181 826 748 5152 4885 7900 3500 9775 1525 1265 9620 4628 8269 7458 5339 5573 9876 6339 3521 573 6346 410 8018 5967 1742 5647 3792 5126 8020 3368 4957 3610 8343 4188 6400 1845 6147 2543 1503 6328 2926 955 4062 1552 117 6616 4672 3696 4989 8184 7132 9210 2545 3721 2448 3701 2928 4402 7081 3235 3494 5928 4797 7413 3733 7184 2408 6741 3969 2058 4027 1933 6707 9460 7859 4097 9483 69 6398 3871 6571 4529 8995 1869 8329 8655 5862 6020 6315 1278 8227 4442 9888 2439 1252 8745 6660 8044 9249 2019 5736 4573 5371 595 4372 8137 945 4242 5347 886 8009 9187 5859 9484 1873 2867 3324 7309 5186 2537 3194 8349 4475 6009 5215 3484 1405 809 7942 2503 5641 6294 6579 2124 6768 472 9848 5638 8683 7608 2395 3720 9671 5448 7625 2316 7556 8148 905 2550 29 327 467 5337 7985 5260 8918 873 3948 6328 9998 3761 7796 8584 8765 255 2222 245 6441 2736 3955 7010 5660 2382 3997 3600 4462 6402 8748 9863 8151 7465 1316 8493 5242 8436 6980 4871 3746 3398 8560 8887 7548 6255 5236 6642 7366 5655 2286 8097 4067 6324 1382 9271 5197 7492 7117 1149 1522 2557 7928 3424 6244 9170 3238 2064 3317 1890 5627 2844 3810 1385 2524 2115 8883 9813 4170 7621 7669 3727 1352 1843 5006 8587 6414 931 4914 7789 6168 5235 7967 7215 6555 9773 7391 3234 6562 2882 3004 7323 5644 822 8648 9755 7922 3222 96 8475 3017 314 6839 7554 7740 5391 663 7680 4992 7998 7747 5767 2392 135 8205 4537 9273 8129 8175 6271 7241 1342 9793 9105 640 3240 6502 6042 6439 6878 675 8259 5197 9911 5205 292 1758 9021 5473 832 3824 6082 7073 1817 7592 5696 955 7485 7178 4468 1579 7483 6648 9211 4501 474 9277 4931 2772 2127 8733 5337 7150 4046 4856 3082 6487 8700 383 8988 7184 2837 8975 5523 1866 1104 9431 1091 6458 4395 5356 2449 4383 7190 5078 3934 9941 1255 3602 233 8138 986 8804 4273 6045 1349 9567 6900 4534 63 414 6440 6786 8289 6878 4820 7544 2597 4669 7527 2679 7795 3586 126 6977 6892 2722 252 2625 8576 109 728 7964 665 1477 5518 1860 3508 9659 5499 6086 4964 3789 1260 841 804 5849 7092 8529 7538 4656 2662 7990 4890 9578 8149 925 5023 6748 1067 1371 959 2254 7909 2846 4038 3129 6683 8193 3185 417 6066 5968 3847 2563 3200 9376 4318 232 1137 9596 9963 3977 4515 2756 1359 9183 9312 8063 5357 8969 7278 7989 5098 1284 4942 284 6232 9380 3160 3909 8133 1025 1890 2733 7273 2411 9100 1327 9630 5382 2044 1567 8649 1200 5971 4072 9131 9536 9386 9924 8298 6228 2158 455 1910 9789 5602 7897 6824 8783 3085 5721 8647 2652 6299 1411 9034 5465 2401 8543 5552 3407 8731 4100 8516 870 4820 2074 3231 547 4724 457 402 3948 3672 3507 4447 9351 5209 5643 7226 6924 3002 4956 8977 5428 5569 6016 1541 2448 8611 7153 8680 54 6289 4917 8571 2113 4659 3404 5247 5797 3007 8757 1295 7549 2743 807 4317 719 6514 9258 4217 9369 2014 2534 5847 1411 150 2373 7241 7595 355 8137 4795 2271 3901 6589 1710 2729 8265 5527 7833 7840 2755 9417 8117 7759 1640 5053 6269 2533 1288 1649 9395 815 7830 7261 3374 1861 1639 885 9421 1735 2325 5679 42 9935 4851 2282 1402 6396 9479 1633 3601 4521 6115 1834 5079 3463 9581 9043 8932 8913 3355 8756 838 916 6495 6387 6638 2691 1692 6740 757 5576 937 3380 4070 5349 6487 1621 9994 644 9430 3008 949 3554 5759 5746 4 5819 1499 5971 6835 362 7196 7925 3714 6923 1454 7292 9263 1829 789 7374 4349 6522 4050 8002 8781 362 4835 9304 4985 9104 3012 1029 767 9655 2858 503 9869 9809 2537 5456 4447 198 2129 6611 7042 943 5816 9179 3087 5657 8054 4503 2189 8816 9538 6283 9206 984 3581 9611 7818 9327 375 1960 1677 5877 1657 1443 1284 746 273 6123 7994 6656 9848 1837 9153 6741 5134 1461 8341 2126 3777 888 1839 525 792 5274 660 7276 8463 4995 3668 6443 5649 3438 290 6640 9821 6150 7420 9695 2405 1581 9498 2605 1407 5827 4324 6880 7242 4471 8636 5247 4886 8766 1050 2065 6718 5040 817 4029 8389 368 6790 253 216 2516 2672 3254 7367 5646 6896 4572 3743 4535 3698 802 5153 1927 4317 5166 1169 4815 1149 7873 2695 3680 1628 3594 8269 2308 5985 2329 6306 3867 1054 4147 7379 3131 8308 5328 4226 6849 5265 6189 6245 7767 5984 3019 6896 316 1774 9744 1004 8664 1963 1398 7022 471 1453 3820 3580 9758 9522 5622 6404 9644 2280 2187 2516 3728 1857 9133 5348 7845 6325 2512 5479 4211 6280 4552 6986 5845 7701 4652 8829 9098 5375 6465 4000 6853 7791 6081 2115 4369 1749 2044 1677 9935 2967 7907 7527 2333 5284 355 4977 2241 3705 3574 6833 964 8207 2388 728 325 5951 8626 7338 2417 3441 8728 7009 4724 5569 778 5204 5256 8520 5018 4254 5350 1758 9253 5454 6643 3740 6882 540 9706 2372 2327 9382 690 1257 6072 9329 4774 3146 8211 248 3025 412 3809 7268 1986 1521 4638 2926 1444 6229 9467 461 1660 8436 6024 6027 532 5675 7701 6017 4824 1310 7647 5258 4745 6861 9546 6318 9535 6637 2183 5369 509 2422 9568 7244 3019 1116 7103 1516 7369 3309 7695 9101 9126 1328 2381 7768 5778 8465 9227 8193 2963 8200 4235 9128 2937 3468 2555 6727 5734 4879 7227 6614 3777 4091 5382 7607 2600 6817 2407 9902 9466 66 3431 2114 2296 2536 3206 7099 2169 6598 4981 189 756 8138 8066 2181 7284 4960 6729 6356 4014 8950 5316 8965 9705 7415 1945 9549 6038 9718 4106 7118 5295 623 8428 2337 9398 3992 2104 6712 5806 3378 448 4304 6069 6738 2047 4189 2580 7270 7965 2253 4851 5381 9251 2405 9364 8414 1266 8350 1610 4196 4626 1172 6618 5550 6373 4161 8194 312 716 9489 3419 395 8248 5735 2787 9515 590 2217 671 9291 7905 3506 6732 737 4479 3629 2023 7426 9454 8608 3866 2370 9696 5041 9631 2330 9793 2039 6225 4776 1763 2958 9495 6917 7341 9165 3061 5670 8162 635 782 3593 6546 1927 4451 4559 4068 6781 4273 3907 2407 5941 3051 9968 9816 1429 2028 7437 5204 3490 6703 5810 3416 1662 4254 2455 3801 3470 1543 5860 456 8557 1123 3199 5448 9026 3362 9708 854 9637 8392 6443 2906 7177 5562 3143 6806 8081 876 3767 234 250 9996 4616 1225 2197 2062 1051 4670 8152 8011 1585 1013 9085 5280 3894 4744 3487 8618 5000 9323 5451 3150 8659 4272 7455 9649 6025 931 6056 8311 3435 8958 9214 4716 2805 6731 421 6892 3754 1903 7592 7977 1196 3515 7662 7406 9032 8253 558 6286 5776 2948 6821 1774 5400 3900 7596 1255 69 7665 1912 3647 9758 5657 3334 5437 6368 4948 3681 7855 4356 9033 8668 5206 1336 3401 6194 3931 3989 5102 9602 1222 7240 4756 2283 6379 82 5110 4208 2522 88 9543 9521 5449 8499 6626 8922 6676 5607 4767 5491 764 7481 6516 795 9724 8209 6984 2774 2011 9870 4903 2014 8326 65 5705 7181 9596 6962 2795 9407 6852 9235 5454 654 1309 2077 6878 8931 3185 5212 3752 9577 6290 3882 4517 9262 6413 5754 7600 8895 3831 8068 7920 411 7046 2410 4979 7537 915 2579 7860 9634 9123 7545 7270 908 6969 9683 5896 7645 1695 8912 4917 6679 1037 1715 605 3440 7017 2595 8738 3284 3545 3185 7420 1686 5223 8061 1911 1339 2351 5554 5023 8800 5946 2567 9619 8512 8994 6332 7741 8191 9766 3841 3259 9257 826 9203 4846 64 6475 1398 4818 5028 9458 4368 1268 2602 8975 3488 4862 4909 1792 4459 8932 7704 8392 2260 5873 6974 2426 984 2649 5876 4366 8202 5111 5031 9756 594 2971 1551 7110 6763 9870 7456 204 415 9665 9931 9543
9543 9931 9665 415 204 7456 9870 6763 7110 1551 2971 594 9756 5031 5111 8202 4366 5876 2649 984 2426 6974 5873 2260 8392 7704 8932 4459 1792 4909 4862 3488 8975 2602 1268 4368 9458 5028 4818 1398 6475 64 4846 9203 826 9257 3259 3841 9766 8191 7741 6332 8994 8512 9619 2567 5946 8800 5023 5554 2351 1339 1911 8061 5223 1686 7420 3185 3545 3284 8738 2595 7017 3440 605 1715 1037 6679 4917 8912 1695 7645 5896 9683 6969 908 7270 7545 9123 9634 7860 2579 915 7537 4979 2410 7046 411 7920 8068 3831 8895 7600 5754 6413 9262 4517 3882 6290 9577 3752 5212 3185 8931 6878 2077 1309 654 5454 9235 6852 9407 2795 6962 9596 7181 5705 65 8326 2014 4903 9870 2011 2774 6984 8209 9724 795 6516 7481 764 5491 4767 5607 6676 8922 6626 8499 5449 9521 9543 88 2522 4208 5110 82 6379 2283 4756 7240 1222 9602 5102 3989 3931 6194 3401 1336 5206 8668 9033 4356 7855 3681 4948 6368 5437 3334 5657 9758 3647 1912 7665 69 1255 7596 3900 5400 1774 6821 2948 5776 6286 558 8253 9032 7406 7662 3515 1196 7977 7592 1903 3754 6892 421 6731 2805 4716 9214 8958 3435 8311 6056 931 6025 9649 7455 4272 8659 3150 5451 9323 5000 8618 3487 4744 3894 5280 9085 1013 1585 8011 8152 4670 1051 2062 2197 1225 4616 9996 250 234 3767 876 8081 6806 3143 5562 7177 2906 6443 8392 9637 854 9708 3362 9026 5448 3199 1123 8557 456 5860 1543 3470 3801 2455 4254 1662 3416 5810 6703 3490 5204 7437 2028 1429 9816 9968 3051 5941 2407 3907 4273 6781 4068 4559 4451 1927 6546 3593 782 635 8162 5670 3061 9165 7341 6917 9495 2958 1763 4776 6225 2039 9793 2330 9631 5041 9696 2370 3866 8608 9454 7426 2023 3629 4479 737 6732 3506 7905 9291 671 2217 590 9515 2787 5735 8248 395 3419 9489 716 312 8194 4161 6373 5550 6618 1172 4626 4196 1610 8350 1266 8414 9364 2405 9251 5381 4851 2253 7965 7270 2580 4189 2047 6738 6069 4304 448 3378 5806 6712 2104 3992 9398 2337 8428 623 5295 7118 4106 9718 6038 9549 1945 7415 9705 8965 5316 8950 4014 6356 6729 4960 7284 2181 8066 8138 756 189 4981 6598 2169 7099 3206 2536 2296 2114 3431 66 9466 9902 2407 6817 2600 7607 5382 4091 3777 6614 7227 4879 5734 6727 2555 3468 2937 9128 4235 8200 2963 8193 9227 8465 5778 7768 2381 1328 9126 9101 7695 3309 7369 1516 7103 1116 3019 7244 9568 2422 509 5369 2183 6637 9535 6318 9546 6861 4745 5258 7647 1310 4824 6017 7701 5675 532 6027 6024 8436 1660 461 9467 6229 1444 2926 4638 1521 1986 7268 3809 412 3025 248 8211 3146 4774 9329 6072 1257 690 9382 2327 2372 9706 540 6882 3740 6643 5454 9253 1758 5350 4254 5018 8520 5256 5204 778 5569 4724 7009 8728 3441 2417 7338 8626 5951 325 728 2388 8207 964 6833 3574 3705 2241 4977 355 5284 2333 7527 7907 2967 9935 1677 2044 1749 4369 2115 6081 7791 6853 4000 6465 5375 9098 8829 4652 7701 5845 6986 4552 6280 4211 5479 2512 6325 7845 5348 9133 1857 3728 2516 2187 2280 9644 6404 5622 9522 9758 3580 3820 1453 471 7022 1398 1963 8664 1004 9744 1774 316 6896 3019 5984 7767 6245 6189 5265 6849 4226 5328 8308 3131 7379 4147 1054 3867 6306 2329 5985 2308 8269 3594 1628 3680 2695 7873 1149 4815 1169 5166 4317 1927 5153 802 3698 4535 3743 4572 6896 5646 7367 3254 2672 2516 216 253 6790 368 8389 4029 817 5040 6718 2065 1050 8766 4886 5247 8636 4471 7242 6880 4324 5827 1407 2605 9498 1581 2405 9695 7420 6150 9821 6640 290 3438 5649 6443 3668 4995 8463 7276 660 5274 792 525 1839 888 3777 2126 8341 1461 5134 6741 9153 1837 9848 6656 7994 6123 273 746 1284 1443 1657 5877 1677 1960 375 9327 7818 9611 3581 984 9206 6283 9538 8816 2189 4503 8054 5657 3087 9179 5816 943 7042 6611 2129 198 4447 5456 2537 9809 9869 503 2858 9655 767 1029 3012 9104 4985 9304 4835 362 8781 8002 4050 6522 4349 7374 789 1829 9263 7292 1454 6923 3714 7925 7196 362 6835 5971 1499 5819 4 5746 5759 3554 949 3008 9430 644 9994 1621 6487 5349 4070 3380 937 5576 757 6740 1692 2691 6638 6387 6495 916 838 8756 3355 8913 8932 9043 9581 3463 5079 1834 6115 4521 3601 1633 9479 6396 1402 2282 4851 9935 42 5679 2325 1735 9421 885 1639 1861 3374 7261 7830 815 9395 1649 1288 2533 6269 5053 1640 7759 8117 9417 2755 7840 7833 5527 8265 2729 1710 6589 3901 2271 4795 8137 355 7595 7241 2373 150 1411 5847 2534 2014 9369 4217 9258 6514 719 4317 807 2743 7549 1295 8757 3007 5797 5247 3404 4659 2113 8571 4917 6289 54 8680 7153 8611 2448 1541 6016 5569 5428 8977 4956 3002 6924 7226 5643 5209 9351 4447 3507 3672 3948 402 457 4724 547 3231 2074 4820 870 8516 4100 8731 3407 5552 8543 2401 5465 9034 1411 6299 2652 8647 5721 3085 8783 6824 7897 5602 9789 1910 455 2158 6228 8298 9924 9386 9536 9131 4072 5971 1200 8649 1567 2044 5382 9630 1327 9100 2411 7273 2733 1890 1025 8133 3909 3160 9380 6232 284 4942 1284 5098 7989 7278 8969 5357 8063 9312 9183 1359 2756 4515 3977 9963 9596 1137 232 4318 9376 3200 2563 3847 5968 6066 417 3185 8193 6683 3129 4038 2846 7909 2254 959 1371 1067 6748 5023 925 8149 9578 4890 7990 2662 4656 7538 8529 7092 5849 804 841 1260 3789 4964 6086 5499 9659 3508 1860 5518 1477 665 7964 728 109 8576 2625 252 2722 6892 6977 126 3586 7795 2679 7527 4669 2597 7544 4820 6878 8289 6786 6440 414 63 4534 6900 9567 1349 6045 4273 8804 986 8138 233 3602 1255 9941 3934 5078 7190 4383 2449 5356 4395 6458 1091 9431 1104 1866 5523 8975 2837 7184 8988 383 8700 6487 3082 4856 4046 7150 5337 8733 2127 2772 4931 9277 474 4501 9211 6648 7483 1579 4468 7178 7485 955 5696 7592 1817 7073 6082 3824 832 5473 9021 1758 292 5205 9911 5197 8259 675 6878 6439 6042 6502 3240 640 9105 9793 1342 7241 6271 8175 8129 9273 4537 8205 135 2392 5767 7747 7998 4992 7680 663 5391 7740 7554 6839 314 3017 8475 96 3222 7922 9755 8648 822 5644 7323 3004 2882 6562 3234 7391 9773 6555 7215 7967 5235 6168 7789 4914 931 6414 8587 5006 1843 1352 3727 7669 7621 4170 9813 8883 2115 2524 1385 3810 2844 5627 1890 3317 2064 3238 9170 6244 3424 7928 2557 1522 1149 7117 7492 5197 9271 1382 6324 4067 8097 2286 5655 7366 6642 5236 6255 7548 8887 8560 3398 3746 4871 6980 8436 5242 8493 1316 7465 8151 9863 8748 6402 4462 3600 3997 2382 5660 7010 3955 2736 6441 245 2222 255 8765 8584 7796 3761 9998 6328 3948 873 8918 5260 7985 5337 467 327 29 2550 905 8148 7556 2316 7625 5448 9671 3720 2395 7608 8683 5638 9848 472 6768 2124 6579 6294 5641 2503 7942 809 1405 3484 5215 6009 4475 8349 3194 2537 5186 7309 3324 2867 1873 9484 5859 9187 8009 886 5347 4242 945 8137 4372 595 5371 4573 5736 2019 9249 8044 6660 8745 1252 2439 9888 4442 8227 1278 6315 6020 5862 8655 8329 1869 8995 4529 6571 3871 6398 69 9483 4097 7859 9460 6707 1933 4027 2058 3969 6741 2408 7184 3733 7413 4797 5928 3494 3235 7081 4402 2928 3701 2448 3721 2545 9210 7132 8184 4989 3696 4672 6616 117 1552 4062 955 2926 6328 1503 2543 6147 1845 6400 4188 8343 3610 4957 3368 8020 5126 3792 5647 1742 5967 8018 410 6346 573 3521 6339 9876 5573 5339 7458 8269 4628 9620 1265 1525 9775 3500 7900 4885 5152 748 826 8181 4513 2441 1365 7275 4872 7981 5295 9877 606 9591 7424 2986 3374 5127 9112 9567 8504 6548 7169 5834 2183 7807 7612 4842 9937 6218 9274 9806 5762 3129 1542 8096 5899 3263 6193 5553 6626 6117 7457 665 6471 9502 6533 7796 6459 6014 118 8188 9152 7 9688 9865 6629 4335 8825 2456 5862 5970 4978 9902 4036 1062 1946 4896 2676 2939 641 1530 4530 3582 75 3758 2763 3234 9433 1931 2985 3870 1327 6507 2463 9285 8157 2349 7319 8801 794 7524 801 8495 5371 8855 3317 7553 7063 2481 7773 961 1888 9540 1044 5733 4301 3124 1582 1411 5033 54 92 9511 5098 7828 1170 6295 57 6871 2686 580 579 1593 7730 3297 1288 2120 9797 2215 9634 4918 8023 8530 9445 4573 888 3812 1874 4245 4706 7836 4274 426 8589 3043 6989 6417 9390 7677 9220 6387 3441 2939 4737 3824 8591 9603 2508 634 432 6608 8722 6770 8143 7192 4180 475 9869 6400 3046 477 4339 6207 9141 5253 2355 8825 8664 9632 751 9694 9516 2622 1567 2777 1240 4976 399 2543 5280 2938 4488 7754 2123 9165 3601 3383 5514 3521 4802 1060 5734 2011 3469 1845 4154 5868 5436 2023 3988 3771 548 4114 8137 3702 4155 1542 4620 4888 6598 5021 324 5866 7072 5346 7154 6484 6002 8402 6991 9963 4484 1387 3446 7935 5853 319 1871 149 8835 2536 6817 4579 2355 785 4021 8616 4415 9612 4389 7393 7435 2843 3631 3496 3945 7280 7796 2425 7142 9827 7105 5194 154 9226 7579 6474 6941 6487 3213 4958 3825 3757 7434 4881 8857 4774 412 5851 9269 1444 8180 6029 3525 7920 2290 8036 5027 785 968 2300 3633 8222 4023 2444 7969 3363 3710 6021 3021 9958 3238 1165 7148 3223 7279 3089 7625 8286 8346 4497 5057 6497 1879 2973 3821 9666 3536 838 3593 9901 5148 9758 5212 8998 4969 9811 3316 8936 9273 4505 7975 3430 8728 7941 5347 8147 2950 2390 9211 6044 8391 1992 5260 1555 5351 6448 904 5136 3234 7 2849 4504 7284 7477 8440 2638 8440 966 1839 3368 2127 1646 1627 9263 5043 4601 8012 8029 4339 2944 1426 2175 7430 6001 5549 2526 2085 9267 65 5879 5493 1513 2660 3774 7793 3053 181 2816 8940 835 1555 9193 2852 7619 5026 8465 3160 6511 7904 9510 6696 2699 4327 7206 6621 9421 5306 1374 5184 4894 4974 5098 1903 165 7023 4570 4910 3727 8108 633 1727 3727 9993 1932 6475 8581 6592 8451 9380 2563 4355 756 4769 6727 860 1018 7441 2802 4616 7430 8543 7705 6147 5862 3001 991 1694 5975 1575 4519 7553 6452 8714 1576 327 7877 5098 7558 7762 6376 445 9159 970 102 6060 30 4824 2756 8601 8813 2938 705 4376 4343 4325 4104 2384 9381 7441 4815 5760 2474 4394 9287 5341 3128 4470 3012 2261 5900 9994 5233 6603 5341 2139 7296 4627 2882 631 939 233 5925 5541 4520 1912 471 8164 1975 4723 5876 8117 4489 8739 2824 6109 8449
