3627
6714
595
1814
1120
9736
1266
9264
1118
7646
9481
2813
NOT_FOUND
2557
2533
243
NOT_FOUND
7328
1118
1121
4901
9824
1123
7619
9913
6884
2711
6752
1468
NOT_FOUND
613
4663
1125
NOT_FOUND
8640
570
6429
7635
8136
1120
2089
NOT_FOUND
NOT_FOUND
1125
3334
3914
7268
1124
3330
1123
NOT_FOUND
1124
NOT_FOUND
1124
453
2796
NOT_FOUND
NOT_FOUND
2298
1126
NOT_FOUND
NOT_FOUND
6517
1129
6080
271
1128
8496
NOT_FOUND
NOT_FOUND
1140
9930
1128
NOT_FOUND
9440
1128
NOT_FOUND
8444
NOT_FOUND
NOT_FOUND
3687
4826
425
1129
7380
NOT_FOUND
NOT_FOUND
NOT_FOUND
3442
1129
1150
1372
1127
5552
1126
1126
4757
NOT_FOUND
9445
NOT_FOUND
534
1125
1126
3861
1560
513
1516
6437
1124
710
93
716
1122
4754
2871
1320
NOT_FOUND
NOT_FOUND
2772
3062
1124
9723
4988
4327
5563
1120
NOT_FOUND
4777
NOT_FOUND
NOT_FOUND
NOT_FOUND
NOT_FOUND
NOT_FOUND
7726
9641
NOT_FOUND
3084
1121
9907
1121
5244
1122
NOT_FOUND
7782
NOT_FOUND
NOT_FOUND
4031
3250
1121
1122
NOT_FOUND
NOT_FOUND
759
1122
8517
NOT_FOUND
3137
4219
1123
3747
NOT_FOUND
1123
NOT_FOUND
5391
9064
536
53
8807
1121
1122
1690
NOT_FOUND
NOT_FOUND
3617
1122
1122
NOT_FOUND
8492
NOT_FOUND
NOT_FOUND
1128
2742
1130
1130
1931
4806
6
9637
1127
3173
1127
1917
5553
2130
NOT_FOUND
1130
1130
1130
2023
7834
6097
NOT_FOUND
7036
7619
1578
1125
1126
1021
NOT_FOUND
1755
1125
1126
7168
7934
1124
1124
1124
3775
1126
2872
410
675
6975
9937
1124
4512
1126
5406
8018
2883
1742
1351
NOT_FOUND
6636
2495
1120
NOT_FOUND
9444
962
3336
201
1127
4999
1127
8391
8401
4300
7103
NOT_FOUND
1126
NOT_FOUND
NOT_FOUND
NOT_FOUND
5331
9776
1134
2095
NOT_FOUND
1576
1133
NOT_FOUND
5935
1133
3110
NOT_FOUND
NOT_FOUND
339
308
NOT_FOUND
346
NOT_FOUND
1139
NOT_FOUND
1139
7986
5684
4904
1278
933
1143
2615
6971
2859
1142
1142
1143
NOT_FOUND
NOT_FOUND
1839
8934
759
7159
NOT_FOUND
2389
1141
6577
1140
1140
1140
1165
NOT_FOUND
1142
4473
8265
4084
8659
5852
9808
6354
1550
NOT_FOUND
NOT_FOUND
1137
1727
4835
8714
185
9960
1134
7008
3972
1133
NOT_FOUND
1133
1417
6048
3026
595
3836
NOT_FOUND
3282
9460
1131
837
1131
1775
1130
1665
1131
1131
1131
8637
7170
NOT_FOUND
1132
NOT_FOUND
5239
9650
NOT_FOUND
9311
1132
918
400
4048
NOT_FOUND
1134
9983
1133
NOT_FOUND
1133
1133
1133
NOT_FOUND
NOT_FOUND
NOT_FOUND
NOT_FOUND
1531
1136
1138
NOT_FOUND
6409
1141
1141
1141
5207
NOT_FOUND
NOT_FOUND
4153
1143
NOT_FOUND
1144
1144
1145
NOT_FOUND
1146
2358
3402
1147
NOT_FOUND
3366
583
NOT_FOUND
9754
6163
9956
9345
1143
1352
8216
6180
1140
30
1140
2611
3090
1139
NOT_FOUND
1139
1139
796
2849
1138
4382
4633
NOT_FOUND
3295
26
NOT_FOUND
NOT_FOUND
8648
NOT_FOUND
7853
1137
5557
NOT_FOUND
NOT_FOUND
1137
521
1136
1841
617
1135
1135
7519
NOT_FOUND
1140
NOT_FOUND
8950
2777
1139
NOT_FOUND
1139
NOT_FOUND
NOT_FOUND
4483
NOT_FOUND
8483
5038
4260
1140
7097
2546
9361
NOT_FOUND
2462
1137
1136
NOT_FOUND
2828
2792
NOT_FOUND
NOT_FOUND
7859
5456
NOT_FOUND
3807
NOT_FOUND
1141
NOT_FOUND
NOT_FOUND
1143
NOT_FOUND
9801
1142
NOT_FOUND
1143
1143
2944
1143
1146
1151
7770
1151
NOT_FOUND
2625
9059
NOT_FOUND
NOT_FOUND
2356
3232
4174
1149
5057
9725
1148
5232
1149
NOT_FOUND
1150
8272
1150
NOT_FOUND
NOT_FOUND
1746
1149
6927
NOT_FOUND
NOT_FOUND
1152
1199
1152
1153
9428
3035
6719
735
1152
1152
NOT_FOUND
1392
8311
NOT_FOUND
NOT_FOUND
1153
1154
3811
5597
9802
1151
1151
NOT_FOUND
1154
NOT_FOUND
NOT_FOUND
5085
1156
3728
5717
NOT_FOUND
NOT_FOUND
1154
1155
1156
NOT_FOUND
NOT_FOUND
3382
1156
4576
1155
1156
NOT_FOUND
NOT_FOUND
4244
4873
7185
3404
1153
NOT_FOUND
7886
NOT_FOUND
2560
1154
6882
1154
NOT_FOUND
NOT_FOUND
8951
NOT_FOUND
1155
154
NOT_FOUND
9959
6031
NOT_FOUND
1157
8135
737
4989
3183
57
2183
8846
8344
1158
NOT_FOUND
961
9424
8255
1157
1157
1157
7881
1158
1158
1853
8212
7435
383
6113
5192
7891
6039
1442
7824
3094
2084
8228
1147
1148
1148
NOT_FOUND
4174
9091
4996
2574
2972
9652
3850
NOT_FOUND
8699
1140
1140
1395
1142
5147
1142
1356
NOT_FOUND
986
8431
4166
NOT_FOUND
3872
7847
62
3440
NOT_FOUND
NOT_FOUND
7365
1140
4262
7416
2770
1336
6005
3503
1139
NOT_FOUND
9448
1139
2292
NOT_FOUND
NOT_FOUND
1139
5244
1733
3158
2213
9751
NOT_FOUND
1136
6167
1136
NOT_FOUND
7238
242
2699
8739
1992
9664
1139
1533
1139
4530
1138
4645
1370
1136
6320
NOT_FOUND
7092
2251
6046
1141
NOT_FOUND
4759
NOT_FOUND
NOT_FOUND
NOT_FOUND
424
NOT_FOUND
3484
8341
4542
3948
7425
6756
1141
6549
6068
637
1139
1139
1141
4488
35
3116
NOT_FOUND
7290
NOT_FOUND
2425
2239
2164
1137
1147
1139
9342
3653
NOT_FOUND
1139
NOT_FOUND
1346
1139
1139
1139
1418
3943
4034
NOT_FOUND
575
1140
5539
457
5483
1138
1139
1139
1139
1139
1511
1138
2398 1807 8094 4755 3123 3639 8939 6073 1970 2814 7385 7659 6002 3878 7866 2701 6547 6680 8713 7760 2767 3567 5566 3227 4380 2346 8476 6638 5000 269 2980 5998 1449 2272 3731 2113 6247 9727 9498 2343 2316 4452 2447 4935 9465 6055 7159 4936 4928 510 8701 7093 382 5979 4965 1545 8631 252 8007 5841 9537 9768 1109 2214 857 1963 9991 6272 9969 7708 3968 8877 2180 691 2592 1819 6184 416 3634 2449 9181 5313 2829 7280 6847 3255 4817 7496 3201 1876 6830 7304 5639 7168 4831 4412 311 6114 2971 9846 2374 3566 8534 2801 221 4348 2157 2367 6179 74 4156 3944 9300 1848 1180 6123 4354 5535 6191 9057 5172 2253 3881 1487 8439 2948 7433 1306 3889 5449 4064 4635 158 9552 3475 6782 5996 6277 4931 7300 7752 360 6268 5860 1775 4515 6387 9979 5902 9361 5550 4321 1715 1585 1408 3828 7116 2467 4322 6240 2998 9430 5560 9626 713 5800 8731 5710 7247 1991 6375 1872 4620 7109 494 9169 4639 7604 3800 8976 4694 3018 4484 6628 3257 3246 6255 9183 9628 5790 1822 9070 2884 1775 8222 6416 5159 3476 5904 317 4771 7200 2860 1638 4626 7014 9520 4213 1581 744 3208 9978 6633 2503 8007 4781 263 551 2632 1997 9013 6983 3561 6404 3701 5372 1595 8655 692 482 8583 3224 2937 1800 6180 812 1172 3640 6024 8204 8443 28 4038 567 7503 9355 1533 6535 6382 4320 6074 8455 6180 5216 8780 6245 2322 3571 4075 9429 4854 8316 3057 9390 3894 8980 285 6840 2315 7311 8157 3506 9658 9223 9094 6520 2403 3369 1027 9896 6515 7682 811 8290 5060 8618 4955 5835 7068 5401 3795 5825 1751 3263 5714 5951 6207 4748 4870 9705 2712 5913 4447 749 5806 7734 4981 9764 5573 1334 8586 4734 8236 8702 3612 527 8368 6629 8675 6909 5664 3921 7015 8042 7582 2526 1745 7251 5755 6319 6047 1386 5220 1513 9493 294 3635 6892 6856 5613 4228 1089 7652 5214 9154 515 266 5777 2426 4535 7466 5703 9114 3564 8801 652 686 3 8155 6249 3507 1118 3445 5982 7007 4995 2067 303 6250 7361 561 4724 9088 5663 7474 7819 7776 262 1725 5815 3438 6119 4841 9636 9005 2243 522 9352 7861 5546 8740 1256 7394 2547 4009 1876 6460 6744 7325 90 6598 6505 5055 8723 9464 6995 3708 7542 1769 4802 9422 8172 9405 9219 4017 1843 2620 4230 6963 929 7712 9857 3673 5095 5039 5727 7884 109 3250 8216 395 8045 6289 6895 9782 3843 676 6129 2691 4872 5102 6512 6758 8845 5343 4258 3950 3321 4845 7489 8297 2397 4390 5491 7752 762 6475 579 101 3993 4609 2237 8406 6415 4886 6832 5945 3994 4320 2488 6632 7586 3446 7863 8046 8952 4374 1468 1765 9448 7528 7968 3304 1014 5332 3362 1836 3512 1772 8167 9063 2804 6952 912 2992 2805 3181 7184 1542 2974 1491 474 7360 230 1477 1682 540 666 1714 626 3334 1235 3217 4449 7914 8298 7931 9572 4083 7314 2973 8404 3269 1721 8654 6619 7241 8516 870 2768 3080 4485 4215 2998 7963 7370 4117 6986 759 951 2104 6690 6625 1312 1560 3054 2117 5066 3402 274 83 4051 332 2531 148 1831 7431 2793 4273 8137 286 8281 3626 4990 2788 3332 4147 5177 1552 4759 7267 7885 3562 196 202 7909 8650 944 665 8037 5045 1761 7730 7608 3989 7272 3612 8830 6665 5090 6607 8245 9026 4447 6691 7216 6655 6058 150 6639 9119 7068 2140 1535 7675 9969 5022 4723 6953 3100 7908 2389 8914 5774 7367 9249 7930 4375 851 4116 9628 8234 22 8578 8906 3134 1538 8500 674 3779 4535 3862 1922 2512 6439 28 2176 8833 9485 8831 7853 4155 2658 5870 2326 8662 5112 6501 906 2751 2421 5455 7688 2319 5409 9539 4402 3265 1745 2963 3186 2661 5386 2043 7002 3790 6618 3540 9941 5773 4771 1104 2517 6573 5902 1144 7553 1669 8529 1695 2309 9913 2376 9551 5933 5338 1970 7952 2087 1617 9391 5081 1500 9376 6264 1970 9487 1919 6129 5588 6760 3899 8236 176 4820 8083 3384 3097 2721 7834 8721 3692 2656 8812 3920 1636 3906 6155 2277 1054 5327 7201 2796 8663 1859 438 9502 3169 645 496 4515 9645 6463 3106 1382 3941 2622 4863 9174 4137 3231 5843 841 9124 4689 7864 4425 3506 7491 3446 7579 1987 5467 9884 26 3063 4996 5272 3957 4607 2475 3331 358 402 2845 9634 2756 6368 9630 2053 7619 4210 5845 8647 543 9927 5921 867 7300 7474 7475 3603 3513 4869 6006 2750 8527 4241 3105 4891 5977 667 7765 1397 9644 5957 4958 3168 2832 9989 912 9389 8720 9061 3249 5164 2717 9368 314 9032 4406 7943 1195 6450 2380 8177 2884 8228 1928 361 3428 6251 4945 963 6870 3881 1277 7547 8691 302 5822 8605 843 4449 4697 1705 1785 2224 4322 9868 5552 1695 5372 8924 9630 4598 3703 1441 948 1096 5785 5252 6225 3409 759 3034 9430 4010 734 7015 7210 9164 4286 8061 6192 6233 158 9163 8713 1612 7632 2538 8259 429 5158 4807 4021 1279 197 6184 4952 1222 5651 514 7132 3999 2925 3986 5567 7383 4495 2155 5410 550 2744 8182 5959 8560 8796 8826 7152 2408 2358 5602 9588 178 239 163 1517 4149 385 8513 7403 968 5973 2850 9312 42 269 1849 1134 3451 4238 8545 9172 5532 8347 523 6891 505 878 4954 469 6088 5242 9322 881 281 5267 7812 9349 825 4380 1034 7401 6684 5521 2672 7748 1366 6478 7094 802 5004 9184 6759 1106 6522 6834 9215 504 4249 7264 1124 9327 3919 1012 9269 5715 6069 8879 1621 8331 3527 7955 9374 3278 4136 8938 9693 4019 4776 1559 9991 2703 1580 727 7149 2839 1545 4050 772 9989 87 3999 9073 4418 9779 916 8193 9540 431 4236 2849 3099 5221 7446 2251 2307 5252 4232 4556 9660 8396 5951 114 7390 8863 452 7616 6727 8071 4018 3580 8411 8290 574 8890 1390 5962 8307 59 5578 2431 263 6408 6481 4432 8006 6289 3530 5911 3547 6510 2751 4812 8486 5848 8008 9034 2996 4412 3444 7089 6053 1625 8647 8088 2994 8201 2700 7950 8071 7848 1285 2721 5212 5392 3939 5518 1737 5260 1749 7433 3882 4149 1139 4427 166 9451 3471 6670 5173 3508 7387 7655 9023 4573 664 7936 2435 442 666 8040 8001 3609 6000 705 810 6916 7179 4084 4496 4851 7811 9572 9601 6172 8951 3101 6653 7833 5995 5775 345 6457 5229 8385 835 4550 7371 7644 3415 3003 2905 9636 3966 7909 5015 448 2504 8168 2902 1499 4795 9832 459 5090
2398 1807 8094 4755 3123 3639 8939 6073 1970 2814 7385 7659 6002 3878 7866 2701 6547 6680 8713 7760 2767 3567 5566 3227 4380 2346 8476 6638 5000 269 2980 5998 1449 2272 3731 2113 6247 9727 9498 2343 2316 4452 2447 4935 9465 6055 7159 4936 4928 510 8701 7093 382 5979 4965 1545 8631 252 8007 5841 9537 9768 1109 2214 857 1963 9991 6272 9969 7708 3968 8877 2180 691 2592 1819 6184 416 3634 2449 9181 5313 2829 7280 6847 3255 4817 7496 3201 1876 6830 7304 5639 7168 4831 4412 311 6114 2971 9846 2374 3566 8534 2801 221 4348 2157 2367 6179 74 4156 3944 9300 1848 1180 6123 4354 5535 6191 9057 5172 2253 3881 1487 8439 2948 7433 1306 3889 5449 4064 4635 158 9552 3475 6782 5996 6277 4931 7300 7752 360 6268 5860 1775 4515 6387 9979 5902 9361 5550 4321 1715 1585 1408 3828 7116 2467 4322 6240 2998 9430 5560 9626 713 5800 8731 5710 7247 1991 6375 1872 4620 7109 494 9169 4639 7604 3800 8976 4694 3018 4484 6628 3257 3246 6255 9183 9628 5790 1822 9070 2884 1775 8222 6416 5159 3476 5904 317 4771 7200 2860 1638 4626 7014 9520 4213 1581 744 3208 9978 6633 2503 8007 4781 263 551 2632 1997 9013 6983 3561 6404 3701 5372 1595 8655 692 482 8583 3224 2937 1800 6180 812 1172 3640 6024 8204 8443 28 4038 567 7503 9355 1533 6535 6382 4320 6074 8455 6180 5216 8780 6245 2322 3571 4075 9429 4854 8316 3057 9390 3894 8980 285 6840 2315 7311 8157 3506 9658 9223 9094 6520 2403 3369 1027 9896 6515 7682 811 8290 5060 8618 4955 5835 7068 5401 3795 5825 1751 3263 5714 5951 6207 4748 4870 9705 2712 5913 4447 749 5806 7734 4981 9764 5573 1334 8586 4734 8236 8702 3612 527 8368 6629 8675 6909 5664 3921 7015 8042 7582 2526 1745 7251 5755 6319 6047 1386 5220 1513 9493 294 3635 6892 6856 5613 4228 1089 7652 5214 9154 515 266 5777 2426 4535 7466 5703 9114 3564 8801 652 686 3 8155 6249 3507 1118 3445 5982 7007 4995 2067 303 6250 7361 561 4724 9088 5663 7474 7819 7776 262 1725 5815 3438 6119 4841 9636 9005 2243 522 9352 7861 5546 8740 1256 7394 2547 4009 1876 6460 6744 7325 90 6598 6505 5055 8723 9464 6995 3708 7542 1769 4802 9422 8172 9405 9219 4017 1843 2620 4230 6963 929 7712 9857 3673 5095 5039 5727 7884 109 3250 8216 395 8045 6289 6895 9782 3843 676 6129 2691 4872 5102 6512 6758 8845 5343 4258 3950 3321 4845 7489 8297 2397 4390 5491 7752 762 6475 579 101 3993 4609 2237 8406 6415 4886 6832 5945 3994 4320 2488 6632 7586 3446 7863 8046 8952 4374 1468 1765 9448 7528 7968 3304 1014 5332 3362 1836 3512 1772 8167 9063 2804 6952 912 2992 2805 3181 7184 1542 2974 1491 474 7360 230 1477 1682 540 666 1714 626 3334 1235 3217 4449 7914 8298 7931 9572 4083 7314 2973 8404 3269 1721 8654 6619 7241 8516 870 2768 3080 4485 4215 2998 7963 7370 4117 6986 759 951 2104 6690 6625 1312 1560 3054 2117 5066 3402 274 83 4051 332 2531 148 1831 7431 2793 4273 8137 286 8281 3626 4990 2788 3332 4147 5177 1552 4759 7267 7885 3562 196 202 7909 8650 944 665 8037 5045 1761 7730 7608 3989 7272 3612 8830 6665 5090 6607 8245 9026 4447 6691 7216 6655 6058 150 6639 9119 7068 2140 1535 7675 9969 5022 4723 6953 3100 7908 2389 8914 5774 7367 9249 7930 4375 851 4116 9628 8234 22 8578 8906 3134 1538 8500 674 3779 4535 3862 1922 2512 6439 28 2176 8833 9485 8831 7853 4155 2658 5870 2326 8662 5112 6501 906 2751 2421 5455 7688 2319 5409 9539 4402 3265 1745 2963 3186 2661 5386 2043 7002 3790 6618 3540 9941 5773 4771 1104 2517 6573 5902 1144 7553 1669 8529 1695 2309 9913 2376 9551 5933 5338 1970 7952 2087 1617 9391 5081 1500 9376 6264 1970 9487 1919 6129 5588 6760 3899 8236 176 4820 8083 3384 3097 2721 7834 8721 3692 2656 8812 3920 1636 3906 6155 2277 1054 5327 7201 2796 8663 1859 438 9502 3169 645 496 4515 9645 6463 3106 1382 3941 2622 4863 9174 4137 3231 5843 841 9124 4689 7864 4425 3506 7491 3446 7579 1987 5467 9884 26 3063 4996 5272 3957 4607 2475 3331 358 402 2845 9634 2756 6368 9630 2053 7619 4210 5845 8647 543 9927 5921 867 7300 7474 7475 3603 3513 4869 6006 2750 8527 4241 3105 4891 5977 667 7765 1397 9644 5957 4958 3168 2832 9989 912 9389 8720 9061 3249 5164 2717 9368 314 9032 4406 7943 1195 6450 2380 8177 2884 8228 1928 361 3428 6251 4945 963 6870 3881 1277 7547 8691 302 5822 8605 843 4449 4697 1705 1785 2224 4322 9868 5552 1695 5372 8924 9630 4598 3703 1441 948 1096 5785 5252 6225 3409 759 3034 9430 4010 734 7015 7210 9164 4286 8061 6192 6233 158 9163 8713 1612 7632 2538 8259 429 5158 4807 4021 1279 197 6184 4952 1222 5651 514 7132 3999 2925 3986 5567 7383 4495 2155 5410 550 2744 8182 5959 8560 8796 8826 7152 2408 2358 5602 9588 178 239 163 1517 4149 385 8513 7403 968 5973 2850 9312 42 269 1849 1134 3451 4238 8545 9172 5532 8347 523 6891 505 878 4954 469 6088 5242 9322 881 281 5267 7812 9349 825 4380 1034 7401 6684 5521 2672 7748 1366 6478 7094 802 5004 9184 6759 1106 6522 6834 9215 504 4249 7264 1124 9327 3919 1012 9269 5715 6069 8879 1621 8331 3527 7955 9374 3278 4136 8938 9693 4019 4776 1559 9991 2703 1580 727 7149 2839 1545 4050 772 9989 87 3999 9073 4418 9779 916 8193 9540 431 4236 2849 3099 5221 7446 2251 2307 5252 4232 4556 9660 8396 5951 114 7390 8863 452 7616 6727 8071 4018 3580 8411 8290 574 8890 1390 5962 8307 59 5578 2431 263 6408 6481 4432 8006 6289 3530 5911 3547 6510 2751 4812 8486 5848 8008 9034 2996 4412 3444 7089 6053 1625 8647 8088 2994 8201 2700 7950 8071 7848 1285 2721 5212 5392 3939 5518 1737 5260 1749 7433 3882 4149 1139 4427 166 9451 3471 6670 5173 3508 7387 7655 9023 4573 664 7936 2435 442 666 8040 8001 3609 6000 705 810 6916 7179 4084 4496 4851 7811 9572 9601 6172 8951 3101 6653 7833 5995 5775 345 6457 5229 8385 835 4550 7371 7644 3415 3003 2905 9636 3966 7909 5015 448 2504 8168 2902 1499 4795 9832 459 5090
2398 1807 8094 4755 3123 3639 8939 6073 1970 2814 7385 7659 6002 3878 7866 2701 6547 6680 8713 7760 2767 3567 5566 3227 4380 2346 8476 6638 5000 269 2980 5998 1449 2272 3731 2113 6247 9727 9498 2343 2316 4452 2447 4935 9465 6055 7159 4936 4928 510 8701 7093 382 5979 4965 1545 8631 252 8007 5841 9537 9768 1109 2214 857 1963 9991 6272 9969 7708 3968 8877 2180 691 2592 1819 6184 416 3634 2449 9181 5313 2829 7280 6847 3255 4817 7496 3201 1876 6830 7304 5639 7168 4831 4412 311 6114 2971 9846 2374 3566 8534 2801 221 4348 2157 2367 6179 74 4156 3944 9300 1848 1180 6123 4354 5535 6191 9057 5172 2253 3881 1487 8439 2948 7433 1306 3889 5449 4064 4635 158 9552 3475 6782 5996 6277 4931 7300 7752 360 6268 5860 1775 4515 6387 9979 5902 9361 5550 4321 1715 1585 1408 3828 7116 2467 4322 6240 2998 9430 5560 9626 713 5800 8731 5710 7247 1991 6375 1872 4620 7109 494 9169 4639 7604 3800 8976 4694 3018 4484 6628 3257 3246 6255 9183 9628 5790 1822 9070 2884 1775 8222 6416 5159 3476 5904 317 4771 7200 2860 1638 4626 7014 9520 4213 1581 744 3208 9978 6633 2503 8007 4781 263 551 2632 1997 9013 6983 3561 6404 3701 5372 1595 8655 692 482 8583 3224 2937 1800 6180 812 1172 3640 6024 8204 8443 28 4038 567 7503 9355 1533 6535 6382 4320 6074 8455 6180 5216 8780 6245 2322 3571 4075 9429 4854 8316 3057 9390 3894 8980 285 6840 2315 7311 8157 3506 9658 9223 9094 6520 2403 3369 1027 9896 6515 7682 811 8290 5060 8618 4955 5835 7068 5401 3795 5825 1751 3263 5714 5951 6207 4748 4870 9705 2712 5913 4447 749 5806 7734 4981 9764 5573 1334 8586 4734 8236 8702 3612 527 8368 6629 8675 6909 5664 3921 7015 8042 7582 2526 1745 7251 5755 6319 6047 1386 5220 1513 9493 294 3635 6892 6856 5613 4228 1089 7652 5214 9154 515 266 5777 2426 4535 7466 5703 9114 3564 8801 652 686 3 8155 6249 3507 1118 3445 5982 7007 4995 2067 303 6250 7361 561 4724 9088 5663 7474 7819 7776 262 1725 5815 3438 6119 4841 9636 9005 2243 522 9352 7861 5546 8740 1256 7394 2547 4009 1876 6460 6744 7325 90 6598 6505 5055 8723 9464 6995 3708 7542 1769 4802 9422 8172 9405 9219 4017 1843 2620 4230 6963 929 7712 9857 3673 5095 5039 5727 7884 109 3250 8216 395 8045 6289 6895 9782 3843 676 6129 2691 4872 5102 6512 6758 8845 5343 4258 3950 3321 4845 7489 8297 2397 4390 5491 7752 762 6475 579 101 3993 4609 2237 8406 6415 4886 6832 5945 3994 4320 2488 6632 7586 3446 7863 8046 8952 4374 1468 1765 9448 7528 7968 3304 1014 5332 3362 1836 3512 1772 8167 9063 2804 6952 912 2992 2805 3181 7184 1542 2974 1491 474 7360 230 1477 1682 540 666 1714 626 3334 1235 3217 4449 7914 8298 7931 9572 4083 7314 2973 8404 3269 1721 8654 6619 7241 8516 870 2768 3080 4485 4215 2998 7963 7370 4117 6986 759 951 2104 6690 6625 1312 1560 3054 2117 5066 3402 274 83 4051 332 2531 148 1831 7431 2793 4273 8137 286 8281 3626 4990 2788 3332 4147 5177 1552 4759 7267 7885 3562 196 202 7909 8650 944 665 8037 5045 1761 7730 7608 3989 7272 3612 8830 6665 5090 6607 8245 9026 4447 6691 7216 6655 6058 150 6639 9119 7068 2140 1535 7675 9969 5022 4723 6953 3100 7908 2389 8914 5774 7367 9249 7930 4375 851 4116 9628 8234 22 8578 8906 3134 1538 8500 674 3779 4535 3862 1922 2512 6439 28 2176 8833 9485 8831 7853 4155 2658 5870 2326 8662 5112 6501 906 2751 2421 5455 7688 2319 5409 9539 4402 3265 1745 2963 3186 2661 5386 2043 7002 3790 6618 3540 9941 5773 4771 1104 2517 6573 5902 1144 7553 1669 8529 1695 2309 9913 2376 9551 5933 5338 1970 7952 2087 1617 9391 5081 1500 9376 6264 1970 9487 1919 6129 5588 6760 3899 8236 176 4820 8083 3384 3097 2721 7834 8721 3692 2656 8812 3920 1636 3906 6155 2277 1054 5327 7201 2796 8663 1859 438 9502 3169 645 496 4515 9645 6463 3106 1382 3941 2622 4863 9174 4137 3231 5843 841 9124 4689 7864 4425 3506 7491 3446 7579 1987 5467 9884 26 3063 4996 5272 3957 4607 2475 3331 358 402 2845 9634 2756 6368 9630 2053 7619 4210 5845 8647 543 9927 5921 867 7300 7474 7475 3603 3513 4869 6006 2750 8527 4241 3105 4891 5977 667 7765 1397 9644 5957 4958 3168 2832 9989 912 9389 8720 9061 3249 5164 2717 9368 314 9032 4406 7943 1195 6450 2380 8177 2884 8228 1928 361 3428 6251 4945 963 6870 3881 1277 7547 8691 302 5822 8605 843 4449 4697 1705 1785 2224 4322 9868 5552 1695 5372 8924 9630 4598 3703 1441 948 1096 5785 5252 6225 3409 759 3034 9430 4010 734 7015 7210 9164 4286 8061 6192 6233 158 9163 8713 1612 7632 2538 8259 429 5158 4807 4021 1279 197 6184 4952 1222 5651 514 7132 3999 2925 3986 5567 7383 4495 2155 5410 550 2744 8182 5959 8560 8796 8826 7152 2408 2358 5602 9588 178 239 163 1517 4149 385 8513 7403 968 5973 2850 9312 42 269 1849 1134 3451 4238 8545 9172 5532 8347 523 6891 505 878 4954 469 6088 5242 9322 881 281 5267 7812 9349 825 4380 1034 7401 6684 5521 2672 7748 1366 6478 7094 802 5004 9184 6759 1106 6522 6834 9215 504 4249 7264 1124 9327 3919 1012 9269 5715 6069 8879 1621 8331 3527 7955 9374 3278 4136 8938 9693 4019 4776 1559 9991 2703 1580 727 7149 2839 1545 4050 772 9989 87 3999 9073 4418 9779 916 8193 9540 431 4236 2849 3099 5221 7446 2251 2307 5252 4232 4556 9660 8396 5951 114 7390 8863 452 7616 6727 8071 4018 3580 8411 8290 574 8890 1390 5962 8307 59 5578 2431 263 6408 6481 4432 8006 6289 3530 5911 3547 6510 2751 4812 8486 5848 8008 9034 2996 4412 3444 7089 6053 1625 8647 8088 2994 8201 2700 7950 8071 7848 1285 2721 5212 5392 3939 5518 1737 5260 1749 7433 3882 4149 1139 4427 166 9451 3471 6670 5173 3508 7387 7655 9023 4573 664 7936 2435 442 666 8040 8001 3609 6000 705 810 6916 7179 4084 4496 4851 7811 9572 9601 6172 8951 3101 6653 7833 5995 5775 345 6457 5229 8385 835 4550 7371 7644 3415 3003 2905 9636 3966 7909 5015 448 2504 8168 2902 1499 4795 9832 459 5090
2398 1807 8094 4755 3123 3639 8939 6073 1970 2814 7385 7659 6002 3878 7866 2701 6547 6680 8713 7760 2767 3567 5566 3227 4380 2346 8476 6638 5000 269 2980 5998 1449 2272 3731 2113 6247 9727 9498 2343 2316 4452 2447 4935 9465 6055 7159 4936 4928 510 8701 7093 382 5979 4965 1545 8631 252 8007 5841 9537 9768 1109 2214 857 1963 9991 6272 9969 7708 3968 8877 2180 691 2592 1819 6184 416 3634 2449 9181 5313 2829 7280 6847 3255 4817 7496 3201 1876 6830 7304 5639 7168 4831 4412 311 6114 2971 9846 2374 3566 8534 2801 221 4348 2157 2367 6179 74 4156 3944 9300 1848 1180 6123 4354 5535 6191 9057 5172 2253 3881 1487 8439 2948 7433 1306 3889 5449 4064 4635 158 9552 3475 6782 5996 6277 4931 7300 7752 360 6268 5860 1775 4515 6387 9979 5902 9361 5550 4321 1715 1585 1408 3828 7116 2467 4322 6240 2998 9430 5560 9626 713 5800 8731 5710 7247 1991 6375 1872 4620 7109 494 9169 4639 7604 3800 8976 4694 3018 4484 6628 3257 3246 6255 9183 9628 5790 1822 9070 2884 1775 8222 6416 5159 3476 5904 317 4771 7200 2860 1638 4626 7014 9520 4213 1581 744 3208 9978 6633 2503 8007 4781 263 551 2632 1997 9013 6983 3561 6404 3701 5372 1595 8655 692 482 8583 3224 2937 1800 6180 812 1172 3640 6024 8204 8443 28 4038 567 7503 9355 1533 6535 6382 4320 6074 8455 6180 5216 8780 6245 2322 3571 4075 9429 4854 8316 3057 9390 3894 8980 285 6840 2315 7311 8157 3506 9658 9223 9094 6520 2403 3369 1027 9896 6515 7682 811 8290 5060 8618 4955 5835 7068 5401 3795 5825 1751 3263 5714 5951 6207 4748 4870 9705 2712 5913 4447 749 5806 7734 4981 9764 5573 1334 8586 4734 8236 8702 3612 527 8368 6629 8675 6909 5664 3921 7015 8042 7582 2526 1745 7251 5755 6319 6047 1386 5220 1513 9493 294 3635 6892 6856 5613 4228 1089 7652 5214 9154 515 266 5777 2426 4535 7466 5703 9114 3564 8801 652 686 3 8155 6249 3507 1118 3445 5982 7007 4995 2067 303 6250 7361 561 4724 9088 5663 7474 7819 7776 262 1725 5815 3438 6119 4841 9636 9005 2243 522 9352 7861 5546 8740 1256 7394 2547 4009 1876 6460 6744 7325 90 6598 6505 5055 8723 9464 6995 3708 7542 1769 4802 9422 8172 9405 9219 4017 1843 2620 4230 6963 929 7712 9857 3673 5095 5039 5727 7884 109 3250 8216 395 8045 6289 6895 9782 3843 676 6129 2691 4872 5102 6512 6758 8845 5343 4258 3950 3321 4845 7489 8297 2397 4390 5491 7752 762 6475 579 101 3993 4609 2237 8406 6415 4886 6832 5945 3994 4320 2488 6632 7586 3446 7863 8046 8952 4374 1468 1765 9448 7528 7968 3304 1014 5332 3362 1836 3512 1772 8167 9063 2804 6952 912 2992 2805 3181 7184 1542 2974 1491 474 7360 230 1477 1682 540 666 1714 626 3334 1235 3217 4449 7914 8298 7931 9572 4083 7314 2973 8404 3269 1721 8654 6619 7241 8516 870 2768 3080 4485 4215 2998 7963 7370 4117 6986 759 951 2104 6690 6625 1312 1560 3054 2117 5066 3402 274 83 4051 332 2531 148 1831 7431 2793 4273 8137 286 8281 3626 4990 2788 3332 4147 5177 1552 4759 7267 7885 3562 196 202 7909 8650 944 665 8037 5045 1761 7730 7608 3989 7272 3612 8830 6665 5090 6607 8245 9026 4447 6691 7216 6655 6058 150 6639 9119 7068 2140 1535 7675 9969 5022 4723 6953 3100 7908 2389 8914 5774 7367 9249 7930 4375 851 4116 9628 8234 22 8578 8906 3134 1538 8500 674 3779 4535 3862 1922 2512 6439 28 2176 8833 9485 8831 7853 4155 2658 5870 2326 8662 5112 6501 906 2751 2421 5455 7688 2319 5409 9539 4402 3265 1745 2963 3186 2661 5386 2043 7002 3790 6618 3540 9941 5773 4771 1104 2517 6573 5902 1144 7553 1669 8529 1695 2309 9913 2376 9551 5933 5338 1970 7952 2087 1617 9391 5081 1500 9376 6264 1970 9487 1919 6129 5588 6760 3899 8236 176 4820 8083 3384 3097 2721 7834 8721 3692 2656 8812 3920 1636 3906 6155 2277 1054 5327 7201 2796 8663 1859 438 9502 3169 645 496 4515 9645 6463 3106 1382 3941 2622 4863 9174 4137 3231 5843 841 9124 4689 7864 4425 3506 7491 3446 7579 1987 5467 9884 26 3063 4996 5272 3957 4607 2475 3331 358 402 2845 9634 2756 6368 9630 2053 7619 4210 5845 8647 543 9927 5921 867 7300 7474 7475 3603 3513 4869 6006 2750 8527 4241 3105 4891 5977 667 7765 1397 9644 5957 4958 3168 2832 9989 912 9389 8720 9061 3249 5164 2717 9368 314 9032 4406 7943 1195 6450 2380 8177 2884 8228 1928 361 3428 6251 4945 963 6870 3881 1277 7547 8691 302 5822 8605 843 4449 4697 1705 1785 2224 4322 9868 5552 1695 5372 8924 9630 4598 3703 1441 948 1096 5785 5252 6225 3409 759 3034 9430 4010 734 7015 7210 9164 4286 8061 6192 6233 158 9163 8713 1612 7632 2538 8259 429 5158 4807 4021 1279 197 6184 4952 1222 5651 514 7132 3999 2925 3986 5567 7383 4495 2155 5410 550 2744 8182 5959 8560 8796 8826 7152 2408 2358 5602 9588 178 239 163 1517 4149 385 8513 7403 968 5973 2850 9312 42 269 1849 1134 3451 4238 8545 9172 5532 8347 523 6891 505 878 4954 469 6088 5242 9322 881 281 5267 7812 9349 825 4380 1034 7401 6684 5521 2672 7748 1366 6478 7094 802 5004 9184 6759 1106 6522 6834 9215 504 4249 7264 1124 9327 3919 1012 9269 5715 6069 8879 1621 8331 3527 7955 9374 3278 4136 8938 9693 4019 4776 1559 9991 2703 1580 727 7149 2839 1545 4050 772 9989 87 3999 9073 4418 9779 916 8193 9540 431 4236 2849 3099 5221 7446 2251 2307 5252 4232 4556 9660 8396 5951 114 7390 8863 452 7616 6727 8071 4018 3580 8411 8290 574 8890 1390 5962 8307 59 5578 2431 263 6408 6481 4432 8006 6289 3530 5911 3547 6510 2751 4812 8486 5848 8008 9034 2996 4412 3444 7089 6053 1625 8647 8088 2994 8201 2700 7950 8071 7848 1285 2721 5212 5392 3939 5518 1737 5260 1749 7433 3882 4149 1139 4427 166 9451 3471 6670 5173 3508 7387 7655 9023 4573 664 7936 2435 442 666 8040 8001 3609 6000 705 810 6916 7179 4084 4496 4851 7811 9572 9601 6172 8951 3101 6653 7833 5995 5775 345 6457 5229 8385 835 4550 7371 7644 3415 3003 2905 9636 3966 7909 5015 448 2504 8168 2902 1499 4795 9832 459 5090
2398 1807 8094 4755 3123 3639 8939 6073 1970 2814 7385 7659 6002 3878 7866 2701 6547 6680 8713 7760 2767 3567 5566 3227 4380 2346 8476 6638 5000 269 2980 5998 1449 2272 3731 2113 6247 9727 9498 2343 2316 4452 2447 4935 9465 6055 7159 4936 4928 510 8701 7093 382 5979 4965 1545 8631 252 8007 5841 9537 9768 1109 2214 857 1963 9991 6272 9969 7708 3968 8877 2180 691 2592 1819 6184 416 3634 2449 9181 5313 2829 7280 6847 3255 4817 7496 3201 1876 6830 7304 5639 7168 4831 4412 311 6114 2971 9846 2374 3566 8534 2801 221 4348 2157 2367 6179 74 4156 3944 9300 1848 1180 6123 4354 5535 6191 9057 5172 2253 3881 1487 8439 2948 7433 1306 3889 5449 4064 4635 158 9552 3475 6782 5996 6277 4931 7300 7752 360 6268 5860 1775 4515 6387 9979 5902 9361 5550 4321 1715 1585 1408 3828 7116 2467 4322 6240 2998 9430 5560 9626 713 5800 8731 5710 7247 1991 6375 1872 4620 7109 494 9169 4639 7604 3800 8976 4694 3018 4484 6628 3257 3246 6255 9183 9628 5790 1822 9070 2884 1775 8222 6416 5159 3476 5904 317 4771 7200 2860 1638 4626 7014 9520 4213 1581 744 3208 9978 6633 2503 8007 4781 263 551 2632 1997 9013 6983 3561 6404 3701 5372 1595 8655 692 482 8583 3224 2937 1800 6180 812 1172 3640 6024 8204 8443 28 4038 567 7503 9355 1533 6535 6382 4320 6074 8455 6180 5216 8780 6245 2322 3571 4075 9429 4854 8316 3057 9390 3894 8980 285 6840 2315 7311 8157 3506 9658 9223 9094 6520 2403 3369 1027 9896 6515 7682 811 8290 5060 8618 4955 5835 7068 5401 3795 5825 1751 3263 5714 5951 6207 4748 4870 9705 2712 5913 4447 749 5806 7734 4981 9764 5573 1334 8586 4734 8236 8702 3612 527 8368 6629 8675 6909 5664 3921 7015 8042 7582 2526 1745 7251 5755 6319 6047 1386 5220 1513 9493 294 3635 6892 6856 5613 4228 1089 7652 5214 9154 515 266 5777 2426 4535 7466 5703 9114 3564 8801 652 686 3 8155 6249 3507 1118 3445 5982 7007 4995 2067 303 6250 7361 561 4724 9088 5663 7474 7819 7776 262 1725 5815 3438 6119 4841 9636 9005 2243 522 9352 7861 5546 8740 1256 7394 2547 4009 1876 6460 6744 7325 90 6598 6505 5055 8723 9464 6995 3708 7542 1769 4802 9422 8172 9405 9219 4017 1843 2620 4230 6963 929 7712 9857 3673 5095 5039 5727 7884 109 3250 8216 395 8045 6289 6895 9782 3843 676 6129 2691 4872 5102 6512 6758 8845 5343 4258 3950 3321 4845 7489 8297 2397 4390 5491 7752 762 6475 579 101 3993 4609 2237 8406 6415 4886 6832 5945 3994 4320 2488 6632 7586 3446 7863 8046 8952 4374 1468 1765 9448 7528 7968 3304 1014 5332 3362 1836 3512 1772 8167 9063 2804 6952 912 2992 2805 3181 7184 1542 2974 1491 474 7360 230 1477 1682 540 666 1714 626 3334 1235 3217 4449 7914 8298 7931 9572 4083 7314 2973 8404 3269 1721 8654 6619 7241 8516 870 2768 3080 4485 4215 2998 7963 7370 4117 6986 759 951 2104 6690 6625 1312 1560 3054 2117 5066 3402 274 83 4051 332 2531 148 1831 7431 2793 4273 8137 286 8281 3626 4990 2788 3332 4147 5177 1552 4759 7267 7885 3562 196 202 7909 8650 944 665 8037 5045 1761 7730 7608 3989 7272 3612 8830 6665 5090 6607 8245 9026 4447 6691 7216 6655 6058 150 6639 9119 7068 2140 1535 7675 9969 5022 4723 6953 3100 7908 2389 8914 5774 7367 9249 7930 4375 851 4116 9628 8234 22 8578 8906 3134 1538 8500 674 3779 4535 3862 1922 2512 6439 28 2176 8833 9485 8831 7853 4155 2658 5870 2326 8662 5112 6501 906 2751 2421 5455 7688 2319 5409 9539 4402 3265 1745 2963 3186 2661 5386 2043 7002 3790 6618 3540 9941 5773 4771 1104 2517 6573 5902 1144 7553 1669 8529 1695 2309 9913 2376 9551 5933 5338 1970 7952 2087 1617 9391 5081 1500 9376 6264 1970 9487 1919 6129 5588 6760 3899 8236 176 4820 8083 3384 3097 2721 7834 8721 3692 2656 8812 3920 1636 3906 6155 2277 1054 5327 7201 2796 8663 1859 438 9502 3169 645 496 4515 9645 6463 3106 1382 3941 2622 4863 9174 4137 3231 5843 841 9124 4689 7864 4425 3506 7491 3446 7579 1987 5467 9884 26 3063 4996 5272 3957 4607 2475 3331 358 402 2845 9634 2756 6368 9630 2053 7619 4210 5845 8647 543 9927 5921 867 7300 7474 7475 3603 3513 4869 6006 2750 8527 4241 3105 4891 5977 667 7765 1397 9644 5957 4958 3168 2832 9989 912 9389 8720 9061 3249 5164 2717 9368 314 9032 4406 7943 1195 6450 2380 8177 2884 8228 1928 361 3428 6251 4945 963 6870 3881 1277 7547 8691 302 5822 8605 843 4449 4697 1705 1785 2224 4322 9868 5552 1695 5372 8924 9630 4598 3703 1441 948 1096 5785 5252 6225 3409 759 3034 9430 4010 734 7015 7210 9164 4286 8061 6192 6233 158 9163 8713 1612 7632 2538 8259 429 5158 4807 4021 1279 197 6184 4952 1222 5651 514 7132 3999 2925 3986 5567 7383 4495 2155 5410 550 2744 8182 5959 8560 8796 8826 7152 2408 2358 5602 9588 178 239 163 1517 4149 385 8513 7403 968 5973 2850 9312 42 269 1849 1134 3451 4238 8545 9172 5532 8347 523 6891 505 878 4954 469 6088 5242 9322 881 281 5267 7812 9349 825 4380 1034 7401 6684 5521 2672 7748 1366 6478 7094 802 5004 9184 6759 1106 6522 6834 9215 504 4249 7264 1124 9327 3919 1012 9269 5715 6069 8879 1621 8331 3527 7955 9374 3278 4136 8938 9693 4019 4776 1559 9991 2703 1580 727 7149 2839 1545 4050 772 9989 87 3999 9073 4418 9779 916 8193 9540 431 4236 2849 3099 5221 7446 2251 2307 5252 4232 4556 9660 8396 5951 114 7390 8863 452 7616 6727 8071 4018 3580 8411 8290 574 8890 1390 5962 8307 59 5578 2431 263 6408 6481 4432 8006 6289 3530 5911 3547 6510 2751 4812 8486 5848 8008 9034 2996 4412 3444 7089 6053 1625 8647 8088 2994 8201 2700 7950 8071 7848 1285 2721 5212 5392 3939 5518 1737 5260 1749 7433 3882 4149 1139 4427 166 9451 3471 6670 5173 3508 7387 7655 9023 4573 664 7936 2435 442 666 8040 8001 3609 6000 705 810 6916 7179 4084 4496 4851 7811 9572 9601 6172 8951 3101 6653 7833 5995 5775 345 6457 5229 8385 835 4550 7371 7644 3415 3003 2905 9636 3966 7909 5015 448 2504 8168 2902 1499 4795 9832 459 5090
