NOT_FOUND
5463
8258
6015
261
NOT_FOUND
1712
4825
300
1216
5573
1216
1216
281
NOT_FOUND
2355
8888
NOT_FOUND
NOT_FOUND
5276
1216
8993
NOT_FOUND
204
NOT_FOUND
1218
6336
57
1219
3577
6435
7663
9740
2769
NOT_FOUND
7556
NOT_FOUND
9376
3965
1218
2961
NOT_FOUND
9717
1222
NOT_FOUND
2600
NOT_FOUND
6582
NOT_FOUND
NOT_FOUND
NOT_FOUND
4294
1228
NOT_FOUND
1231
4347
1230
1232
NOT_FOUND
1232
1232
3916
9053
8749
1229
NOT_FOUND
1230
9436
1645
NOT_FOUND
1230
NOT_FOUND
8657
1232
8489
6874
1233
1721
NOT_FOUND
1232
2619
1231
NOT_FOUND
4023
3194
1232
1232
1234
9615
1234
4589
8042
NOT_FOUND
1232
NOT_FOUND
1232
5326
9686
5497
NOT_FOUND
NOT_FOUND
1232
5830
NOT_FOUND
1231
NOT_FOUND
1231
NOT_FOUND
3570
6196
605
NOT_FOUND
5819
7097
NOT_FOUND
1230
6373
1573
3093
1227
1227
NOT_FOUND
1228
9111
1228
4720
8442
1227
6114
NOT_FOUND
NOT_FOUND
9974
NOT_FOUND
NOT_FOUND
1229
859
9355
2288
729
1754
695
9328
1225
5158
422
1813
1225
4027
NOT_FOUND
9075
404
1142
1224
1224
2188
NOT_FOUND
NOT_FOUND
9589
NOT_FOUND
NOT_FOUND
7752
9867
9181
2844
9327
8932
1226
2669
1225
6757
NOT_FOUND
2821
1223
9960
NOT_FOUND
5289
6326
4601
311
9287
1221
1221
7812
1222
NOT_FOUND
NOT_FOUND
9728
NOT_FOUND
2188
290
NOT_FOUND
1226
3130
1227
NOT_FOUND
NOT_FOUND
389
7374
1228
2901
5809
5095
NOT_FOUND
5008
2245
1223
481
3142
4426
NOT_FOUND
5594
1226
3692
8583
NOT_FOUND
NOT_FOUND
5624
1227
201
NOT_FOUND
8327
NOT_FOUND
4070
4013
NOT_FOUND
1225
3026
NOT_FOUND
NOT_FOUND
NOT_FOUND
1227
8920
818
2259
1225
1225
829
3400
8894
346
8191
1247
1224
NOT_FOUND
1225
4283
6312
7359
1232
8503
833
1233
NOT_FOUND
8173
1232
NOT_FOUND
3147
7258
NOT_FOUND
690
NOT_FOUND
NOT_FOUND
1231
NOT_FOUND
1577
622
NOT_FOUND
2963
972
NOT_FOUND
8721
3173
1826
NOT_FOUND
8720
NOT_FOUND
1228
3345
1153
1228
NOT_FOUND
NOT_FOUND
NOT_FOUND
2008
NOT_FOUND
8440
1149
NOT_FOUND
1232
9104
1231
1231
NOT_FOUND
663
6606
5408
1230
NOT_FOUND
5236
8877
NOT_FOUND
7297
8439
NOT_FOUND
7864
NOT_FOUND
NOT_FOUND
1132
610
NOT_FOUND
7798
1229
NOT_FOUND
2888
6850
9631
1231
2022
1231
1231
1232
2003
NOT_FOUND
7693
NOT_FOUND
1233
1233
9562
NOT_FOUND
2946
6111
4784
9528
NOT_FOUND
NOT_FOUND
5570
7113
5976
NOT_FOUND
NOT_FOUND
NOT_FOUND
1106
NOT_FOUND
1227
3355
9676
6476
6583
1223
NOT_FOUND
NOT_FOUND
2435
5836
6183
4467
4008
1220
NOT_FOUND
2424
NOT_FOUND
7098
NOT_FOUND
NOT_FOUND
NOT_FOUND
1218
1219
1220
1220
7715
8493
NOT_FOUND
1222
NOT_FOUND
1223
1943
1224
1224
NOT_FOUND
1215
NOT_FOUND
5328
1224
2168
1223
NOT_FOUND
1224
1648
8591
1222
NOT_FOUND
2133
1224
NOT_FOUND
1015
NOT_FOUND
NOT_FOUND
1223
2834
4564
1224
NOT_FOUND
1224
8337
1223
6276
1224
NOT_FOUND
7802
15
1223
1223
6752
2783
1222
8660
8076
4659
2088
1857
2652
972
5336
1437
4914
2151
3477
704
NOT_FOUND
8908
1214
1089
9333
1216
NOT_FOUND
NOT_FOUND
838
NOT_FOUND
1219
4681
NOT_FOUND
NOT_FOUND
NOT_FOUND
3219
6149
2327
1219
NOT_FOUND
1219
1222
565
NOT_FOUND
7113
6920
2139
1493
4524
609
1219
934
NOT_FOUND
5543
8638
6617
6373
NOT_FOUND
NOT_FOUND
7345
7787
9661
1221
5594
2251
NOT_FOUND
1220
NOT_FOUND
8711
4976
3508
NOT_FOUND
4868
5023
3694
NOT_FOUND
NOT_FOUND
NOT_FOUND
1999
NOT_FOUND
7837
9360
7222
NOT_FOUND
NOT_FOUND
9965
9867
2974
1213
2184
5583
350
5117
1348
5977
2307
9978
3247
9704
4790
1211
NOT_FOUND
1211
1211
NOT_FOUND
NOT_FOUND
NOT_FOUND
NOT_FOUND
NOT_FOUND
1215
2650
1214
NOT_FOUND
1215
1215
NOT_FOUND
1218
1219
1220
2434
1219
67
1218
1218
1218
653
NOT_FOUND
1219
2077
1218
7187
1344
NOT_FOUND
1218
1219
NOT_FOUND
1219
1219
NOT_FOUND
1220
1220
5423
4460
1221
2319
8209
NOT_FOUND
139
7369
3440
1276
1215
4941
5729
7364
685
3394
1213
3578
7830
1215
NOT_FOUND
1217
1217
9367
6138
NOT_FOUND
NOT_FOUND
NOT_FOUND
NOT_FOUND
8458
1216
NOT_FOUND
1221
1223
8002
1224
8931
2643
1222
1223
NOT_FOUND
117
6933
5237
6321
563
9192
5417
1607
2792
4667
1225
NOT_FOUND
93
1224
NOT_FOUND
5727
1223
1223
3765
1223
NOT_FOUND
NOT_FOUND
6660
4542
7122
NOT_FOUND
7015
6693
5729
82
NOT_FOUND
NOT_FOUND
8570
NOT_FOUND
NOT_FOUND
NOT_FOUND
NOT_FOUND
2789
NOT_FOUND
1486
1223
259
5360
4235
127
1221
NOT_FOUND
1222
847
1224
NOT_FOUND
6182
4000
4267
1223
NOT_FOUND
1224
1224
NOT_FOUND
NOT_FOUND
1145
7536
7555
2899
2116
4472
1224
1224
NOT_FOUND
750
5811
2953
3763
NOT_FOUND
1229
1865
1229
6587
NOT_FOUND
1229
NOT_FOUND
5456
NOT_FOUND
7125
9884
1230
NOT_FOUND
8877
NOT_FOUND
1230
1394
1556
1230
7069
8534
7148
NOT_FOUND
NOT_FOUND
NOT_FOUND
1230
1230
1231
586
4549
1668
1232
1232
613
NOT_FOUND
NOT_FOUND
6593
1232
6220
9482
1231
5682
5982
1231
1232
NOT_FOUND
NOT_FOUND
1234
1235
9653
9457
4381
1238
9207
654
1237
7224
842
7540
4450
NOT_FOUND
3720
NOT_FOUND
NOT_FOUND
1234
1237
1237
9231
4602
1238
6907
1237
NOT_FOUND
2285
8487
1238
1238
NOT_FOUND
NOT_FOUND
NOT_FOUND
245
5530
NOT_FOUND
1243
5915
1242
9795
4292
6870
1241
8285
6878
NOT_FOUND
NOT_FOUND
1242
NOT_FOUND
NOT_FOUND
8619
1243
1244
1246
3450
1245
5520
1841
1247
1897
NOT_FOUND
9043
88
8273
6385
6466
NOT_FOUND
1084
1242
9803
1241
NOT_FOUND
3071
NOT_FOUND
NOT_FOUND
9431
5522
NOT_FOUND
NOT_FOUND
3025
4486
7028
2731
1236
NOT_FOUND
1236
1236
372
1964
NOT_FOUND
NOT_FOUND
9702
3528
1235
2843
1236
1236
7133
6809 1670 6434 5604 6774 357 6596 2373 3135 5680 1657 9706 1369 3006 6947 165 9206 224 5352 6878 7267 1569 7022 2323 6939 9044 5667 7370 1135 6828 6043 4370 6471 7779 8723 5868 8353 3061 9829 765 6534 7756 1364 4069 834 6224 6321 7064 3140 7140 2182 2091 1164 5621 27 9741 4905 7438 3851 6904 7431 7268 2067 3542 3803 4563 6021 2677 2735 7783 4782 5492 8634 3688 8241 3141 3711 2475 9509 3059 1772 9705 1112 101 6246 2751 3401 8061 5880 4245 7471 7394 8572 821 2483 6446 4728 4684 4206 1696 9023 6706 8716 3296 3799 8545 5305 8649 2392 9014 1556 429 2118 2584 8302 2329 9013 2803 4719 1712 6342 3196 9731 8470 3418 4747 1293 9095 4459 8041 3595 8270 3601 5948 8677 9692 8582 9701 4643 448 5950 8801 5334 6807 3287 5953 8219 5373 8229 5627 9109 1589 9413 5361 6177 1748 8160 128 7959 7868 7027 3986 5918 7036 65 8614 1379 6821 8802 8025 7517 6815 6205 1804 9719 5408 3165 1126 681 1475 9447 196 2413 5539 6348 3252 4237 1031 7448 7302 3696 7873 1371 7681 5281 8130 1342 1727 9003 4811 5760 3332 8045 4866 1491 5883 5080 9081 1718 4652 4921 8171 1413 1266 9181 3738 835 7459 7058 3990 2387 9897 5404 4583 5336 5949 966 9447 2286 5054 7542 8289 5097 8858 1276 6450 3307 5826 3800 5803 7723 1146 7892 622 8645 1237 9600 6539 9189 3412 8285 4559 7373 3857 2698 4130 500 850 8246 8865 8422 4657 8667 7390 6539 4705 1262 9351 9890 2366 1997 9376 2288 6486 1912 6908 207 3105 7594 3847 3605 9672 7401 2060 757 501 2547 812 5004 4544 5895 6876 361 2134 1628 2405 8670 1242 7400 3791 5482 967 7292 9684 6305 7354 8593 4742 8262 9711 1733 1113 356 7757 4752 423 2450 7810 3285 8160 7561 4362 8495 5783 8446 1325 2506 3240 9939 5990 9132 9122 2896 9606 5720 573 2222 4162 707 4422 9846 6934 5438 2909 6721 7465 6160 857 2611 3160 9244 4095 2649 5880 4575 5850 8719 174 3452 7421 8303 7286 9084 4388 3315 400 3105 7988 71 5674 8483 4401 1682 8480 1765 7336 6233 1812 5347 9307 8528 331 6071 1390 2795 2676 8795 6663 4001 5015 4348 9708 7413 6077 1979 714 3080 4428 6451 408 7807 3888 9617 4737 7483 8293 4761 4357 5295 2416 7697 1746 2529 4927 6402 4038 5536 3761 5565 4428 2589 4185 4464 5083 7071 2408 881 2142 2567 4826 4893 6336 5616 4506 223 1966 2146 1990 4636 4362 1965 3866 3900 458 8409 682 612 1669 4728 4135 6099 4905 9148 2886 7116 7474 4144 3440 6212 9158 4778 5170 828 5895 2941 8688 3472 1472 2068 5163 4097 280 7155 5298 6061 8577 8620 8222 6477 5150 5638 1857 8910 5883 4951 688 5233 2912 5784 8234 5053 6179 1425 1865 2005 2726 9733 5378 9647 4028 7662 3597 3427 1777 2001 2880 8455 1076 1583 8987 5235 9158 4348 1312 9175 8497 166 9286 2694 7884 5176 6882 5036 4894 9790 2668 4171 5066 8947 310 4842 6756 4503 5418 2168 8918 5901 2183 8937 7209 2855 1975 7431 8547 5961 7032 1105 6999 4784 8675 5411 235 5182 3252 7528 9151 2485 4784 7222 3919 7199 2768 7268 4560 9923 1911 6797 4470 7324 1079 4899 7417 9198 8768 8691 9787 3039 1845 7617 8624 4069 7774 5964 4617 681 2847 6152 3652 6740 6116 9393 8552 8125 7106 7620 4755 1975 413 2489 3184 4889 1016 1056 4259 8780 7068 2780 8787 8550 9780 8600 797 3038 7830 7249 5570 1912 9105 2786 6267 7676 4507 9921 7997 1136 3563 4898 5395 9565 7293 4440 8642 1917 4085 3679 5257 2093 8969 6552 4755 5188 2702 3327 1879 8923 1002 5610 8310 8887 5285 242 3518 30 72 8 6817 2308 7455 6166 2068 3445 1182 8317 397 8408 6952 3036 200 8983 6774 3761 3817 1484 1969 3575 2688 7923 7203 3433 6744 9839 9429 6020 7784 6149 781 2936 3913 4021 4279 2165 884 8154 268 193 3462 3340 4538 6727 5700 9832 7034 4253 7936 5095 7009 5742 2893 4801 8571 7541 9484 6402 4904 59 3122 5554 9524 4216 7519 7703 3391 313 7708 8333 2032 7300 8180 3660 1685 1863 6958 739 726 5233 5769 6099 8782 2845 6321 1247 2771 6232 6876 6682 9691 4516 4279 1636 5358 7520 815 142 4012 3706 2421 3217 868 274 1795 6791 3685 4024 4400 2828 9448 2098 3326 9952 8779 6272 5302 3864 6848 8234 4675 4628 6821 7170 861 4816 7534 3422 5928 514 3973 9141 4088 9217 3007 8137 1018 9304 4691 3287 3283 6730 6747 3856 2992 7301 6564 8191 5331 2989 6602 1254 2803 6948 6610 4700 4360 5069 5744 2635 3667 8115 4243 5312 8086 976 2629 1473 3932 4356 9855 3133 2576 7211 4597 5853 1046 6 3104 4246 3048 722 4400 8145 161 1645 1445 9721 4061 5676 2642 5590 2984 3146 1249 5369 7033 9037 6609 4054 6434 9818 4780 3435 4433 715 8961 5680 1804 6088 6157 1615 7186 7478 5033 5047 1832 4119 6146 2487 9837 6030 5188 1680 9062 2977 4711 2409 4277 8066 215 2799 9392 2843 2093 5402 949 8197 9225 7782 5039 3629 7062 368 809 5177 8729 6804 4184 7441 3942 2855 3574 4262 9334 9140 6767 9937 7879 6210 7809 3337 3537 5707 6442 2510 4123 6634 1555 8456 4554 1878 2179 5176 9635 2416 5788 5213 403 9514 6674 2092 2745 9672 5775 7525 3343 56 9666 6385 3480 5225 4214 8526 8409 452 9697 2645 8830 3150 7395 650 1570 9013 6948 8996 6016 4271 8356 8127 8343 2199 8493 9040 7832 3929 1982 4310 3768 6629 7911 6218 6074 757 5473 6773 8080 9773 6402 5490 4714 6425 8830 57 2951 8765 1085 3426 7954 6187 4934 3344 979 2921 5837 3448 6330 4527 6466 3973 9305 2559 6728 6510 1788 76 9210 6224 1161 888 3654 9073 7877 2392 4879 6906 6923 3652 4970 197 6265 2382 5892 4123 7171 1268 3956 1641 9366 4063 3734 8546 218 4467 6431 2002 4777 9036 447 6316 6462 6873 179 6963 674 1382 846 1408 1118 8978 3708 3500 7310 1635 4426 6788 6884 9364 6141 1157 8388 6998 3160 641 406 7698 2849 9216 7852 2819 32 630 5933 4045 7479 2713 34 7535 5288 2798 7240 4999 2208 2794 4440 3335 4020 3996 3068 1468 8467 2273 8263 1949 6635 7753 8983 5349 5716 4346 8292 6755 3391 2302 2543 16 2672 9395 1086 9940 4883 2941 3144 7423 864 8773 7941 9616 8094 576 9567 575 8366 7515 1533 4689 7440 9056 9616 1341 6127 4377 4381 2431 3932 2540 8117 6961 9458 1884 7100 1709 8851 6669 9081 1120 7508 6765 51 8242 4619 3749 7935 6545 2419 9042 6128 4516 1570 5840 3115 3232 7190 3720 7406 5456 871 1511 7113 6062 4844 555 7230 767 3713 4097 1212 3885 2799 7220 5869 3900 8582 1732 9256 9659 8680 9825 5986 6364 5231 9192 1894 136 3632 5112 8181 4258 5742 6771 4647 9822 3393 1699 7826 4282 126 6849 731 6596 9211 4198 3986 8615 2326 9761 6295 2848 1485 2394 2385 8132 7846 5028 1217 1242 105 2105 5580 4011 3866 9374 8781
8781 9374 3866 4011 5580 2105 105 1242 1217 5028 7846 8132 2385 2394 1485 2848 6295 9761 2326 8615 3986 4198 9211 6596 731 6849 126 4282 7826 1699 3393 9822 4647 6771 5742 4258 8181 5112 3632 136 1894 9192 5231 6364 5986 9825 8680 9659 9256 1732 8582 3900 5869 7220 2799 3885 1212 4097 3713 767 7230 555 4844 6062 7113 1511 871 5456 7406 3720 7190 3232 3115 5840 1570 4516 6128 9042 2419 6545 7935 3749 4619 8242 51 6765 7508 1120 9081 6669 8851 1709 7100 1884 9458 6961 8117 2540 3932 2431 4381 4377 6127 1341 9616 9056 7440 4689 1533 7515 8366 575 9567 576 8094 9616 7941 8773 864 7423 3144 2941 4883 9940 1086 9395 2672 16 2543 2302 3391 6755 8292 4346 5716 5349 8983 7753 6635 1949 8263 2273 8467 1468 3068 3996 4020 3335 4440 2794 2208 4999 7240 2798 5288 7535 34 2713 7479 4045 5933 630 32 2819 7852 9216 2849 7698 406 641 3160 6998 8388 1157 6141 9364 6884 6788 4426 1635 7310 3500 3708 8978 1118 1408 846 1382 674 6963 179 6873 6462 6316 447 9036 4777 2002 6431 4467 218 8546 3734 4063 9366 1641 3956 1268 7171 4123 5892 2382 6265 197 4970 3652 6923 6906 4879 2392 7877 9073 3654 888 1161 6224 9210 76 1788 6510 6728 2559 9305 3973 6466 4527 6330 3448 5837 2921 979 3344 4934 6187 7954 3426 1085 8765 2951 57 8830 6425 4714 5490 6402 9773 8080 6773 5473 757 6074 6218 7911 6629 3768 4310 1982 3929 7832 9040 8493 2199 8343 8127 8356 4271 6016 8996 6948 9013 1570 650 7395 3150 8830 2645 9697 452 8409 8526 4214 5225 3480 6385 9666 56 3343 7525 5775 9672 2745 2092 6674 9514 403 5213 5788 2416 9635 5176 2179 1878 4554 8456 1555 6634 4123 2510 6442 5707 3537 3337 7809 6210 7879 9937 6767 9140 9334 4262 3574 2855 3942 7441 4184 6804 8729 5177 809 368 7062 3629 5039 7782 9225 8197 949 5402 2093 2843 9392 2799 215 8066 4277 2409 4711 2977 9062 1680 5188 6030 9837 2487 6146 4119 1832 5047 5033 7478 7186 1615 6157 6088 1804 5680 8961 715 4433 3435 4780 9818 6434 4054 6609 9037 7033 5369 1249 3146 2984 5590 2642 5676 4061 9721 1445 1645 161 8145 4400 722 3048 4246 3104 6 1046 5853 4597 7211 2576 3133 9855 4356 3932 1473 2629 976 8086 5312 4243 8115 3667 2635 5744 5069 4360 4700 6610 6948 2803 1254 6602 2989 5331 8191 6564 7301 2992 3856 6747 6730 3283 3287 4691 9304 1018 8137 3007 9217 4088 9141 3973 514 5928 3422 7534 4816 861 7170 6821 4628 4675 8234 6848 3864 5302 6272 8779 9952 3326 2098 9448 2828 4400 4024 3685 6791 1795 274 868 3217 2421 3706 4012 142 815 7520 5358 1636 4279 4516 9691 6682 6876 6232 2771 1247 6321 2845 8782 6099 5769 5233 726 739 6958 1863 1685 3660 8180 7300 2032 8333 7708 313 3391 7703 7519 4216 9524 5554 3122 59 4904 6402 9484 7541 8571 4801 2893 5742 7009 5095 7936 4253 7034 9832 5700 6727 4538 3340 3462 193 268 8154 884 2165 4279 4021 3913 2936 781 6149 7784 6020 9429 9839 6744 3433 7203 7923 2688 3575 1969 1484 3817 3761 6774 8983 200 3036 6952 8408 397 8317 1182 3445 2068 6166 7455 2308 6817 8 72 30 3518 242 5285 8887 8310 5610 1002 8923 1879 3327 2702 5188 4755 6552 8969 2093 5257 3679 4085 1917 8642 4440 7293 9565 5395 4898 3563 1136 7997 9921 4507 7676 6267 2786 9105 1912 5570 7249 7830 3038 797 8600 9780 8550 8787 2780 7068 8780 4259 1056 1016 4889 3184 2489 413 1975 4755 7620 7106 8125 8552 9393 6116 6740 3652 6152 2847 681 4617 5964 7774 4069 8624 7617 1845 3039 9787 8691 8768 9198 7417 4899 1079 7324 4470 6797 1911 9923 4560 7268 2768 7199 3919 7222 4784 2485 9151 7528 3252 5182 235 5411 8675 4784 6999 1105 7032 5961 8547 7431 1975 2855 7209 8937 2183 5901 8918 2168 5418 4503 6756 4842 310 8947 5066 4171 2668 9790 4894 5036 6882 5176 7884 2694 9286 166 8497 9175 1312 4348 9158 5235 8987 1583 1076 8455 2880 2001 1777 3427 3597 7662 4028 9647 5378 9733 2726 2005 1865 1425 6179 5053 8234 5784 2912 5233 688 4951 5883 8910 1857 5638 5150 6477 8222 8620 8577 6061 5298 7155 280 4097 5163 2068 1472 3472 8688 2941 5895 828 5170 4778 9158 6212 3440 4144 7474 7116 2886 9148 4905 6099 4135 4728 1669 612 682 8409 458 3900 3866 1965 4362 4636 1990 2146 1966 223 4506 5616 6336 4893 4826 2567 2142 881 2408 7071 5083 4464 4185 2589 4428 5565 3761 5536 4038 6402 4927 2529 1746 7697 2416 5295 4357 4761 8293 7483 4737 9617 3888 7807 408 6451 4428 3080 714 1979 6077 7413 9708 4348 5015 4001 6663 8795 2676 2795 1390 6071 331 8528 9307 5347 1812 6233 7336 1765 8480 1682 4401 8483 5674 71 7988 3105 400 3315 4388 9084 7286 8303 7421 3452 174 8719 5850 4575 5880 2649 4095 9244 3160 2611 857 6160 7465 6721 2909 5438 6934 9846 4422 707 4162 2222 573 5720 9606 2896 9122 9132 5990 9939 3240 2506 1325 8446 5783 8495 4362 7561 8160 3285 7810 2450 423 4752 7757 356 1113 1733 9711 8262 4742 8593 7354 6305 9684 7292 967 5482 3791 7400 1242 8670 2405 1628 2134 361 6876 5895 4544 5004 812 2547 501 757 2060 7401 9672 3605 3847 7594 3105 207 6908 1912 6486 2288 9376 1997 2366 9890 9351 1262 4705 6539 7390 8667 4657 8422 8865 8246 850 500 4130 2698 3857 7373 4559 8285 3412 9189 6539 9600 1237 8645 622 7892 1146 7723 5803 3800 5826 3307 6450 1276 8858 5097 8289 7542 5054 2286 9447 966 5949 5336 4583 5404 9897 2387 3990 7058 7459 835 3738 9181 1266 1413 8171 4921 4652 1718 9081 5080 5883 1491 4866 8045 3332 5760 4811 9003 1727 1342 8130 5281 7681 1371 7873 3696 7302 7448 1031 4237 3252 6348 5539 2413 196 9447 1475 681 1126 3165 5408 9719 1804 6205 6815 7517 8025 8802 6821 1379 8614 65 7036 5918 3986 7027 7868 7959 128 8160 1748 6177 5361 9413 1589 9109 5627 8229 5373 8219 5953 3287 6807 5334 8801 5950 448 4643 9701 8582 9692 8677 5948 3601 8270 3595 8041 4459 9095 1293 4747 3418 8470 9731 3196 6342 1712 4719 2803 9013 2329 8302 2584 2118 429 1556 9014 2392 8649 5305 8545 3799 3296 8716 6706 9023 1696 4206 4684 4728 6446 2483 821 8572 7394 7471 4245 5880 8061 3401 2751 6246 101 1112 9705 1772 3059 9509 2475 3711 3141 8241 3688 8634 5492 4782 7783 2735 2677 6021 4563 3803 3542 2067 7268 7431 6904 3851 7438 4905 9741 27 5621 1164 2091 2182 7140 3140 7064 6321 6224 834 4069 1364 7756 6534 765 9829 3061 8353 5868 8723 7779 6471 4370 6043 6828 1135 7370 5667 9044 6939 2323 7022 1569 7267 6878 5352 224 9206 165 6947 3006 1369 9706 1657 5680 3135 2373 6596 357 6774 5604 6434 1670 6809
6809 1670 6434 5604 6774 357 6596 2373 3135 5680 1657 9706 1369 3006 6947 165 9206 224 5352 6878 7267 1569 7022 2323 6939 9044 5667 7370 1135 6828 6043 4370 6471 7779 8723 5868 8353 3061 9829 765 6534 7756 1364 4069 834 6224 6321 7064 3140 7140 2182 2091 1164 5621 27 9741 4905 7438 3851 6904 7431 7268 2067 3542 3803 4563 6021 2677 2735 7783 4782 5492 8634 3688 8241 3141 3711 2475 9509 3059 1772 9705 1112 101 6246 2751 3401 8061 5880 4245 7471 7394 8572 821 2483 6446 4728 4684 4206 1696 9023 6706 8716 3296 3799 8545 5305 8649 2392 9014 1556 429 2118 2584 8302 2329 9013 2803 4719 1712 6342 3196 9731 8470 3418 4747 1293 9095 4459 8041 3595 8270 3601 5948 8677 9692 8582 9701 4643 448 5950 8801 5334 6807 3287 5953 8219 5373 8229 5627 9109 1589 9413 5361 6177 1748 8160 128 7959 7868 7027 3986 5918 7036 65 8614 1379 6821 8802 8025 7517 6815 6205 1804 9719 5408 3165 1126 681 1475 9447 196 2413 5539 6348 3252 4237 1031 7448 7302 3696 7873 1371 7681 5281 8130 1342 1727 9003 4811 5760 3332 8045 4866 1491 5883 5080 9081 1718 4652 4921 8171 1413 1266 9181 3738 835 7459 7058 3990 2387 9897 5404 4583 5336 5949 966 9447 2286 5054 7542 8289 5097 8858 1276 6450 3307 5826 3800 5803 7723 1146 7892 622 8645 1237 9600 6539 9189 3412 8285 4559 7373 3857 2698 4130 500 850 8246 8865 8422 4657 8667 7390 6539 4705 1262 9351 9890 2366 1997 9376 2288 6486 1912 6908 207 3105 7594 3847 3605 9672 7401 2060 757 501 2547 812 5004 4544 5895 6876 361 2134 1628 2405 8670 1242 7400 3791 5482 967 7292 9684 6305 7354 8593 4742 8262 9711 1733 1113 356 7757 4752 423 2450 7810 3285 8160 7561 4362 8495 5783 8446 1325 2506 3240 9939 5990 9132 9122 2896 9606 5720 573 2222 4162 707 4422 9846 6934 5438 2909 6721 7465 6160 857 2611 3160 9244 4095 2649 5880 4575 5850 8719 174 3452 7421 8303 7286 9084 4388 3315 400 3105 7988 71 5674 8483 4401 1682 8480 1765 7336 6233 1812 5347 9307 8528 331 6071 1390 2795 2676 8795 6663 4001 5015 4348 9708 7413 6077 1979 714 3080 4428 6451 408 7807 3888 9617 4737 7483 8293 4761 4357 5295 2416 7697 1746 2529 4927 6402 4038 5536 3761 5565 4428 2589 4185 4464 5083 7071 2408 881 2142 2567 4826 4893 6336 5616 4506 223 1966 2146 1990 4636 4362 1965 3866 3900 458 8409 682 612 1669 4728 4135 6099 4905 9148 2886 7116 7474 4144 3440 6212 9158 4778 5170 828 5895 2941 8688 3472 1472 2068 5163 4097 280 7155 5298 6061 8577 8620 8222 6477 5150 5638 1857 8910 5883 4951 688 5233 2912 5784 8234 5053 6179 1425 1865 2005 2726 9733 5378 9647 4028 7662 3597 3427 1777 2001 2880 8455 1076 1583 8987 5235 9158 4348 1312 9175 8497 166 9286 2694 7884 5176 6882 5036 4894 9790 2668 4171 5066 8947 310 4842 6756 4503 5418 2168 8918 5901 2183 8937 7209 2855 1975 7431 8547 5961 7032 1105 6999 4784 8675 5411 235 5182 3252 7528 9151 2485 4784 7222 3919 7199 2768 7268 4560 9923 1911 6797 4470 7324 1079 4899 7417 9198 8768 8691 9787 3039 1845 7617 8624 4069 7774 5964 4617 681 2847 6152 3652 6740 6116 9393 8552 8125 7106 7620 4755 1975 413 2489 3184 4889 1016 1056 4259 8780 7068 2780 8787 8550 9780 8600 797 3038 7830 7249 5570 1912 9105 2786 6267 7676 4507 9921 7997 1136 3563 4898 5395 9565 7293 4440 8642 1917 4085 3679 5257 2093 8969 6552 4755 5188 2702 3327 1879 8923 1002 5610 8310 8887 5285 242 3518 30 72 8 6817 2308 7455 6166 2068 3445 1182 8317 397 8408 6952 3036 200 8983 6774 3761 3817 1484 1969 3575 2688 7923 7203 3433 6744 9839 9429 6020 7784 6149 781 2936 3913 4021 4279 2165 884 8154 268 193 3462 3340 4538 6727 5700 9832 7034 4253 7936 5095 7009 5742 2893 4801 8571 7541 9484 6402 4904 59 3122 5554 9524 4216 7519 7703 3391 313 7708 8333 2032 7300 8180 3660 1685 1863 6958 739 726 5233 5769 6099 8782 2845 6321 1247 2771 6232 6876 6682 9691 4516 4279 1636 5358 7520 815 142 4012 3706 2421 3217 868 274 1795 6791 3685 4024 4400 2828 9448 2098 3326 9952 8779 6272 5302 3864 6848 8234 4675 4628 6821 7170 861 4816 7534 3422 5928 514 3973 9141 4088 9217 3007 8137 1018 9304 4691 3287 3283 6730 6747 3856 2992 7301 6564 8191 5331 2989 6602 1254 2803 6948 6610 4700 4360 5069 5744 2635 3667 8115 4243 5312 8086 976 2629 1473 3932 4356 9855 3133 2576 7211 4597 5853 1046 6 3104 4246 3048 722 4400 8145 161 1645 1445 9721 4061 5676 2642 5590 2984 3146 1249 5369 7033 9037 6609 4054 6434 9818 4780 3435 4433 715 8961 5680 1804 6088 6157 1615 7186 7478 5033 5047 1832 4119 6146 2487 9837 6030 5188 1680 9062 2977 4711 2409 4277 8066 215 2799 9392 2843 2093 5402 949 8197 9225 7782 5039 3629 7062 368 809 5177 8729 6804 4184 7441 3942 2855 3574 4262 9334 9140 6767 9937 7879 6210 7809 3337 3537 5707 6442 2510 4123 6634 1555 8456 4554 1878 2179 5176 9635 2416 5788 5213 403 9514 6674 2092 2745 9672 5775 7525 3343 56 9666 6385 3480 5225 4214 8526 8409 452 9697 2645 8830 3150 7395 650 1570 9013 6948 8996 6016 4271 8356 8127 8343 2199 8493 9040 7832 3929 1982 4310 3768 6629 7911 6218 6074 757 5473 6773 8080 9773 6402 5490 4714 6425 8830 57 2951 8765 1085 3426 7954 6187 4934 3344 979 2921 5837 3448 6330 4527 6466 3973 9305 2559 6728 6510 1788 76 9210 6224 1161 888 3654 9073 7877 2392 4879 6906 6923 3652 4970 197 6265 2382 5892 4123 7171 1268 3956 1641 9366 4063 3734 8546 218 4467 6431 2002 4777 9036 447 6316 6462 6873 179 6963 674 1382 846 1408 1118 8978 3708 3500 7310 1635 4426 6788 6884 9364 6141 1157 8388 6998 3160 641 406 7698 2849 9216 7852 2819 32 630 5933 4045 7479 2713 34 7535 5288 2798 7240 4999 2208 2794 4440 3335 4020 3996 3068 1468 8467 2273 8263 1949 6635 7753 8983 5349 5716 4346 8292 6755 3391 2302 2543 16 2672 9395 1086 9940 4883 2941 3144 7423 864 8773 7941 9616 8094 576 9567 575 8366 7515 1533 4689 7440 9056 9616 1341 6127 4377 4381 2431 3932 2540 8117 6961 9458 1884 7100 1709 8851 6669 9081 1120 7508 6765 51 8242 4619 3749 7935 6545 2419 9042 6128 4516 1570 5840 3115 3232 7190 3720 7406 5456 871 1511 7113 6062 4844 555 7230 767 3713 4097 1212 3885 2799 7220 5869 3900 8582 1732 9256 9659 8680 9825 5986 6364 5231 9192 1894 136 3632 5112 8181 4258 5742 6771 4647 9822 3393 1699 7826 4282 126 6849 731 6596 9211 4198 3986 8615 2326 9761 6295 2848 1485 2394 2385 8132 7846 5028 1217 1242 105 2105 5580 4011 3866 9374 8781
8781 9374 3866 4011 5580 2105 105 1242 1217 5028 7846 8132 2385 2394 1485 2848 6295 9761 2326 8615 3986 4198 9211 6596 731 6849 126 4282 7826 1699 3393 9822 4647 6771 5742 4258 8181 5112 3632 136 1894 9192 5231 6364 5986 9825 8680 9659 9256 1732 8582 3900 5869 7220 2799 3885 1212 4097 3713 767 7230 555 4844 6062 7113 1511 871 5456 7406 3720 7190 3232 3115 5840 1570 4516 6128 9042 2419 6545 7935 3749 4619 8242 51 6765 7508 1120 9081 6669 8851 1709 7100 1884 9458 6961 8117 2540 3932 2431 4381 4377 6127 1341 9616 9056 7440 4689 1533 7515 8366 575 9567 576 8094 9616 7941 8773 864 7423 3144 2941 4883 9940 1086 9395 2672 16 2543 2302 3391 6755 8292 4346 5716 5349 8983 7753 6635 1949 8263 2273 8467 1468 3068 3996 4020 3335 4440 2794 2208 4999 7240 2798 5288 7535 34 2713 7479 4045 5933 630 32 2819 7852 9216 2849 7698 406 641 3160 6998 8388 1157 6141 9364 6884 6788 4426 1635 7310 3500 3708 8978 1118 1408 846 1382 674 6963 179 6873 6462 6316 447 9036 4777 2002 6431 4467 218 8546 3734 4063 9366 1641 3956 1268 7171 4123 5892 2382 6265 197 4970 3652 6923 6906 4879 2392 7877 9073 3654 888 1161 6224 9210 76 1788 6510 6728 2559 9305 3973 6466 4527 6330 3448 5837 2921 979 3344 4934 6187 7954 3426 1085 8765 2951 57 8830 6425 4714 5490 6402 9773 8080 6773 5473 757 6074 6218 7911 6629 3768 4310 1982 3929 7832 9040 8493 2199 8343 8127 8356 4271 6016 8996 6948 9013 1570 650 7395 3150 8830 2645 9697 452 8409 8526 4214 5225 3480 6385 9666 56 3343 7525 5775 9672 2745 2092 6674 9514 403 5213 5788 2416 9635 5176 2179 1878 4554 8456 1555 6634 4123 2510 6442 5707 3537 3337 7809 6210 7879 9937 6767 9140 9334 4262 3574 2855 3942 7441 4184 6804 8729 5177 809 368 7062 3629 5039 7782 9225 8197 949 5402 2093 2843 9392 2799 215 8066 4277 2409 4711 2977 9062 1680 5188 6030 9837 2487 6146 4119 1832 5047 5033 7478 7186 1615 6157 6088 1804 5680 8961 715 4433 3435 4780 9818 6434 4054 6609 9037 7033 5369 1249 3146 2984 5590 2642 5676 4061 9721 1445 1645 161 8145 4400 722 3048 4246 3104 6 1046 5853 4597 7211 2576 3133 9855 4356 3932 1473 2629 976 8086 5312 4243 8115 3667 2635 5744 5069 4360 4700 6610 6948 2803 1254 6602 2989 5331 8191 6564 7301 2992 3856 6747 6730 3283 3287 4691 9304 1018 8137 3007 9217 4088 9141 3973 514 5928 3422 7534 4816 861 7170 6821 4628 4675 8234 6848 3864 5302 6272 8779 9952 3326 2098 9448 2828 4400 4024 3685 6791 1795 274 868 3217 2421 3706 4012 142 815 7520 5358 1636 4279 4516 9691 6682 6876 6232 2771 1247 6321 2845 8782 6099 5769 5233 726 739 6958 1863 1685 3660 8180 7300 2032 8333 7708 313 3391 7703 7519 4216 9524 5554 3122 59 4904 6402 9484 7541 8571 4801 2893 5742 7009 5095 7936 4253 7034 9832 5700 6727 4538 3340 3462 193 268 8154 884 2165 4279 4021 3913 2936 781 6149 7784 6020 9429 9839 6744 3433 7203 7923 2688 3575 1969 1484 3817 3761 6774 8983 200 3036 6952 8408 397 8317 1182 3445 2068 6166 7455 2308 6817 8 72 30 3518 242 5285 8887 8310 5610 1002 8923 1879 3327 2702 5188 4755 6552 8969 2093 5257 3679 4085 1917 8642 4440 7293 9565 5395 4898 3563 1136 7997 9921 4507 7676 6267 2786 9105 1912 5570 7249 7830 3038 797 8600 9780 8550 8787 2780 7068 8780 4259 1056 1016 4889 3184 2489 413 1975 4755 7620 7106 8125 8552 9393 6116 6740 3652 6152 2847 681 4617 5964 7774 4069 8624 7617 1845 3039 9787 8691 8768 9198 7417 4899 1079 7324 4470 6797 1911 9923 4560 7268 2768 7199 3919 7222 4784 2485 9151 7528 3252 5182 235 5411 8675 4784 6999 1105 7032 5961 8547 7431 1975 2855 7209 8937 2183 5901 8918 2168 5418 4503 6756 4842 310 8947 5066 4171 2668 9790 4894 5036 6882 5176 7884 2694 9286 166 8497 9175 1312 4348 9158 5235 8987 1583 1076 8455 2880 2001 1777 3427 3597 7662 4028 9647 5378 9733 2726 2005 1865 1425 6179 5053 8234 5784 2912 5233 688 4951 5883 8910 1857 5638 5150 6477 8222 8620 8577 6061 5298 7155 280 4097 5163 2068 1472 3472 8688 2941 5895 828 5170 4778 9158 6212 3440 4144 7474 7116 2886 9148 4905 6099 4135 4728 1669 612 682 8409 458 3900 3866 1965 4362 4636 1990 2146 1966 223 4506 5616 6336 4893 4826 2567 2142 881 2408 7071 5083 4464 4185 2589 4428 5565 3761 5536 4038 6402 4927 2529 1746 7697 2416 5295 4357 4761 8293 7483 4737 9617 3888 7807 408 6451 4428 3080 714 1979 6077 7413 9708 4348 5015 4001 6663 8795 2676 2795 1390 6071 331 8528 9307 5347 1812 6233 7336 1765 8480 1682 4401 8483 5674 71 7988 3105 400 3315 4388 9084 7286 8303 7421 3452 174 8719 5850 4575 5880 2649 4095 9244 3160 2611 857 6160 7465 6721 2909 5438 6934 9846 4422 707 4162 2222 573 5720 9606 2896 9122 9132 5990 9939 3240 2506 1325 8446 5783 8495 4362 7561 8160 3285 7810 2450 423 4752 7757 356 1113 1733 9711 8262 4742 8593 7354 6305 9684 7292 967 5482 3791 7400 1242 8670 2405 1628 2134 361 6876 5895 4544 5004 812 2547 501 757 2060 7401 9672 3605 3847 7594 3105 207 6908 1912 6486 2288 9376 1997 2366 9890 9351 1262 4705 6539 7390 8667 4657 8422 8865 8246 850 500 4130 2698 3857 7373 4559 8285 3412 9189 6539 9600 1237 8645 622 7892 1146 7723 5803 3800 5826 3307 6450 1276 8858 5097 8289 7542 5054 2286 9447 966 5949 5336 4583 5404 9897 2387 3990 7058 7459 835 3738 9181 1266 1413 8171 4921 4652 1718 9081 5080 5883 1491 4866 8045 3332 5760 4811 9003 1727 1342 8130 5281 7681 1371 7873 3696 7302 7448 1031 4237 3252 6348 5539 2413 196 9447 1475 681 1126 3165 5408 9719 1804 6205 6815 7517 8025 8802 6821 1379 8614 65 7036 5918 3986 7027 7868 7959 128 8160 1748 6177 5361 9413 1589 9109 5627 8229 5373 8219 5953 3287 6807 5334 8801 5950 448 4643 9701 8582 9692 8677 5948 3601 8270 3595 8041 4459 9095 1293 4747 3418 8470 9731 3196 6342 1712 4719 2803 9013 2329 8302 2584 2118 429 1556 9014 2392 8649 5305 8545 3799 3296 8716 6706 9023 1696 4206 4684 4728 6446 2483 821 8572 7394 7471 4245 5880 8061 3401 2751 6246 101 1112 9705 1772 3059 9509 2475 3711 3141 8241 3688 8634 5492 4782 7783 2735 2677 6021 4563 3803 3542 2067 7268 7431 6904 3851 7438 4905 9741 27 5621 1164 2091 2182 7140 3140 7064 6321 6224 834 4069 1364 7756 6534 765 9829 3061 8353 5868 8723 7779 6471 4370 6043 6828 1135 7370 5667 9044 6939 2323 7022 1569 7267 6878 5352 224 9206 165 6947 3006 1369 9706 1657 5680 3135 2373 6596 357 6774 5604 6434 1670 6809
6809 1670 6434 5604 6774 357 6596 2373 3135 5680 1657 9706 1369 3006 6947 165 9206 224 5352 6878 7267 1569 7022 2323 6939 9044 5667 7370 1135 6828 6043 4370 6471 7779 8723 5868 8353 3061 9829 765 6534 7756 1364 4069 834 6224 6321 7064 3140 7140 2182 2091 1164 5621 27 9741 4905 7438 3851 6904 7431 7268 2067 3542 3803 4563 6021 2677 2735 7783 4782 5492 8634 3688 8241 3141 3711 2475 9509 3059 1772 9705 1112 101 6246 2751 3401 8061 5880 4245 7471 7394 8572 821 2483 6446 4728 4684 4206 1696 9023 6706 8716 3296 3799 8545 5305 8649 2392 9014 1556 429 2118 2584 8302 2329 9013 2803 4719 1712 6342 3196 9731 8470 3418 4747 1293 9095 4459 8041 3595 8270 3601 5948 8677 9692 8582 9701 4643 448 5950 8801 5334 6807 3287 5953 8219 5373 8229 5627 9109 1589 9413 5361 6177 1748 8160 128 7959 7868 7027 3986 5918 7036 65 8614 1379 6821 8802 8025 7517 6815 6205 1804 9719 5408 3165 1126 681 1475 9447 196 2413 5539 6348 3252 4237 1031 7448 7302 3696 7873 1371 7681 5281 8130 1342 1727 9003 4811 5760 3332 8045 4866 1491 5883 5080 9081 1718 4652 4921 8171 1413 1266 9181 3738 835 7459 7058 3990 2387 9897 5404 4583 5336 5949 966 9447 2286 5054 7542 8289 5097 8858 1276 6450 3307 5826 3800 5803 7723 1146 7892 622 8645 1237 9600 6539 9189 3412 8285 4559 7373 3857 2698 4130 500 850 8246 8865 8422 4657 8667 7390 6539 4705 1262 9351 9890 2366 1997 9376 2288 6486 1912 6908 207 3105 7594 3847 3605 9672 7401 2060 757 501 2547 812 5004 4544 5895 6876 361 2134 1628 2405 8670 1242 7400 3791 5482 967 7292 9684 6305 7354 8593 4742 8262 9711 1733 1113 356 7757 4752 423 2450 7810 3285 8160 7561 4362 8495 5783 8446 1325 2506 3240 9939 5990 9132 9122 2896 9606 5720 573 2222 4162 707 4422 9846 6934 5438 2909 6721 7465 6160 857 2611 3160 9244 4095 2649 5880 4575 5850 8719 174 3452 7421 8303 7286 9084 4388 3315 400 3105 7988 71 5674 8483 4401 1682 8480 1765 7336 6233 1812 5347 9307 8528 331 6071 1390 2795 2676 8795 6663 4001 5015 4348 9708 7413 6077 1979 714 3080 4428 6451 408 7807 3888 9617 4737 7483 8293 4761 4357 5295 2416 7697 1746 2529 4927 6402 4038 5536 3761 5565 4428 2589 4185 4464 5083 7071 2408 881 2142 2567 4826 4893 6336 5616 4506 223 1966 2146 1990 4636 4362 1965 3866 3900 458 8409 682 612 1669 4728 4135 6099 4905 9148 2886 7116 7474 4144 3440 6212 9158 4778 5170 828 5895 2941 8688 3472 1472 2068 5163 4097 280 7155 5298 6061 8577 8620 8222 6477 5150 5638 1857 8910 5883 4951 688 5233 2912 5784 8234 5053 6179 1425 1865 2005 2726 9733 5378 9647 4028 7662 3597 3427 1777 2001 2880 8455 1076 1583 8987 5235 9158 4348 1312 9175 8497 166 9286 2694 7884 5176 6882 5036 4894 9790 2668 4171 5066 8947 310 4842 6756 4503 5418 2168 8918 5901 2183 8937 7209 2855 1975 7431 8547 5961 7032 1105 6999 4784 8675 5411 235 5182 3252 7528 9151 2485 4784 7222 3919 7199 2768 7268 4560 9923 1911 6797 4470 7324 1079 4899 7417 9198 8768 8691 9787 3039 1845 7617 8624 4069 7774 5964 4617 681 2847 6152 3652 6740 6116 9393 8552 8125 7106 7620 4755 1975 413 2489 3184 4889 1016 1056 4259 8780 7068 2780 8787 8550 9780 8600 797 3038 7830 7249 5570 1912 9105 2786 6267 7676 4507 9921 7997 1136 3563 4898 5395 9565 7293 4440 8642 1917 4085 3679 5257 2093 8969 6552 4755 5188 2702 3327 1879 8923 1002 5610 8310 8887 5285 242 3518 30 72 8 6817 2308 7455 6166 2068 3445 1182 8317 397 8408 6952 3036 200 8983 6774 3761 3817 1484 1969 3575 2688 7923 7203 3433 6744 9839 9429 6020 7784 6149 781 2936 3913 4021 4279 2165 884 8154 268 193 3462 3340 4538 6727 5700 9832 7034 4253 7936 5095 7009 5742 2893 4801 8571 7541 9484 6402 4904 59 3122 5554 9524 4216 7519 7703 3391 313 7708 8333 2032 7300 8180 3660 1685 1863 6958 739 726 5233 5769 6099 8782 2845 6321 1247 2771 6232 6876 6682 9691 4516 4279 1636 5358 7520 815 142 4012 3706 2421 3217 868 274 1795 6791 3685 4024 4400 2828 9448 2098 3326 9952 8779 6272 5302 3864 6848 8234 4675 4628 6821 7170 861 4816 7534 3422 5928 514 3973 9141 4088 9217 3007 8137 1018 9304 4691 3287 3283 6730 6747 3856 2992 7301 6564 8191 5331 2989 6602 1254 2803 6948 6610 4700 4360 5069 5744 2635 3667 8115 4243 5312 8086 976 2629 1473 3932 4356 9855 3133 2576 7211 4597 5853 1046 6 3104 4246 3048 722 4400 8145 161 1645 1445 9721 4061 5676 2642 5590 2984 3146 1249 5369 7033 9037 6609 4054 6434 9818 4780 3435 4433 715 8961 5680 1804 6088 6157 1615 7186 7478 5033 5047 1832 4119 6146 2487 9837 6030 5188 1680 9062 2977 4711 2409 4277 8066 215 2799 9392 2843 2093 5402 949 8197 9225 7782 5039 3629 7062 368 809 5177 8729 6804 4184 7441 3942 2855 3574 4262 9334 9140 6767 9937 7879 6210 7809 3337 3537 5707 6442 2510 4123 6634 1555 8456 4554 1878 2179 5176 9635 2416 5788 5213 403 9514 6674 2092 2745 9672 5775 7525 3343 56 9666 6385 3480 5225 4214 8526 8409 452 9697 2645 8830 3150 7395 650 1570 9013 6948 8996 6016 4271 8356 8127 8343 2199 8493 9040 7832 3929 1982 4310 3768 6629 7911 6218 6074 757 5473 6773 8080 9773 6402 5490 4714 6425 8830 57 2951 8765 1085 3426 7954 6187 4934 3344 979 2921 5837 3448 6330 4527 6466 3973 9305 2559 6728 6510 1788 76 9210 6224 1161 888 3654 9073 7877 2392 4879 6906 6923 3652 4970 197 6265 2382 5892 4123 7171 1268 3956 1641 9366 4063 3734 8546 218 4467 6431 2002 4777 9036 447 6316 6462 6873 179 6963 674 1382 846 1408 1118 8978 3708 3500 7310 1635 4426 6788 6884 9364 6141 1157 8388 6998 3160 641 406 7698 2849 9216 7852 2819 32 630 5933 4045 7479 2713 34 7535 5288 2798 7240 4999 2208 2794 4440 3335 4020 3996 3068 1468 8467 2273 8263 1949 6635 7753 8983 5349 5716 4346 8292 6755 3391 2302 2543 16 2672 9395 1086 9940 4883 2941 3144 7423 864 8773 7941 9616 8094 576 9567 575 8366 7515 1533 4689 7440 9056 9616 1341 6127 4377 4381 2431 3932 2540 8117 6961 9458 1884 7100 1709 8851 6669 9081 1120 7508 6765 51 8242 4619 3749 7935 6545 2419 9042 6128 4516 1570 5840 3115 3232 7190 3720 7406 5456 871 1511 7113 6062 4844 555 7230 767 3713 4097 1212 3885 2799 7220 5869 3900 8582 1732 9256 9659 8680 9825 5986 6364 5231 9192 1894 136 3632 5112 8181 4258 5742 6771 4647 9822 3393 1699 7826 4282 126 6849 731 6596 9211 4198 3986 8615 2326 9761 6295 2848 1485 2394 2385 8132 7846 5028 1217 1242 105 2105 5580 4011 3866 9374 8781
