8307
561
992
6969
8632
7904
902
1098
NOT_FOUND
982
4845
6098
NOT_FOUND
989
5594
9587
987
987
988
9055
988
4326
1636
8008
1651
NOT_FOUND
4474
NOT_FOUND
7944
983
NOT_FOUND
NOT_FOUND
9794
985
6603
984
NOT_FOUND
2330
NOT_FOUND
9612
NOT_FOUND
2001
983
1591
3390
5066
983
8865
7176
985
768
9364
282
3177
NOT_FOUND
8159
3258
5931
6701
NOT_FOUND
7615
5477
2029
NOT_FOUND
316
983
983
983
NOT_FOUND
984
986
8791
8370
6989
3047
NOT_FOUND
989
5756
43
1220
6847
5568
5991
3801
6391
2847
1376
983
9644
982
2590
6360
3844
2672
NOT_FOUND
985
987
988
988
988
NOT_FOUND
NOT_FOUND
990
NOT_FOUND
989
9026
NOT_FOUND
4703
9997
986
9446
NOT_FOUND
987
1360
987
988
2964
3153
6523
NOT_FOUND
988
NOT_FOUND
784
3095
987
987
NOT_FOUND
9735
NOT_FOUND
988
8782
NOT_FOUND
989
NOT_FOUND
6062
NOT_FOUND
9400
988
8528
7906
986
986
986
616
NOT_FOUND
986
9238
986
NOT_FOUND
8760
7380
2431
7800
NOT_FOUND
261
5628
987
2347
1754
493
3678
7339
987
987
987
987
NOT_FOUND
9184
2916
989
2261
9033
3919
1463
NOT_FOUND
996
996
NOT_FOUND
7793
998
998
6651
NOT_FOUND
2736
NOT_FOUND
25
1238
3697
NOT_FOUND
4742
NOT_FOUND
NOT_FOUND
2876
345
1414
922
998
NOT_FOUND
879
NOT_FOUND
9404
NOT_FOUND
1217
3550
6888
1000
NOT_FOUND
7841
3049
6203
7457
NOT_FOUND
1541
4083
1000
210
6069
NOT_FOUND
1542
999
2831
NOT_FOUND
4472
122
305
86
1494
996
996
1693
9268
NOT_FOUND
1003
1003
4763
NOT_FOUND
3541
1123
6623
1003
9045
1002
293
9077
1000
2776
2082
586
NOT_FOUND
1334
NOT_FOUND
NOT_FOUND
1002
5806
3706
7627
3388
9536
NOT_FOUND
346
996
7168
3410
7977
NOT_FOUND
6324
74
993
993
7301
993
993
NOT_FOUND
1990
2280
8782
995
995
5250
699
994
2262
3011
NOT_FOUND
995
996
996
6680
2622
3414
2177
5228
994
995
4424
9090
469
NOT_FOUND
9518
NOT_FOUND
2013
995
3459
994
NOT_FOUND
994
995
3619
995
995
1099
720
5892
8699
994
1842
9924
8518
993
NOT_FOUND
994
NOT_FOUND
7906
5921
1708
2839
991
8383
NOT_FOUND
6274
6891
991
991
1023
NOT_FOUND
990
464
994
NOT_FOUND
2364
333
992
992
4831
NOT_FOUND
NOT_FOUND
1633
994
1393
7243
NOT_FOUND
NOT_FOUND
992
6222
4649
NOT_FOUND
6772
995
5041
5786
9494
NOT_FOUND
993
2633
993
496
4032
991
8022
2453
989
9824
988
5295
NOT_FOUND
NOT_FOUND
786
8605
209
1161
5692
7753
3160
9762
NOT_FOUND
6965
3798
1858
991
991
2953
NOT_FOUND
9194
NOT_FOUND
991
992
992
2725
NOT_FOUND
2990
2677
NOT_FOUND
4923
2215
7301
NOT_FOUND
NOT_FOUND
6061
3654
NOT_FOUND
8369
6980
1243
380
4434
9145
NOT_FOUND
990
990
3345
3009
NOT_FOUND
1791
281
993
NOT_FOUND
5605
247
NOT_FOUND
2493
8570
5329
2066
NOT_FOUND
8736
NOT_FOUND
4261
3655
2535
9342
988
5496
1250
2110
5152
6333
4738
985
6812
9508
NOT_FOUND
986
2647
8615
985
4322
3615
8345
984
2683
7250
NOT_FOUND
1837
1880
6459
NOT_FOUND
983
3431
982
983
2138
982
NOT_FOUND
982
982
NOT_FOUND
983
7341
3256
981
NOT_FOUND
983
2187
4043
982
5012
982
4751
981
5238
8314
NOT_FOUND
8505
NOT_FOUND
8075
1421
1921
4955
NOT_FOUND
980
9066
8968
6358
1254
4428
9877
974
9331
976
NOT_FOUND
4158
NOT_FOUND
6916
4706
7223
1765
974
2997
8424
974
8028
973
973
4105
9623
NOT_FOUND
8587
NOT_FOUND
6195
974
NOT_FOUND
9959
NOT_FOUND
976
NOT_FOUND
976
976
977
2227
NOT_FOUND
6835
5401
974
NOT_FOUND
3562
977
NOT_FOUND
3876
5081
NOT_FOUND
8234
978
7863
977
978
3924
978
938
2236
NOT_FOUND
928
978
2276
5437
979
6830
8119
261
5590
975
1001
6697
NOT_FOUND
975
714
1389
9193
9912
973
973
NOT_FOUND
4863
5331
NOT_FOUND
2321
971
971
2910
9635
389
NOT_FOUND
6030
3698
1437
NOT_FOUND
8776
NOT_FOUND
968
968
969
3660
968
137
NOT_FOUND
3522
967
2845
966
3931
483
NOT_FOUND
1663
966
NOT_FOUND
1220
967
142
8314
7662
107
2573
47
7227
9351
3646
NOT_FOUND
5931
5766
2782
960
960
960
9756
8568
2114
NOT_FOUND
2306
980
NOT_FOUND
NOT_FOUND
117
965
8557
964
8470
965
2432
965
NOT_FOUND
965
NOT_FOUND
966
2468
NOT_FOUND
NOT_FOUND
5430
969
9246
2084
1283 3375 6060 5603 5903 6726 8470 5160 5618 299 471 9497 335 9241 4177 6369 4407 8265 5263 3971 796 3504 1506 1836 3420 3088 635 9070 9529 3216 6143 5657 3417 3903 6273 1586 4997 4646 9612 617 8643 4353 9775 6807 8178 1145 6308 8081 7079 3780 6090 2675 2071 8849 3094 278 1776 7802 3969 2033 2527 412 5311 4971 8426 5520 4404 7203 7619 5640 6077 2814 4877 2739 5613 8026 8218 1171 7208 4210 7022 8444 2843 6462 427 7302 2930 4842 7287 4236 5682 3924 2599 6900 6449 2441 6579 5388 4831 3728 1717 4497 8206 3398 9228 9773 3724 3007 3519 5324 5309 5973 5164 5086 4530 5260 3477 425 3458 6625 4343 7624 627 5174 1055 1514 6393 5454 3065 7424 7505 1505 119 3817 2422 1182 1621 8669 6041 2969 5192 215 7610 6501 5868 6101 271 1330 8676 2067 4429 6502 9244 4166 3913 6478 9589 6433 8119 328 2528 6510 9778 6772 1583 1821 6317 6846 7424 8199 686 8847 8286 9238 4319 2101 4530 3292 9450 6401 9533 8787 4729 2311 7511 2156 8258 6068 734 7410 7796 1294 5150 6101 3249 7739 5800 2234 3318 5000 9468 2377 5643 101 5925 3167 4490 5619 5068 35 5196 6784 7295 9175 2577 7023 176 6179 5083 5488 5116 325 4928 6490 7988 524 2546 1874 4056 6147 9122 7085 3322 7495 8077 186 1570 4253 4049 8578 2443 8520 7158 9816 9102 3358 3235 7016 9338 4374 6526 6905 3641 7231 4475 1067 769 6820 6198 5456 299 1328 4376 4232 4988 1445 1539 3905 9603 8973 1351 3724 2060 3778 1109 2042 2596 9766 850 5172 3431 9840 4867 8912 4661 4838 3952 7293 594 3298 3389 3076 1557 5607 659 1887 1833 9869 9107 4948 3468 2472 1366 4920 7109 2159 4857 3926 46 6399 8919 2982 4371 5571 1700 6804 7139 4191 4391 7484 3217 6712 5000 2880 6654 5388 6292 5813 7285 9497 6078 6113 346 2148 7193 1955 5125 6464 1802 5870 6556 5881 8008 6167 7038 2534 5585 7813 8331 4910 422 9051 6389 9643 2089 403 275 4261 3937 6388 3688 5324 6020 2783 6076 8452 9306 7847 102 5115 5894 9657 2177 7466 5203 4777 5102 6431 7640 7737 9025 5360 129 1757 6491 8051 9185 960 8210 9745 1824 3522 7242 2249 292 1188 1371 7317 4807 7273 5792 5060 2141 2592 8298 8917 3463 5268 3886 4376 9202 9174 4310 602 5292 8422 7853 3809 9987 7992 8628 8362 6604 3128 8485 983 3594 1314 417 3428 9565 2796 9950 4062 4133 2216 5789 2617 266 2602 1545 2478 8175 4929 3996 5303 9214 9146 2249 1338 2669 7546 6199 517 1287 1442 4528 1224 1368 9229 5452 1502 1706 1041 982 4329 7905 6047 551 9013 2192 175 2074 2131 8785 4991 2919 2482 9563 8922 5252 3264 2764 4712 1825 1211 6146 4299 8718 5285 5019 1817 1717 6270 9923 6820 375 249 4724 1 9806 1894 3775 5801 1577 1551 1053 7882 3961 6 2733 9796 3481 6619 8540 5362 1121 1735 4865 5188 219 1800 4654 5462 4554 5152 4877 6627 9156 6157 9468 3695 2154 133 5727 5 7893 1558 3981 842 8305 4791 4157 2935 3497 1893 87 141 7786 8026 2100 8960 5189 5886 3723 8413 7349 8055 8734 3325 1449 9441 2342 5697 7957 8907 6284 7931 3378 1140 2337 2980 6333 2644 716 8559 8930 7352 8320 8174 7565 1884 7882 9555 4785 5253 3826 7560 1199 8950 2505 5062 5293 5208 2739 3031 2474 6722 5891 8116 3720 2171 5630 8208 2447 4113 5767 7026 9492 6324 930 8691 2012 44 4726 4195 829 2205 9782 1955 4809 1646 5701 7057 3137 7430 6213 4823 9192 4074 4861 9256 5351 2916 2489 2798 8813 8352 6016 8865 1384 6930 9696 8903 4579 4760 5275 5780 9771 6002 9381 7517 8192 919 4388 8847 4469 8506 7091 7453 6722 7448 1045 9152 1803 552 4405 2054 609 7457 1120 1701 4426 8593 6334 5906 3084 9824 4256 4110 2644 7853 4283 4224 8584 8445 5533 4021 3332 2215 9379 2487 5568 1530 4530 4701 7630 8920 4271 4493 7423 953 1361 532 6356 8385 3002 6618 3570 8051 7451 9450 8016 2081 9029 7049 9054 3035 2897 4644 8585 8593 4867 1406 2458 291 3371 4737 8491 5693 4 9493 268 5601 5960 3330 9752 5500 4721 2560 371 9263 1532 6030 7094 1212 5054 6274 2542 3695 439 9346 7463 8579 5111 3001 3233 2831 578 9874 8925 2319 8504 8571 3941 7263 5252 3256 7233 119 6902 7007 26 1066 5336 9711 2918 986 7343 5538 9148 479 9807 5979 8292 9738 6848 8843 2517 5848 1443 801 4147 6840 6226 6941 8992 4558 716 589 1448 6165 2949 3023 7495 9351 5947 894 8777 9280 5360 3475 2375 3243 5387 3997 3825 6948 8470 3095 3226 7945 3611 261 5666 8331 2886 7959 9942 6615 2988 1289 2660 80 419 2770 7818 1392 770 3309 4809 3577 2635 2013 6693 9948 9725 2791 5562 3794 1574 2011 5524 1132 3769 405 4329 3627 8591 3127 8445 4533 4025 7475 1234 5517 6917 1015 8376 1511 5122 4554 4815 1676 2778 5772 7031 1264 9782 7604 7269 5525 5139 1283 5815 3940 7591 1741 8498 1676 6155 4773 4573 8032 2339 4086 6758 9345 7815 8315 9310 4774 8853 5115 6335 2709 262 7930 1367 754 9023 1323 8988 6670 5365 5873 4907 298 4264 1988 7372 3240 3345 7826 3223 9065 9729 8045 7138 321 5966 1076 6492 1818 1122 9102 5473 8634 6270 8783 7946 4946 6857 7632 9267 4572 5201 7618 7629 8443 6852 8447 3188 270 8184 5498 3082 8719 6867 6929 3069 9716 5699 8847 2834 3267 1537
1283 3375 6060 5603 5903 6726 8470 5160 5618 299 471 9497 335 9241 4177 6369 4407 8265 5263 3971 796 3504 1506 1836 3420 3088 635 9070 9529 3216 6143 5657 3417 3903 6273 1586 4997 4646 9612 617 8643 4353 9775 6807 8178 1145 6308 8081 7079 3780 6090 2675 2071 8849 3094 278 1776 7802 3969 2033 2527 412 5311 4971 8426 5520 4404 7203 7619 5640 6077 2814 4877 2739 5613 8026 8218 1171 7208 4210 7022 8444 2843 6462 427 7302 2930 4842 7287 4236 5682 3924 2599 6900 6449 2441 6579 5388 4831 3728 1717 4497 8206 3398 9228 9773 3724 3007 3519 5324 5309 5973 5164 5086 4530 5260 3477 425 3458 6625 4343 7624 627 5174 1055 1514 6393 5454 3065 7424 7505 1505 119 3817 2422 1182 1621 8669 6041 2969 5192 215 7610 6501 5868 6101 271 1330 8676 2067 4429 6502 9244 4166 3913 6478 9589 6433 8119 328 2528 6510 9778 6772 1583 1821 6317 6846 7424 8199 686 8847 8286 9238 4319 2101 4530 3292 9450 6401 9533 8787 4729 2311 7511 2156 8258 6068 734 7410 7796 1294 5150 6101 3249 7739 5800 2234 3318 5000 9468 2377 5643 101 5925 3167 4490 5619 5068 35 5196 6784 7295 9175 2577 7023 176 6179 5083 5488 5116 325 4928 6490 7988 524 2546 1874 4056 6147 9122 7085 3322 7495 8077 186 1570 4253 4049 8578 2443 8520 7158 9816 9102 3358 3235 7016 9338 4374 6526 6905 3641 7231 4475 1067 769 6820 6198 5456 299 1328 4376 4232 4988 1445 1539 3905 9603 8973 1351 3724 2060 3778 1109 2042 2596 9766 850 5172 3431 9840 4867 8912 4661 4838 3952 7293 594 3298 3389 3076 1557 5607 659 1887 1833 9869 9107 4948 3468 2472 1366 4920 7109 2159 4857 3926 46 6399 8919 2982 4371 5571 1700 6804 7139 4191 4391 7484 3217 6712 5000 2880 6654 5388 6292 5813 7285 9497 6078 6113 346 2148 7193 1955 5125 6464 1802 5870 6556 5881 8008 6167 7038 2534 5585 7813 8331 4910 422 9051 6389 9643 2089 403 275 4261 3937 6388 3688 5324 6020 2783 6076 8452 9306 7847 102 5115 5894 9657 2177 7466 5203 4777 5102 6431 7640 7737 9025 5360 129 1757 6491 8051 9185 960 8210 9745 1824 3522 7242 2249 292 1188 1371 7317 4807 7273 5792 5060 2141 2592 8298 8917 3463 5268 3886 4376 9202 9174 4310 602 5292 8422 7853 3809 9987 7992 8628 8362 6604 3128 8485 983 3594 1314 417 3428 9565 2796 9950 4062 4133 2216 5789 2617 266 2602 1545 2478 8175 4929 3996 5303 9214 9146 2249 1338 2669 7546 6199 517 1287 1442 4528 1224 1368 9229 5452 1502 1706 1041 982 4329 7905 6047 551 9013 2192 175 2074 2131 8785 4991 2919 2482 9563 8922 5252 3264 2764 4712 1825 1211 6146 4299 8718 5285 5019 1817 1717 6270 9923 6820 375 249 4724 1 9806 1894 3775 5801 1577 1551 1053 7882 3961 6 2733 9796 3481 6619 8540 5362 1121 1735 4865 5188 219 1800 4654 5462 4554 5152 4877 6627 9156 6157 9468 3695 2154 133 5727 5 7893 1558 3981 842 8305 4791 4157 2935 3497 1893 87 141 7786 8026 2100 8960 5189 5886 3723 8413 7349 8055 8734 3325 1449 9441 2342 5697 7957 8907 6284 7931 3378 1140 2337 2980 6333 2644 716 8559 8930 7352 8320 8174 7565 1884 7882 9555 4785 5253 3826 7560 1199 8950 2505 5062 5293 5208 2739 3031 2474 6722 5891 8116 3720 2171 5630 8208 2447 4113 5767 7026 9492 6324 930 8691 2012 44 4726 4195 829 2205 9782 1955 4809 1646 5701 7057 3137 7430 6213 4823 9192 4074 4861 9256 5351 2916 2489 2798 8813 8352 6016 8865 1384 6930 9696 8903 4579 4760 5275 5780 9771 6002 9381 7517 8192 919 4388 8847 4469 8506 7091 7453 6722 7448 1045 9152 1803 552 4405 2054 609 7457 1120 1701 4426 8593 6334 5906 3084 9824 4256 4110 2644 7853 4283 4224 8584 8445 5533 4021 3332 2215 9379 2487 5568 1530 4530 4701 7630 8920 4271 4493 7423 953 1361 532 6356 8385 3002 6618 3570 8051 7451 9450 8016 2081 9029 7049 9054 3035 2897 4644 8585 8593 4867 1406 2458 291 3371 4737 8491 5693 4 9493 268 5601 5960 3330 9752 5500 4721 2560 371 9263 1532 6030 7094 1212 5054 6274 2542 3695 439 9346 7463 8579 5111 3001 3233 2831 578 9874 8925 2319 8504 8571 3941 7263 5252 3256 7233 119 6902 7007 26 1066 5336 9711 2918 986 7343 5538 9148 479 9807 5979 8292 9738 6848 8843 2517 5848 1443 801 4147 6840 6226 6941 8992 4558 716 589 1448 6165 2949 3023 7495 9351 5947 894 8777 9280 5360 3475 2375 3243 5387 3997 3825 6948 8470 3095 3226 7945 3611 261 5666 8331 2886 7959 9942 6615 2988 1289 2660 80 419 2770 7818 1392 770 3309 4809 3577 2635 2013 6693 9948 9725 2791 5562 3794 1574 2011 5524 1132 3769 405 4329 3627 8591 3127 8445 4533 4025 7475 1234 5517 6917 1015 8376 1511 5122 4554 4815 1676 2778 5772 7031 1264 9782 7604 7269 5525 5139 1283 5815 3940 7591 1741 8498 1676 6155 4773 4573 8032 2339 4086 6758 9345 7815 8315 9310 4774 8853 5115 6335 2709 262 7930 1367 754 9023 1323 8988 6670 5365 5873 4907 298 4264 1988 7372 3240 3345 7826 3223 9065 9729 8045 7138 321 5966 1076 6492 1818 1122 9102 5473 8634 6270 8783 7946 4946 6857 7632 9267 4572 5201 7618 7629 8443 6852 8447 3188 270 8184 5498 3082 8719 6867 6929 3069 9716 5699 8847 2834 3267 1537
1537 3267 2834 8847 5699 9716 3069 6929 6867 8719 3082 5498 8184 270 3188 8447 6852 8443 7629 7618 5201 4572 9267 7632 6857 4946 7946 8783 6270 8634 5473 9102 1122 1818 6492 1076 5966 321 7138 8045 9729 9065 3223 7826 3345 3240 7372 1988 4264 298 4907 5873 5365 6670 8988 1323 9023 754 1367 7930 262 2709 6335 5115 8853 4774 9310 8315 7815 9345 6758 4086 2339 8032 4573 4773 6155 1676 8498 1741 7591 3940 5815 1283 5139 5525 7269 7604 9782 1264 7031 5772 2778 1676 4815 4554 5122 1511 8376 1015 6917 5517 1234 7475 4025 4533 8445 3127 8591 3627 4329 405 3769 1132 5524 2011 1574 3794 5562 2791 9725 9948 6693 2013 2635 3577 4809 3309 770 1392 7818 2770 419 80 2660 1289 2988 6615 9942 7959 2886 8331 5666 261 3611 7945 3226 3095 8470 6948 3825 3997 5387 3243 2375 3475 5360 9280 8777 894 5947 9351 7495 3023 2949 6165 1448 589 716 4558 8992 6941 6226 6840 4147 801 1443 5848 2517 8843 6848 9738 8292 5979 9807 479 9148 5538 7343 986 2918 9711 5336 1066 26 7007 6902 119 7233 3256 5252 7263 3941 8571 8504 2319 8925 9874 578 2831 3233 3001 5111 8579 7463 9346 439 3695 2542 6274 5054 1212 7094 6030 1532 9263 371 2560 4721 5500 9752 3330 5960 5601 268 9493 4 5693 8491 4737 3371 291 2458 1406 4867 8593 8585 4644 2897 3035 9054 7049 9029 2081 8016 9450 7451 8051 3570 6618 3002 8385 6356 532 1361 953 7423 4493 4271 8920 7630 4701 4530 1530 5568 2487 9379 2215 3332 4021 5533 8445 8584 4224 4283 7853 2644 4110 4256 9824 3084 5906 6334 8593 4426 1701 1120 7457 609 2054 4405 552 1803 9152 1045 7448 6722 7453 7091 8506 4469 8847 4388 919 8192 7517 9381 6002 9771 5780 5275 4760 4579 8903 9696 6930 1384 8865 6016 8352 8813 2798 2489 2916 5351 9256 4861 4074 9192 4823 6213 7430 3137 7057 5701 1646 4809 1955 9782 2205 829 4195 4726 44 2012 8691 930 6324 9492 7026 5767 4113 2447 8208 5630 2171 3720 8116 5891 6722 2474 3031 2739 5208 5293 5062 2505 8950 1199 7560 3826 5253 4785 9555 7882 1884 7565 8174 8320 7352 8930 8559 716 2644 6333 2980 2337 1140 3378 7931 6284 8907 7957 5697 2342 9441 1449 3325 8734 8055 7349 8413 3723 5886 5189 8960 2100 8026 7786 141 87 1893 3497 2935 4157 4791 8305 842 3981 1558 7893 5 5727 133 2154 3695 9468 6157 9156 6627 4877 5152 4554 5462 4654 1800 219 5188 4865 1735 1121 5362 8540 6619 3481 9796 2733 6 3961 7882 1053 1551 1577 5801 3775 1894 9806 1 4724 249 375 6820 9923 6270 1717 1817 5019 5285 8718 4299 6146 1211 1825 4712 2764 3264 5252 8922 9563 2482 2919 4991 8785 2131 2074 175 2192 9013 551 6047 7905 4329 982 1041 1706 1502 5452 9229 1368 1224 4528 1442 1287 517 6199 7546 2669 1338 2249 9146 9214 5303 3996 4929 8175 2478 1545 2602 266 2617 5789 2216 4133 4062 9950 2796 9565 3428 417 1314 3594 983 8485 3128 6604 8362 8628 7992 9987 3809 7853 8422 5292 602 4310 9174 9202 4376 3886 5268 3463 8917 8298 2592 2141 5060 5792 7273 4807 7317 1371 1188 292 2249 7242 3522 1824 9745 8210 960 9185 8051 6491 1757 129 5360 9025 7737 7640 6431 5102 4777 5203 7466 2177 9657 5894 5115 102 7847 9306 8452 6076 2783 6020 5324 3688 6388 3937 4261 275 403 2089 9643 6389 9051 422 4910 8331 7813 5585 2534 7038 6167 8008 5881 6556 5870 1802 6464 5125 1955 7193 2148 346 6113 6078 9497 7285 5813 6292 5388 6654 2880 5000 6712 3217 7484 4391 4191 7139 6804 1700 5571 4371 2982 8919 6399 46 3926 4857 2159 7109 4920 1366 2472 3468 4948 9107 9869 1833 1887 659 5607 1557 3076 3389 3298 594 7293 3952 4838 4661 8912 4867 9840 3431 5172 850 9766 2596 2042 1109 3778 2060 3724 1351 8973 9603 3905 1539 1445 4988 4232 4376 1328 299 5456 6198 6820 769 1067 4475 7231 3641 6905 6526 4374 9338 7016 3235 3358 9102 9816 7158 8520 2443 8578 4049 4253 1570 186 8077 7495 3322 7085 9122 6147 4056 1874 2546 524 7988 6490 4928 325 5116 5488 5083 6179 176 7023 2577 9175 7295 6784 5196 35 5068 5619 4490 3167 5925 101 5643 2377 9468 5000 3318 2234 5800 7739 3249 6101 5150 1294 7796 7410 734 6068 8258 2156 7511 2311 4729 8787 9533 6401 9450 3292 4530 2101 4319 9238 8286 8847 686 8199 7424 6846 6317 1821 1583 6772 9778 6510 2528 328 8119 6433 9589 6478 3913 4166 9244 6502 4429 2067 8676 1330 271 6101 5868 6501 7610 215 5192 2969 6041 8669 1621 1182 2422 3817 119 1505 7505 7424 3065 5454 6393 1514 1055 5174 627 7624 4343 6625 3458 425 3477 5260 4530 5086 5164 5973 5309 5324 3519 3007 3724 9773 9228 3398 8206 4497 1717 3728 4831 5388 6579 2441 6449 6900 2599 3924 5682 4236 7287 4842 2930 7302 427 6462 2843 8444 7022 4210 7208 1171 8218 8026 5613 2739 4877 2814 6077 5640 7619 7203 4404 5520 8426 4971 5311 412 2527 2033 3969 7802 1776 278 3094 8849 2071 2675 6090 3780 7079 8081 6308 1145 8178 6807 9775 4353 8643 617 9612 4646 4997 1586 6273 3903 3417 5657 6143 3216 9529 9070 635 3088 3420 1836 1506 3504 796 3971 5263 8265 4407 6369 4177 9241 335 9497 471 299 5618 5160 8470 6726 5903 5603 6060 3375 1283
1283 3375 6060 5603 5903 6726 8470 5160 5618 299 471 9497 335 9241 4177 6369 4407 8265 5263 3971 796 3504 1506 1836 3420 3088 635 9070 9529 3216 6143 5657 3417 3903 6273 1586 4997 4646 9612 617 8643 4353 9775 6807 8178 1145 6308 8081 7079 3780 6090 2675 2071 8849 3094 278 1776 7802 3969 2033 2527 412 5311 4971 8426 5520 4404 7203 7619 5640 6077 2814 4877 2739 5613 8026 8218 1171 7208 4210 7022 8444 2843 6462 427 7302 2930 4842 7287 4236 5682 3924 2599 6900 6449 2441 6579 5388 4831 3728 1717 4497 8206 3398 9228 9773 3724 3007 3519 5324 5309 5973 5164 5086 4530 5260 3477 425 3458 6625 4343 7624 627 5174 1055 1514 6393 5454 3065 7424 7505 1505 119 3817 2422 1182 1621 8669 6041 2969 5192 215 7610 6501 5868 6101 271 1330 8676 2067 4429 6502 9244 4166 3913 6478 9589 6433 8119 328 2528 6510 9778 6772 1583 1821 6317 6846 7424 8199 686 8847 8286 9238 4319 2101 4530 3292 9450 6401 9533 8787 4729 2311 7511 2156 8258 6068 734 7410 7796 1294 5150 6101 3249 7739 5800 2234 3318 5000 9468 2377 5643 101 5925 3167 4490 5619 5068 35 5196 6784 7295 9175 2577 7023 176 6179 5083 5488 5116 325 4928 6490 7988 524 2546 1874 4056 6147 9122 7085 3322 7495 8077 186 1570 4253 4049 8578 2443 8520 7158 9816 9102 3358 3235 7016 9338 4374 6526 6905 3641 7231 4475 1067 769 6820 6198 5456 299 1328 4376 4232 4988 1445 1539 3905 9603 8973 1351 3724 2060 3778 1109 2042 2596 9766 850 5172 3431 9840 4867 8912 4661 4838 3952 7293 594 3298 3389 3076 1557 5607 659 1887 1833 9869 9107 4948 3468 2472 1366 4920 7109 2159 4857 3926 46 6399 8919 2982 4371 5571 1700 6804 7139 4191 4391 7484 3217 6712 5000 2880 6654 5388 6292 5813 7285 9497 6078 6113 346 2148 7193 1955 5125 6464 1802 5870 6556 5881 8008 6167 7038 2534 5585 7813 8331 4910 422 9051 6389 9643 2089 403 275 4261 3937 6388 3688 5324 6020 2783 6076 8452 9306 7847 102 5115 5894 9657 2177 7466 5203 4777 5102 6431 7640 7737 9025 5360 129 1757 6491 8051 9185 960 8210 9745 1824 3522 7242 2249 292 1188 1371 7317 4807 7273 5792 5060 2141 2592 8298 8917 3463 5268 3886 4376 9202 9174 4310 602 5292 8422 7853 3809 9987 7992 8628 8362 6604 3128 8485 983 3594 1314 417 3428 9565 2796 9950 4062 4133 2216 5789 2617 266 2602 1545 2478 8175 4929 3996 5303 9214 9146 2249 1338 2669 7546 6199 517 1287 1442 4528 1224 1368 9229 5452 1502 1706 1041 982 4329 7905 6047 551 9013 2192 175 2074 2131 8785 4991 2919 2482 9563 8922 5252 3264 2764 4712 1825 1211 6146 4299 8718 5285 5019 1817 1717 6270 9923 6820 375 249 4724 1 9806 1894 3775 5801 1577 1551 1053 7882 3961 6 2733 9796 3481 6619 8540 5362 1121 1735 4865 5188 219 1800 4654 5462 4554 5152 4877 6627 9156 6157 9468 3695 2154 133 5727 5 7893 1558 3981 842 8305 4791 4157 2935 3497 1893 87 141 7786 8026 2100 8960 5189 5886 3723 8413 7349 8055 8734 3325 1449 9441 2342 5697 7957 8907 6284 7931 3378 1140 2337 2980 6333 2644 716 8559 8930 7352 8320 8174 7565 1884 7882 9555 4785 5253 3826 7560 1199 8950 2505 5062 5293 5208 2739 3031 2474 6722 5891 8116 3720 2171 5630 8208 2447 4113 5767 7026 9492 6324 930 8691 2012 44 4726 4195 829 2205 9782 1955 4809 1646 5701 7057 3137 7430 6213 4823 9192 4074 4861 9256 5351 2916 2489 2798 8813 8352 6016 8865 1384 6930 9696 8903 4579 4760 5275 5780 9771 6002 9381 7517 8192 919 4388 8847 4469 8506 7091 7453 6722 7448 1045 9152 1803 552 4405 2054 609 7457 1120 1701 4426 8593 6334 5906 3084 9824 4256 4110 2644 7853 4283 4224 8584 8445 5533 4021 3332 2215 9379 2487 5568 1530 4530 4701 7630 8920 4271 4493 7423 953 1361 532 6356 8385 3002 6618 3570 8051 7451 9450 8016 2081 9029 7049 9054 3035 2897 4644 8585 8593 4867 1406 2458 291 3371 4737 8491 5693 4 9493 268 5601 5960 3330 9752 5500 4721 2560 371 9263 1532 6030 7094 1212 5054 6274 2542 3695 439 9346 7463 8579 5111 3001 3233 2831 578 9874 8925 2319 8504 8571 3941 7263 5252 3256 7233 119 6902 7007 26 1066 5336 9711 2918 986 7343 5538 9148 479 9807 5979 8292 9738 6848 8843 2517 5848 1443 801 4147 6840 6226 6941 8992 4558 716 589 1448 6165 2949 3023 7495 9351 5947 894 8777 9280 5360 3475 2375 3243 5387 3997 3825 6948 8470 3095 3226 7945 3611 261 5666 8331 2886 7959 9942 6615 2988 1289 2660 80 419 2770 7818 1392 770 3309 4809 3577 2635 2013 6693 9948 9725 2791 5562 3794 1574 2011 5524 1132 3769 405 4329 3627 8591 3127 8445 4533 4025 7475 1234 5517 6917 1015 8376 1511 5122 4554 4815 1676 2778 5772 7031 1264 9782 7604 7269 5525 5139 1283 5815 3940 7591 1741 8498 1676 6155 4773 4573 8032 2339 4086 6758 9345 7815 8315 9310 4774 8853 5115 6335 2709 262 7930 1367 754 9023 1323 8988 6670 5365 5873 4907 298 4264 1988 7372 3240 3345 7826 3223 9065 9729 8045 7138 321 5966 1076 6492 1818 1122 9102 5473 8634 6270 8783 7946 4946 6857 7632 9267 4572 5201 7618 7629 8443 6852 8447 3188 270 8184 5498 3082 8719 6867 6929 3069 9716 5699 8847 2834 3267 1537
1283 3375 6060 5603 5903 6726 8470 5160 5618 299 471 9497 335 9241 4177 6369 4407 8265 5263 3971 796 3504 1506 1836 3420 3088 635 9070 9529 3216 6143 5657 3417 3903 6273 1586 4997 4646 9612 617 8643 4353 9775 6807 8178 1145 6308 8081 7079 3780 6090 2675 2071 8849 3094 278 1776 7802 3969 2033 2527 412 5311 4971 8426 5520 4404 7203 7619 5640 6077 2814 4877 2739 5613 8026 8218 1171 7208 4210 7022 8444 2843 6462 427 7302 2930 4842 7287 4236 5682 3924 2599 6900 6449 2441 6579 5388 4831 3728 1717 4497 8206 3398 9228 9773 3724 3007 3519 5324 5309 5973 5164 5086 4530 5260 3477 425 3458 6625 4343 7624 627 5174 1055 1514 6393 5454 3065 7424 7505 1505 119 3817 2422 1182 1621 8669 6041 2969 5192 215 7610 6501 5868 6101 271 1330 8676 2067 4429 6502 9244 4166 3913 6478 9589 6433 8119 328 2528 6510 9778 6772 1583 1821 6317 6846 7424 8199 686 8847 8286 9238 4319 2101 4530 3292 9450 6401 9533 8787 4729 2311 7511 2156 8258 6068 734 7410 7796 1294 5150 6101 3249 7739 5800 2234 3318 5000 9468 2377 5643 101 5925 3167 4490 5619 5068 35 5196 6784 7295 9175 2577 7023 176 6179 5083 5488 5116 325 4928 6490 7988 524 2546 1874 4056 6147 9122 7085 3322 7495 8077 186 1570 4253 4049 8578 2443 8520 7158 9816 9102 3358 3235 7016 9338 4374 6526 6905 3641 7231 4475 1067 769 6820 6198 5456 299 1328 4376 4232 4988 1445 1539 3905 9603 8973 1351 3724 2060 3778 1109 2042 2596 9766 850 5172 3431 9840 4867 8912 4661 4838 3952 7293 594 3298 3389 3076 1557 5607 659 1887 1833 9869 9107 4948 3468 2472 1366 4920 7109 2159 4857 3926 46 6399 8919 2982 4371 5571 1700 6804 7139 4191 4391 7484 3217 6712 5000 2880 6654 5388 6292 5813 7285 9497 6078 6113 346 2148 7193 1955 5125 6464 1802 5870 6556 5881 8008 6167 7038 2534 5585 7813 8331 4910 422 9051 6389 9643 2089 403 275 4261 3937 6388 3688 5324 6020 2783 6076 8452 9306 7847 102 5115 5894 9657 2177 7466 5203 4777 5102 6431 7640 7737 9025 5360 129 1757 6491 8051 9185 960 8210 9745 1824 3522 7242 2249 292 1188 1371 7317 4807 7273 5792 5060 2141 2592 8298 8917 3463 5268 3886 4376 9202 9174 4310 602 5292 8422 7853 3809 9987 7992 8628 8362 6604 3128 8485 983 3594 1314 417 3428 9565 2796 9950 4062 4133 2216 5789 2617 266 2602 1545 2478 8175 4929 3996 5303 9214 9146 2249 1338 2669 7546 6199 517 1287 1442 4528 1224 1368 9229 5452 1502 1706 1041 982 4329 7905 6047 551 9013 2192 175 2074 2131 8785 4991 2919 2482 9563 8922 5252 3264 2764 4712 1825 1211 6146 4299 8718 5285 5019 1817 1717 6270 9923 6820 375 249 4724 1 9806 1894 3775 5801 1577 1551 1053 7882 3961 6 2733 9796 3481 6619 8540 5362 1121 1735 4865 5188 219 1800 4654 5462 4554 5152 4877 6627 9156 6157 9468 3695 2154 133 5727 5 7893 1558 3981 842 8305 4791 4157 2935 3497 1893 87 141 7786 8026 2100 8960 5189 5886 3723 8413 7349 8055 8734 3325 1449 9441 2342 5697 7957 8907 6284 7931 3378 1140 2337 2980 6333 2644 716 8559 8930 7352 8320 8174 7565 1884 7882 9555 4785 5253 3826 7560 1199 8950 2505 5062 5293 5208 2739 3031 2474 6722 5891 8116 3720 2171 5630 8208 2447 4113 5767 7026 9492 6324 930 8691 2012 44 4726 4195 829 2205 9782 1955 4809 1646 5701 7057 3137 7430 6213 4823 9192 4074 4861 9256 5351 2916 2489 2798 8813 8352 6016 8865 1384 6930 9696 8903 4579 4760 5275 5780 9771 6002 9381 7517 8192 919 4388 8847 4469 8506 7091 7453 6722 7448 1045 9152 1803 552 4405 2054 609 7457 1120 1701 4426 8593 6334 5906 3084 9824 4256 4110 2644 7853 4283 4224 8584 8445 5533 4021 3332 2215 9379 2487 5568 1530 4530 4701 7630 8920 4271 4493 7423 953 1361 532 6356 8385 3002 6618 3570 8051 7451 9450 8016 2081 9029 7049 9054 3035 2897 4644 8585 8593 4867 1406 2458 291 3371 4737 8491 5693 4 9493 268 5601 5960 3330 9752 5500 4721 2560 371 9263 1532 6030 7094 1212 5054 6274 2542 3695 439 9346 7463 8579 5111 3001 3233 2831 578 9874 8925 2319 8504 8571 3941 7263 5252 3256 7233 119 6902 7007 26 1066 5336 9711 2918 986 7343 5538 9148 479 9807 5979 8292 9738 6848 8843 2517 5848 1443 801 4147 6840 6226 6941 8992 4558 716 589 1448 6165 2949 3023 7495 9351 5947 894 8777 9280 5360 3475 2375 3243 5387 3997 3825 6948 8470 3095 3226 7945 3611 261 5666 8331 2886 7959 9942 6615 2988 1289 2660 80 419 2770 7818 1392 770 3309 4809 3577 2635 2013 6693 9948 9725 2791 5562 3794 1574 2011 5524 1132 3769 405 4329 3627 8591 3127 8445 4533 4025 7475 1234 5517 6917 1015 8376 1511 5122 4554 4815 1676 2778 5772 7031 1264 9782 7604 7269 5525 5139 1283 5815 3940 7591 1741 8498 1676 6155 4773 4573 8032 2339 4086 6758 9345 7815 8315 9310 4774 8853 5115 6335 2709 262 7930 1367 754 9023 1323 8988 6670 5365 5873 4907 298 4264 1988 7372 3240 3345 7826 3223 9065 9729 8045 7138 321 5966 1076 6492 1818 1122 9102 5473 8634 6270 8783 7946 4946 6857 7632 9267 4572 5201 7618 7629 8443 6852 8447 3188 270 8184 5498 3082 8719 6867 6929 3069 9716 5699 8847 2834 3267 1537
