NOT_FOUND
5557
1006
5026
1235
2249
4200
5687
6797
6805
2262
1755
1385
5664
2262
NOT_FOUND
NOT_FOUND
NOT_FOUND
NOT_FOUND
4961
5098
6085
9896
568
NOT_FOUND
2261
2261
NOT_FOUND
NOT_FOUND
NOT_FOUND
5137
1074
1739
517
7677
2263
NOT_FOUND
38
NOT_FOUND
8675
9712
8508
9093
9755
2261
6959
NOT_FOUND
NOT_FOUND
2260
2261
9561
4207
5008
NOT_FOUND
2259
2259
NOT_FOUND
6164
2260
NOT_FOUND
2867
9663
721
2262
4853
2263
2265
2267
NOT_FOUND
2268
7991
1547
2310
2266
4521
9371
6076
NOT_FOUND
8240
2375
6215
1743
9133
NOT_FOUND
7377
7688
2263
NOT_FOUND
2649
NOT_FOUND
2264
8925
2263
9696
NOT_FOUND
NOT_FOUND
7745
6820
3113
468
2267
253
NOT_FOUND
5077
2266
1052
6210
2266
7516
2266
NOT_FOUND
2269
NOT_FOUND
8
1186
2270
7692
NOT_FOUND
2269
NOT_FOUND
2270
NOT_FOUND
NOT_FOUND
3430
129
780
7729
NOT_FOUND
1931
146
6168
2275
7028
NOT_FOUND
2276
6765
NOT_FOUND
4082
7373
3912
2274
1643
NOT_FOUND
2274
4011
NOT_FOUND
2274
2274
2275
1226
6430
4858
2277
NOT_FOUND
2277
543
4929
2276
5894
NOT_FOUND
7113
2275
NOT_FOUND
2276
847
9350
798
742
3553
4924
NOT_FOUND
4859
2373
NOT_FOUND
2275
2277
705
2277
7299
2942
175
NOT_FOUND
2277
4495
2278
5932
5506
2260
748
9212
NOT_FOUND
6331
6329
6767
2271
2271
757
8396
1729
2269
2661
2268
2268
3380
NOT_FOUND
2268
1365
7405
4670
627
2266
NOT_FOUND
1703
NOT_FOUND
950
338
2267
6964
NOT_FOUND
193
2307
5988
NOT_FOUND
2271
9992
2271
9078
2272
NOT_FOUND
NOT_FOUND
4869
NOT_FOUND
3063
NOT_FOUND
NOT_FOUND
5248
2273
4958
1036
9362
2270
NOT_FOUND
NOT_FOUND
NOT_FOUND
2270
2271
3600
3721
2272
2272
7849
2271
9598
NOT_FOUND
4297
2269
2269
1739
4253
2267
2267
NOT_FOUND
4394
2266
2266
2266
8888
NOT_FOUND
6026
2266
1814
NOT_FOUND
NOT_FOUND
2266
NOT_FOUND
4269
1786
NOT_FOUND
NOT_FOUND
2266
NOT_FOUND
5948
NOT_FOUND
NOT_FOUND
6381
621
4811
7179
719
3070
105
2101
2263
3070
2266
2267
9757
2267
2268
831
6698
7569
NOT_FOUND
3768
8741
2267
4870
2266
81
2265
2266
5336
2059
1884
3734
2815
NOT_FOUND
2264
1615
1103
2827
2263
1006
1910
2268
NOT_FOUND
624
4911
2267
2267
1848
1288
3914
5407
6386
2268
2268
1900
476
NOT_FOUND
NOT_FOUND
8355
2270
2270
2273
1999
2272
NOT_FOUND
1255
2272
NOT_FOUND
5303
4414
NOT_FOUND
4959
602
5942
2507
2073
2267
2267
NOT_FOUND
8728
6503
2265
6444
5654
2364
6032
NOT_FOUND
2270
NOT_FOUND
989
805
NOT_FOUND
4888
1172
5079
NOT_FOUND
2269
3983
NOT_FOUND
5010
864
2270
2357
6942
3876
NOT_FOUND
NOT_FOUND
NOT_FOUND
2270
NOT_FOUND
NOT_FOUND
3752
6336
5719
6971
851
2849
NOT_FOUND
6366
8721
1049
4276
NOT_FOUND
2275
2276
2278
5082
2278
2278
7242
2277
2278
2278
2278
1117
2277
2277
6762
NOT_FOUND
154
NOT_FOUND
NOT_FOUND
2279
8660
2278
9873
2279
8692
3892
2282
6351
8202
2286
2286
1755
587
8752
NOT_FOUND
2284
43
3752
7759
2283
4124
5311
2282
NOT_FOUND
3916
1328
7317
142
1783
NOT_FOUND
NOT_FOUND
8327
3490
1493
NOT_FOUND
2280
NOT_FOUND
8612
2099
5549
5130
8797
8789
2277
5145
6784
2275
9976
2278
9189
NOT_FOUND
6210
2278
64
NOT_FOUND
2280
7871
2846
975
5454
NOT_FOUND
3223
2280
NOT_FOUND
265
2281
NOT_FOUND
2282
NOT_FOUND
7060
6652
1069
4896
1236
6128
7980
5106
NOT_FOUND
NOT_FOUND
2951
691
1591
2284
8125
2284
9521
3874
NOT_FOUND
781
8009
4284
2934
1961
2799
2289
6525
NOT_FOUND
7366
2290
2290
2290
NOT_FOUND
2014
NOT_FOUND
6757
1516
6470
657
2287
NOT_FOUND
25
2289
2289
2289
1350
4746
2288
5230
2288
7417
5179
7064
2479
2139
2288
NOT_FOUND
4037
NOT_FOUND
2287
NOT_FOUND
8575
NOT_FOUND
2286
6108
1324
1349
NOT_FOUND
2213
2283
2283
6079
5233
NOT_FOUND
6820
796
2108
2783
2278
NOT_FOUND
2280
2261
586
NOT_FOUND
1866
7025
8288
8603
377
NOT_FOUND
749
2279
NOT_FOUND
7571
2283
1573
1263
2284
2284
2284
4273
935
2284
2284
3415
965
2284
4467
8209
1638
9124
5318
2283
2283
3695
8251
2286
6992
6078
NOT_FOUND
3697
2283
7315
2285
8489
1512
2285
6237
2286
5343
8472
2284
2285
1741
2285
6571
7888
2288
5762
870
7153
9099
472
2746
495
4212
NOT_FOUND
NOT_FOUND
2289
1500
1710
7829
1406
NOT_FOUND
2769
1075
5501
2288
9764
3019
NOT_FOUND
6009
NOT_FOUND
2286
5394
6083
5552
83
NOT_FOUND
6489
NOT_FOUND
8448
2287
2287
2288
399
2287
2287
5548
4598
2286
2286
5145
NOT_FOUND
5178
4111
5492
2284
NOT_FOUND
NOT_FOUND
NOT_FOUND
4023
3625
2785
7107
6702
2577
2280
2280
1422
564
NOT_FOUND
NOT_FOUND
1944
6763
2282
5279
21
4254
437
9188
4672
9549
3143
815
NOT_FOUND
371
2277
2493
2276
7428
2275
NOT_FOUND
6038
2275
3985
3535
1411
6980
2277
5490
NOT_FOUND
NOT_FOUND
2276
NOT_FOUND
2277
1911
9911
2277
4228
6559
NOT_FOUND
2522
7940
2275
8811
9033
NOT_FOUND
9209
3671
2276
8468
2276
NOT_FOUND
4401
2275
NOT_FOUND
NOT_FOUND
437
7221
3158
5233
2272
2272
2272
603
NOT_FOUND
221
8702
2273
8000
2275
3378
2274
2274
8686
2275
1963
2274
793
2274
NOT_FOUND
6358
4450
9417
2272
4346
1597
2271
9909
3904
2715
2269
1599
2268
NOT_FOUND
NOT_FOUND
2268
1831
NOT_FOUND
3126
9716
NOT_FOUND
NOT_FOUND
7398
NOT_FOUND
942
NOT_FOUND
NOT_FOUND
4075
9723
1834
2264
2264
NOT_FOUND
896
2263
1300
4375
3621
2262
2263
3324
4457
NOT_FOUND
2262
NOT_FOUND
2263
NOT_FOUND
5707
2264
4602
NOT_FOUND
9418
804
6980
NOT_FOUND
5675
6260
9500
NOT_FOUND
2268
NOT_FOUND
2268
9921
9805
7797
2267
2267
2267
272
2339
2268
NOT_FOUND
618
7237
2267
NOT_FOUND
2872
1522
8481
3420
9788
3969
1645
NOT_FOUND
5885
2261
NOT_FOUND
269
232
4277
2259
2011
9446
5715
NOT_FOUND
2258
2258
4074
2257
NOT_FOUND
8010
8960
2255
1502
201
1244
6135
NOT_FOUND
NOT_FOUND
7302
779
9800
6306
2253
2254
NOT_FOUND
377
8319
2255
NOT_FOUND
7744
395
8383
3891
3446
2255
794
606
2255
8542
NOT_FOUND
1152
8215
7110
NOT_FOUND
1388
2342
7810
2997
NOT_FOUND
6369
NOT_FOUND
2256
9249
2255
2256
2256
2256
286
1158
5832
3436
NOT_FOUND
9427
4669
6147
2254
NOT_FOUND
NOT_FOUND
8346
6685
NOT_FOUND
9176
NOT_FOUND
3431
7276
9824
2252
2252
2252
NOT_FOUND
5252
NOT_FOUND
428
8940
4348
8539
4181
2256
2256
133
6179
3785
NOT_FOUND
9745
NOT_FOUND
900
2252
NOT_FOUND
2078
2252
2826
1730
9452
2251
3874
NOT_FOUND
NOT_FOUND
2251
2137
9854
2252
2253
4595
469
9166
NOT_FOUND
NOT_FOUND
8751
NOT_FOUND
9551
1579
5429
2248
2249
2249
7818
NOT_FOUND
7919
6457
1089
2247
6939
2250
2250
2250
9295
2250
7320
NOT_FOUND
7117
NOT_FOUND
849
NOT_FOUND
NOT_FOUND
517
9909
2079
1964
9360
3573
2249
2249
NOT_FOUND
2249
931
NOT_FOUND
7516
2254
NOT_FOUND
8330
4173
2256
6291
2256
1448
3529
2255
2768
2254
1018
NOT_FOUND
2256
NOT_FOUND
8856
2255
4292
9025
3237
8119
NOT_FOUND
7265
92
1374
NOT_FOUND
4447
NOT_FOUND
9347
8711
NOT_FOUND
5440
9898
7933
NOT_FOUND
2246
NOT_FOUND
8159
2245
4720
NOT_FOUND
734
NOT_FOUND
5578
5663
7376
8124
3265
3
9332
9411
4132
3737
2235
2235
5846
990
2233
7886
NOT_FOUND
2239
2240
9454
260
2241
3245
2243
776
NOT_FOUND
8391
1299
4
NOT_FOUND
6046
2242
NOT_FOUND
1497
2242
5724
4067
8569
1380
6962
2242
997
NOT_FOUND
NOT_FOUND
4790
5313
8290
3003
2238
6648
2237
NOT_FOUND
2237
2239
3365
2146
2238
7662
NOT_FOUND
NOT_FOUND
2237
1680
2237
2239
NOT_FOUND
NOT_FOUND
9387
291
8887
NOT_FOUND
8288
648
2244
8214
4930
2244
9519
2243
5568
3252
2245
5261
2244
NOT_FOUND
NOT_FOUND
2244
9313
2244
1626
NOT_FOUND
1968
9082
NOT_FOUND
2252
6180
2456
2251
803
NOT_FOUND
685
2250
8923
NOT_FOUND
837
843
7616
NOT_FOUND
7332
2247
3924
NOT_FOUND
7050
2245
NOT_FOUND
2629
3924
2244
2244
2244
2245
2250
2250
2250
NOT_FOUND
2251
NOT_FOUND
NOT_FOUND
2254
NOT_FOUND
2254
2254
2254
2254
6441
2925
6518
NOT_FOUND
8014
9372
5859
2251
2251
5260
5434
190
4230
2614
NOT_FOUND
2249
2249
526
2249
6221
7378
9226
4406
4108
NOT_FOUND
8539
2245
9699
2233
4326
1362
2241
NOT_FOUND
3853
2240
7324
3668
2239
5495
1562
2238
NOT_FOUND
2239
2872
2238
2265
9681
2239
2240
2789
6034
3495
2238
2238
NOT_FOUND
2239
452
6215
NOT_FOUND
6141
NOT_FOUND
NOT_FOUND
3348
2241
NOT_FOUND
5344
NOT_FOUND
396
5341
1759
3351
6182
NOT_FOUND
NOT_FOUND
4882
2238
2238
NOT_FOUND
NOT_FOUND
1323
2237
815
1968
153
2240
2240
3859
653
2472
NOT_FOUND
NOT_FOUND
8686
170
2238
4271
899
3859
90
8341
NOT_FOUND
NOT_FOUND
NOT_FOUND
2236
4034
7975
3444
240
2235
NOT_FOUND
4951
NOT_FOUND
8960
NOT_FOUND
7686
530
NOT_FOUND
1553
NOT_FOUND
8377
2236
2239
2133
7756
NOT_FOUND
2239
2239
6403
7529
5585
4537
2241
NOT_FOUND
4458
2241
NOT_FOUND
NOT_FOUND
5705
2243
1702
2244
2498
2244
4327
NOT_FOUND
9084
697
7076
4194
3513
8368
2244
9652
2243
2243
8737
2244
NOT_FOUND
3892
3327
2247
2247
6899
8565
2799
NOT_FOUND
8085
2924
NOT_FOUND
NOT_FOUND
5467
7167
NOT_FOUND
5216
8420
2931
3738
1406
2241
631
8170
8887
138
4845
1462
NOT_FOUND
1158
NOT_FOUND
7603
5292
4159
NOT_FOUND
5665
2242
2243
4785
8040
2243
2243
2244
651
2755
NOT_FOUND
NOT_FOUND
490
7776
2243
7416
2691
5139
5307
2240
778
4528
NOT_FOUND
360
3492
140
2763
5649
2236
NOT_FOUND
4473
1769
534
5662
8467
2238
2247
NOT_FOUND
3360
1359
2245
2245
NOT_FOUND
NOT_FOUND
1485
NOT_FOUND
2246
1523
6998
2253
28
4297
NOT_FOUND
8926
2900
NOT_FOUND
1779
8692
2248
1219
4292
NOT_FOUND
9918
NOT_FOUND
5986
9660
2244
9405
624
NOT_FOUND
NOT_FOUND
9312
NOT_FOUND
6888
857
NOT_FOUND
2243
NOT_FOUND
2244
NOT_FOUND
2245
7715
NOT_FOUND
NOT_FOUND
3182
4165
2242
NOT_FOUND
1253
2453
470
3436
4081
157
3197
NOT_FOUND
6043
2237
2237
2237
2237
NOT_FOUND
NOT_FOUND
8387
2238
9717
NOT_FOUND
3269
2236
9709
974
2234
1247
540
1227
2142
2234
2234
791
7830
6076
4131
1385
416
8292
6879
2228
2060
8607
3895
1872
NOT_FOUND
3690
NOT_FOUND
8166
6057
9733
302
2228
NOT_FOUND
NOT_FOUND
NOT_FOUND
NOT_FOUND
8832
NOT_FOUND
2229
3986
1862 8236 3034 6883 8260 9504 5440 3827 2552 1833 5160 1857 3617 4547 4439 6436 3344 8717 3017 5609 7201 9390 3880 8123 5647 3662 7957 81 8634 4663 6963 5645 227 4993 2015 6288 2315 3383 7090 5757 4549 5215 7811 6965 5696 1928 9003 240 9810 9814 7469 6590 1978 9778 6898 1889 5125 1137 5604 3975 8447 5364 2487 179 1412 9368 6598 6149 4143 9889 4790 1489 7024 6687 2206 2260 8938 1019 3718 2121 6827 2425 5510 9790 2201 2233 1197 2377 5819 7202 8360 8450 4012 3979 7902 385 1738 9318 1846 3531 5593 3835 8941 5232 1325 7589 6440 5189 9251 3396 9465 842 1960 8522 4569 1911 3866 6391 9700 7094 3160 6673 3658 1266 721 1591 9798 2639 4590 9207 7377 1108 3332 8755 6898 8953 8924 6420 5772 4637 8416 7314 241 2626 7555 1198 2720 5169 5604 8552 2773 5301 5433 6773 3416 3548 3718 1213 9079 6419 7671 9330 5114 8014 9248 4124 5831 4434 9925 584 4408 1024 8422 4229 2318 6677 4196 6470 2980 2652 3510 4774 3070 5900 9476 1997 1101 1024 7092 649 9270 6331 4691 8948 3577 3976 3841 3103 3631 9505 252 89 6891 6392 1529 4597 1072 2415 6123 7664 8759 1643 3584 1818 9961 8681 533 7513 5181 9513 1428 370 3503 356 7118 7973 121 9876 1263 7685 808 315 5264 6914 1426 5807 3273 7945 1474 5500 1568 5206 4046 6977 4306 2443 8900 8611 5279 2523 7797 1932 9966 5057 3528 3626 1908 5734 1883 7663 2143 6503 484 5955 4815 4167 8376 9362 7492 5077 9412 5292 3052 1555 3290 3924 7695 6750 4522 5650 2275 4496 6205 4446 298 1474 5870 1241 815 8175 2946 460 531 2659 858 7945 6708 161 3444 748 4538 6060 2313 1067 141 7057 8972 1482 7839 4262 9864 10000 2659 7405 7328 5599 2219 419 4146 2693 1647 320 3053 6944 3867 461 8604 7865 5015 3279 4906 7077 1288 7404 3701 7301 7825 9192 9510 4396 5734 6386 2871 7721 9441 3258 6777 8437 3714 2816 8860 3554 4418 3178 2284 4565 2330 2516 6883 7327 4747 3525 3291 1206 4240 7977 2612 8880 8812 5494 3385 6407 8932 1318 2655 7729 5106 5586 2733 2074 9526 932 4906 6900 5581 8534 8362 5042 6842 7596 1072 6920 1258 9160 7121 8811 5491 3881 919 8143 2780 8944 5001 9581 3483 4663 9071 4144 6090 5764 192 7626 510 4606 4044 6117 1118 9832 2714 8894 8179 4839 4731 1255 1876 4021 9707 279 3866 6510 484 496 5603 2412 3025 9336 6620 3501 5247 4956 6097 6917 6683 2966 6383 2594 1243 2090 1625 6079 2098 7689 1423 7027 792 8346 6174 7399 3509 9785 172 2461 68 8521 3623 8947 9205 5099 2863 2682 1528 6911 3971 8063 2996 8139 9772 6448 7959 5972 478 4663 7312 6597 4976 4298 5439 6533 7063 2022 2971 6036 6296 8685 7971 9085 8390 7692 5895 4766 9859 7915 2742 3084 3549 2637 4386 3309 3870 9926 5980 964 1021 1439 3713 3599 539 8222 6766 4366 1516 2038 7867 5841 3048 9192 3203 8164 8505 2037 9762 5266 6050 712 5075 8693 8377 5624 591 2337 2214 9821 1155 9558 4191 8248 1845 4514 7348 5808 3949 8847 8597 5794 8387 3857 2498 1297 4039 3780 6283 3334 200 2019 6486 9610 5956 3959 7391 8875 3955 5019 1010 1013 5505 5812 3508 6583 8417 9580 6052 3251 888 1972 6452 7852 2382 8298 3776 1058 4788 1240 3297 777 7242 7818 1556 9085 5897 7394 1056 7811 4817 1307 2334 7789 1718 7227 2461 927 7595 5083 4447 5821 2658 6103 4846 5061 7302 1847 6133 7311 2695 466 4781 6641 4981 791 9460 990 9949 9723 1985 5256 9863 2548 217 2382 6335 8524 7699 2991 8839 3299 1616 9294 6070 1090 3892 6459 1121 8059 3693 7586 6301 7842 2181 4042 6255 6202 1596 3628 7724 8940 9744 9906 2782 2587 4608 9984 6768 642 1858 7356 2579 5490 5057 2119 1908 7799 2588 5874 5207 3169 5150 2834 7342 8060 290 9805 6414 8050 1725 9208 4541 832 8333 4302 7646 8002 5076 1544 4945 3455 8292 2533 3586 1574 5570 3046 4880 113 4561 6070 9445 4563 2477 4949 4880 5068 5466 8984 2784 2052 8652 9576 7504 7604 8038 586 6636 5357 5784 1341 9666 5668 8370 8479 4153 4768 4220 6125 2324 9857 5251 3342 7975 953 7534 8977 8413 812 4032 411 2019 9416 6658 3757 9544 447 4005 1340 9074 2128 2040 3866 5514 6710 4066 8561 2151 4169 3842 750 6584 9772 4546 3176 2058 5674 2396 4499 4043 9742 1737 4264 9751 1425 7070 8153 476 5572 142 8778 7449 7892 8556 2477 5746 1666 9102 3047 1584 8631 3851 3 7227 3298 4218 5001 6008 6544 8440 3724 9811 6343 8370 3403 325 1803 49 5840 5043 5341 5294 8983 1456 3327 3201 1444 9757 6349 9706 2791 2472 6899 9415 9960 7323 8344 7449 1605 8580 866 2140 1125 4696 9088 2812 7570 7695 7303 9802 28 781 8469 3385 8788 1684 5593 2002 2050 6224 2126 736 906 3661 5600 7300 8119 4675 9788 7437 5109 181 7648 8987 815 1725 2418 8844 6759 132 147 9431 2052 4171 9121 6791 7671 2314 7900 9654 2073 122 5324 1953 7454 4084 6157 705 9854 3113 9034 8585 9580 7699 4008 7982 9185 1440 1977 8871 3638 2552 9290 6792 8494 9801 5219 8978 696 2389 4163 3463 9072 6044 3501 6253 7576 3176 708 1907 5342 2617 732 1116 5661 8903 3901 4383 6291 8931 3462 6405 1243 9268 5560 2305 9652 6431 403 8128 5925 1642 9069 2915 8180 8505 6975 6299 4401 45 2399 5443 7497 3950 6880 7923 3890 8978 1444 7885 3157 2587 5270 2997 6221 2261 1807 3091 7326 4466 6749 5421 6447 9386 7520 8663 1061 3669 3538 9894 3328 4933 4377 7171 5458 8601 2689 8169 1161 6058 7284 990 3271 1551 8012 904 9631 8173 17 6287 9589 8534 6885 5186 500 8095 9350 8573 6376 4536 2182 9484 8628 1003 4943 7968 2076 1016 2197 4018 7034 2070 6168 7505 8242 6789 6106 3660 4525 3922 7563 6409 8660 4784 255 4885 8432 3586 1846 9276 5313 3067 5340 8678 6566 2385 9721 7313 6607 1489 1716 968 7635 5797 5305 7316 6531 1951 7144 3757 3514 8239 2073 4475 1868 3948 5782 9180 7444 569 1759 5853 4474 4574 1820 3783 9525 1673 6896 878 2379 4239 5843 2470 6439 792 5323 9009 3192 667 4134 1748 1668 9087 2073 4387 8994 5378 983 1785 1088 2506 9708 6732 2028 8689 7906 5458 8547 1175 6093 3458 926 5483 9219 6401 6951 4023 1981 8019 2783 7654 3031 8657 6890 3792 8427 3668 4372 3145 5179 6905 3792 6433 4854 332 3580 6638 8779 5160 2434 9171 370 746 5460 5321 5090 5295 6997 2106 4821 8943 4394 8707 373 1709 6288 8690 9816 6245 9249 9557 346 3344 6609 2989 5266 8186 2167 400 183 4786 856 2475 9014 3137 1415 8405 6782 1892 1336 9998 1882 677 4678 4601 3713 4927 9087 306 6071 1664 8974 5251 9027 8010 8952 5220 3251 5389 9291 8294 1912 6768 1998 3787 5797 5978 5350 1177 2640 8620 729 3116 4886 9039 6356 7468 8167 7565 2323 4376 4363 594 1723 7557 5130 2979 6371 9787 2770 1481 7481 2196 4776 6646 3296 5292 4754 4279 4888 6682 7312 1014 2232 9829 3245 7849 6582 9980 4883 8557 8505 4875 2839 3658 9202 7534 1792 3070 6931 2448 2005 4087 9758 4208 5585 7611 1088 7654 5099 1644 4881 4104 4398 8115 9272 4361 8923 9717 6339 1769 7444 8848 4346 2117 7657 9586 2793 1833 9879 6776 6240 9630 8021 3369 2747 6179 969 2099 7253 7503 3518 9364 4815 672 6076 8486 255 1387 4353 4136 9962 7533 7837 7703 401 8300 9819 6102 7240 8189 704 5384 3126 6818 6400 2487 3939 3923 9387 4140 8910 4637 4595 6712 2968 4289 2845 9450 8353 7287 7357 9598 5920 8821 2398 8293 1292 7849 7917 4302 8809 4458 620 3851 6372 2791 6820 8456 6533 7141 209 7350 6979 5365 8951 1582 6596 3037 2217 9059 7788 9952 5500 750 9042 6060 3417 4848 1063 8994 9473 2748 9936 2706 5376 5986 905 263 4635 4581 9984 8257 8342 7158 95 3308 8498 738 2855 343 1829 5909 3642 52 8155 6477 5924 9991 9178 3640 5810 455 8159 2662 1558 8316 8127 8298 8047 1663 8937 9457 1567 418 1413 6281 7816 1759 4454 116 6240 1114 689 4268 3377 6799 3106 4178 9704 506 4177 8486 7381 561 432 6915 2100 3399 1324 7735 6640 6601 9316 5330 9861 1035 5183 4036 6641 5935 5522 7348 6274 3755 1421 7690 36 2293 1307 199 9770 1265 7577 4068 6026 9974 3539 8940 8961 7604 6250 3179 6488 2728 8485 1521 7072 3047 6995 3421 5353 4485 4648 8864 351 1120 3408 6056 2661 2596 5802 5384 2292 3742 6769 1068 8860 2818 9507 7795 8916 318 5950 5624 4522 747 2225 1177 4589 4216 2486 9294 6201 7267 8942 4723 5734 4018 6366 2274 1956 9601 8751 8698 4058 5415 3063 4684 1216 7284 1563 3070 3274 9530 1480 7370 4999 850 6407 7409 2016 6068 286 7295 9183 1281 5244 9050 3054 3078 8673 9737 1413 7582 4422 200 2835 6498 3037 4511 4772 4677 4002 5263 3093 3608 4769 7244 5635 5918 293 623 1051 2471 9477 2328 7794 8299 2892 9138 870 7052 3892 1655 9338 6497 2504 3645 3171 6218 2228 5467 8069 113 4656 1965 4490 6973 5144 2657 7255 1157 4102 7892 1661 1982 6206 1634 1429 8360 8309 2273 8923 5882 3946 7573 7940 8283 2460 7249 1703 1735 855 895 2389 2821 6659 249 7740 5131 971 9269 4633 8279 2880 9383 2757 752 3428 9492 3247 7406 176 1794 5650 511 9680 1233 1124 3289 4808 2623 1543 2984 7976 220 7384 1248 7615 471 4339 605 5276 5706 7171 8147 7680 4672 8866 6382 6233 7661 8163 7064 2800 7159 5239 9225 200 5865 359 4420 1301 3337 4767 164 2060 736 9802 8464 4870 6469 5414 3586 6577 2697 885 8235 3681 4459 1476 1661 4521 2435 5629 402 4167 8696 7892 571 2296 3436 5353 1287 3807 9698 1172 9394 6248 2062 6532 2334 6619 5815 3014 2087 6924 6385 391 9841 1249 4231 4351 704 9103 3585 6433 7563 9982 4455 3997 9942 9379 8723 9202 4524 626 2045 1295 6538 1519 752 7137 5799 2386 2842 4547 2487 7231 5439 5723 5223 3947 2913 2500 8807 5886 5001 7128 5241 5969 3058 3577 9571 4967 5468 8430 7206 3895 6159 6711 6792 2384 1951 3931 9209 3167 6767 8702 6913 5638 1694 5355 1378 2904 4265 5894 1756 50 449 7980 3399 2793 8936 7934 7378 9116 4377 9224 4897 9611 1344 1644 8389 3396 2278 4370 4250 2279 9162 9630 1667 3001 8112 8455 1598 2939 7812 1315 3996 8850 770 4282 3751 3702 8346 7131 9730 2762 7589 5187 2107 7148 8357 2494 7840 3171 2781 7410 6341 4613 422 1328 8454 6128 5211 10000 8456 6694 6042 4132 4318 7199 569 9014 7769 4465 8054 879 7006 9533 8064 4465 2172 7784 5246 634 6312 6029 5311 2867 2272 4516 2762 6215 7491 6589 3162 3912 4332 7987 2725 5858 854 1964 2155 4318 435 7056 7828 2819 8161 1575 5608 161 2525 5170 7092 1961 7965 9454 7502 3495 22 3299 5441 5443 1345 2970 6181 2337 5723 4445 1350 1560 7642 2249 6740 4707 6267 8503 5163 3990 358 6740 6055 2840 6122 2373 280 2717 3717 9668 6693 7693 6786 1760 2450 6170 3954 4953 8667 269 1312 3674 300 2908 2015 6074 5818 1617 2338 8949 1152 5382 3718 1910 9993 3731 3404 2916 5888 5450 923 3552 2989 4461 7783 6796 4959 3556 4100 4371 6649 9186 1704 7963 1682 5039 4541 4726 1917 4386 4217 3605 8204 3327 1146 7698 5403 3930 3074 5591 7386 2716 2166 820 3501 4150 3229 418 8498 2083 2979 7743 5437 5350 8981 9505 5556 1596 8763 8929 5995 1809 9813 3409 5897 4099 1609 2579 524 4141 3434 9084 7240 8509 8293 1136 7688 3202 2360 7943 2131 1272 55 1627 4762 6377 4380 2889 278 7464 8542 4238 4418 4704 1927 62 5745 5474 7258 7356 6074 8923 7740 4691 6215 3071 5855 3968 6701 9476 1260 9067 3660 86 7743 5178 5239 8192 7137 6490 2190 9486 6456 6789 2738 1430 1166 596 1833 9061 1523 6893 8677 1722 1623 5293 2177 7748 4335 2809 5533 4764 7214 8107 1486 847 8289 737 4998 7644 1472 6033 4972 5170 3341 5836 1926 7735 344 8960 7532 6383 2676 7001 7510 2132 1757 7631 7785 2010 8552 7076 9358 3557 356 5609 7595 3396 4345 338 7830 2518 8305 7137 7126 1381 6020 6141 6559 1407 4577 2617 9619 426 8785 1519 5966 8987 1773 9835 5697 7887 2185 9992 2110 3984 5304 7385 8456 1794 7886 3449 2689 7183 614 4369 5934 1780 7688 3241 7339 963 4256 6408 2637 9254 1116 3808 4986 3000 8982 6848 823 184 7051 2811 8738 7450 2401 7636 9550
1862 8236 3034 6883 8260 9504 5440 3827 2552 1833 5160 1857 3617 4547 4439 6436 3344 8717 3017 5609 7201 9390 3880 8123 5647 3662 7957 81 8634 4663 6963 5645 227 4993 2015 6288 2315 3383 7090 5757 4549 5215 7811 6965 5696 1928 9003 240 9810 9814 7469 6590 1978 9778 6898 1889 5125 1137 5604 3975 8447 5364 2487 179 1412 9368 6598 6149 4143 9889 4790 1489 7024 6687 2206 2260 8938 1019 3718 2121 6827 2425 5510 9790 2201 2233 1197 2377 5819 7202 8360 8450 4012 3979 7902 385 1738 9318 1846 3531 5593 3835 8941 5232 1325 7589 6440 5189 9251 3396 9465 842 1960 8522 4569 1911 3866 6391 9700 7094 3160 6673 3658 1266 721 1591 9798 2639 4590 9207 7377 1108 3332 8755 6898 8953 8924 6420 5772 4637 8416 7314 241 2626 7555 1198 2720 5169 5604 8552 2773 5301 5433 6773 3416 3548 3718 1213 9079 6419 7671 9330 5114 8014 9248 4124 5831 4434 9925 584 4408 1024 8422 4229 2318 6677 4196 6470 2980 2652 3510 4774 3070 5900 9476 1997 1101 1024 7092 649 9270 6331 4691 8948 3577 3976 3841 3103 3631 9505 252 89 6891 6392 1529 4597 1072 2415 6123 7664 8759 1643 3584 1818 9961 8681 533 7513 5181 9513 1428 370 3503 356 7118 7973 121 9876 1263 7685 808 315 5264 6914 1426 5807 3273 7945 1474 5500 1568 5206 4046 6977 4306 2443 8900 8611 5279 2523 7797 1932 9966 5057 3528 3626 1908 5734 1883 7663 2143 6503 484 5955 4815 4167 8376 9362 7492 5077 9412 5292 3052 1555 3290 3924 7695 6750 4522 5650 2275 4496 6205 4446 298 1474 5870 1241 815 8175 2946 460 531 2659 858 7945 6708 161 3444 748 4538 6060 2313 1067 141 7057 8972 1482 7839 4262 9864 10000 2659 7405 7328 5599 2219 419 4146 2693 1647 320 3053 6944 3867 461 8604 7865 5015 3279 4906 7077 1288 7404 3701 7301 7825 9192 9510 4396 5734 6386 2871 7721 9441 3258 6777 8437 3714 2816 8860 3554 4418 3178 2284 4565 2330 2516 6883 7327 4747 3525 3291 1206 4240 7977 2612 8880 8812 5494 3385 6407 8932 1318 2655 7729 5106 5586 2733 2074 9526 932 4906 6900 5581 8534 8362 5042 6842 7596 1072 6920 1258 9160 7121 8811 5491 3881 919 8143 2780 8944 5001 9581 3483 4663 9071 4144 6090 5764 192 7626 510 4606 4044 6117 1118 9832 2714 8894 8179 4839 4731 1255 1876 4021 9707 279 3866 6510 484 496 5603 2412 3025 9336 6620 3501 5247 4956 6097 6917 6683 2966 6383 2594 1243 2090 1625 6079 2098 7689 1423 7027 792 8346 6174 7399 3509 9785 172 2461 68 8521 3623 8947 9205 5099 2863 2682 1528 6911 3971 8063 2996 8139 9772 6448 7959 5972 478 4663 7312 6597 4976 4298 5439 6533 7063 2022 2971 6036 6296 8685 7971 9085 8390 7692 5895 4766 9859 7915 2742 3084 3549 2637 4386 3309 3870 9926 5980 964 1021 1439 3713 3599 539 8222 6766 4366 1516 2038 7867 5841 3048 9192 3203 8164 8505 2037 9762 5266 6050 712 5075 8693 8377 5624 591 2337 2214 9821 1155 9558 4191 8248 1845 4514 7348 5808 3949 8847 8597 5794 8387 3857 2498 1297 4039 3780 6283 3334 200 2019 6486 9610 5956 3959 7391 8875 3955 5019 1010 1013 5505 5812 3508 6583 8417 9580 6052 3251 888 1972 6452 7852 2382 8298 3776 1058 4788 1240 3297 777 7242 7818 1556 9085 5897 7394 1056 7811 4817 1307 2334 7789 1718 7227 2461 927 7595 5083 4447 5821 2658 6103 4846 5061 7302 1847 6133 7311 2695 466 4781 6641 4981 791 9460 990 9949 9723 1985 5256 9863 2548 217 2382 6335 8524 7699 2991 8839 3299 1616 9294 6070 1090 3892 6459 1121 8059 3693 7586 6301 7842 2181 4042 6255 6202 1596 3628 7724 8940 9744 9906 2782 2587 4608 9984 6768 642 1858 7356 2579 5490 5057 2119 1908 7799 2588 5874 5207 3169 5150 2834 7342 8060 290 9805 6414 8050 1725 9208 4541 832 8333 4302 7646 8002 5076 1544 4945 3455 8292 2533 3586 1574 5570 3046 4880 113 4561 6070 9445 4563 2477 4949 4880 5068 5466 8984 2784 2052 8652 9576 7504 7604 8038 586 6636 5357 5784 1341 9666 5668 8370 8479 4153 4768 4220 6125 2324 9857 5251 3342 7975 953 7534 8977 8413 812 4032 411 2019 9416 6658 3757 9544 447 4005 1340 9074 2128 2040 3866 5514 6710 4066 8561 2151 4169 3842 750 6584 9772 4546 3176 2058 5674 2396 4499 4043 9742 1737 4264 9751 1425 7070 8153 476 5572 142 8778 7449 7892 8556 2477 5746 1666 9102 3047 1584 8631 3851 3 7227 3298 4218 5001 6008 6544 8440 3724 9811 6343 8370 3403 325 1803 49 5840 5043 5341 5294 8983 1456 3327 3201 1444 9757 6349 9706 2791 2472 6899 9415 9960 7323 8344 7449 1605 8580 866 2140 1125 4696 9088 2812 7570 7695 7303 9802 28 781 8469 3385 8788 1684 5593 2002 2050 6224 2126 736 906 3661 5600 7300 8119 4675 9788 7437 5109 181 7648 8987 815 1725 2418 8844 6759 132 147 9431 2052 4171 9121 6791 7671 2314 7900 9654 2073 122 5324 1953 7454 4084 6157 705 9854 3113 9034 8585 9580 7699 4008 7982 9185 1440 1977 8871 3638 2552 9290 6792 8494 9801 5219 8978 696 2389 4163 3463 9072 6044 3501 6253 7576 3176 708 1907 5342 2617 732 1116 5661 8903 3901 4383 6291 8931 3462 6405 1243 9268 5560 2305 9652 6431 403 8128 5925 1642 9069 2915 8180 8505 6975 6299 4401 45 2399 5443 7497 3950 6880 7923 3890 8978 1444 7885 3157 2587 5270 2997 6221 2261 1807 3091 7326 4466 6749 5421 6447 9386 7520 8663 1061 3669 3538 9894 3328 4933 4377 7171 5458 8601 2689 8169 1161 6058 7284 990 3271 1551 8012 904 9631 8173 17 6287 9589 8534 6885 5186 500 8095 9350 8573 6376 4536 2182 9484 8628 1003 4943 7968 2076 1016 2197 4018 7034 2070 6168 7505 8242 6789 6106 3660 4525 3922 7563 6409 8660 4784 255 4885 8432 3586 1846 9276 5313 3067 5340 8678 6566 2385 9721 7313 6607 1489 1716 968 7635 5797 5305 7316 6531 1951 7144 3757 3514 8239 2073 4475 1868 3948 5782 9180 7444 569 1759 5853 4474 4574 1820 3783 9525 1673 6896 878 2379 4239 5843 2470 6439 792 5323 9009 3192 667 4134 1748 1668 9087 2073 4387 8994 5378 983 1785 1088 2506 9708 6732 2028 8689 7906 5458 8547 1175 6093 3458 926 5483 9219 6401 6951 4023 1981 8019 2783 7654 3031 8657 6890 3792 8427 3668 4372 3145 5179 6905 3792 6433 4854 332 3580 6638 8779 5160 2434 9171 370 746 5460 5321 5090 5295 6997 2106 4821 8943 4394 8707 373 1709 6288 8690 9816 6245 9249 9557 346 3344 6609 2989 5266 8186 2167 400 183 4786 856 2475 9014 3137 1415 8405 6782 1892 1336 9998 1882 677 4678 4601 3713 4927 9087 306 6071 1664 8974 5251 9027 8010 8952 5220 3251 5389 9291 8294 1912 6768 1998 3787 5797 5978 5350 1177 2640 8620 729 3116 4886 9039 6356 7468 8167 7565 2323 4376 4363 594 1723 7557 5130 2979 6371 9787 2770 1481 7481 2196 4776 6646 3296 5292 4754 4279 4888 6682 7312 1014 2232 9829 3245 7849 6582 9980 4883 8557 8505 4875 2839 3658 9202 7534 1792 3070 6931 2448 2005 4087 9758 4208 5585 7611 1088 7654 5099 1644 4881 4104 4398 8115 9272 4361 8923 9717 6339 1769 7444 8848 4346 2117 7657 9586 2793 1833 9879 6776 6240 9630 8021 3369 2747 6179 969 2099 7253 7503 3518 9364 4815 672 6076 8486 255 1387 4353 4136 9962 7533 7837 7703 401 8300 9819 6102 7240 8189 704 5384 3126 6818 6400 2487 3939 3923 9387 4140 8910 4637 4595 6712 2968 4289 2845 9450 8353 7287 7357 9598 5920 8821 2398 8293 1292 7849 7917 4302 8809 4458 620 3851 6372 2791 6820 8456 6533 7141 209 7350 6979 5365 8951 1582 6596 3037 2217 9059 7788 9952 5500 750 9042 6060 3417 4848 1063 8994 9473 2748 9936 2706 5376 5986 905 263 4635 4581 9984 8257 8342 7158 95 3308 8498 738 2855 343 1829 5909 3642 52 8155 6477 5924 9991 9178 3640 5810 455 8159 2662 1558 8316 8127 8298 8047 1663 8937 9457 1567 418 1413 6281 7816 1759 4454 116 6240 1114 689 4268 3377 6799 3106 4178 9704 506 4177 8486 7381 561 432 6915 2100 3399 1324 7735 6640 6601 9316 5330 9861 1035 5183 4036 6641 5935 5522 7348 6274 3755 1421 7690 36 2293 1307 199 9770 1265 7577 4068 6026 9974 3539 8940 8961 7604 6250 3179 6488 2728 8485 1521 7072 3047 6995 3421 5353 4485 4648 8864 351 1120 3408 6056 2661 2596 5802 5384 2292 3742 6769 1068 8860 2818 9507 7795 8916 318 5950 5624 4522 747 2225 1177 4589 4216 2486 9294 6201 7267 8942 4723 5734 4018 6366 2274 1956 9601 8751 8698 4058 5415 3063 4684 1216 7284 1563 3070 3274 9530 1480 7370 4999 850 6407 7409 2016 6068 286 7295 9183 1281 5244 9050 3054 3078 8673 9737 1413 7582 4422 200 2835 6498 3037 4511 4772 4677 4002 5263 3093 3608 4769 7244 5635 5918 293 623 1051 2471 9477 2328 7794 8299 2892 9138 870 7052 3892 1655 9338 6497 2504 3645 3171 6218 2228 5467 8069 113 4656 1965 4490 6973 5144 2657 7255 1157 4102 7892 1661 1982 6206 1634 1429 8360 8309 2273 8923 5882 3946 7573 7940 8283 2460 7249 1703 1735 855 895 2389 2821 6659 249 7740 5131 971 9269 4633 8279 2880 9383 2757 752 3428 9492 3247 7406 176 1794 5650 511 9680 1233 1124 3289 4808 2623 1543 2984 7976 220 7384 1248 7615 471 4339 605 5276 5706 7171 8147 7680 4672 8866 6382 6233 7661 8163 7064 2800 7159 5239 9225 200 5865 359 4420 1301 3337 4767 164 2060 736 9802 8464 4870 6469 5414 3586 6577 2697 885 8235 3681 4459 1476 1661 4521 2435 5629 402 4167 8696 7892 571 2296 3436 5353 1287 3807 9698 1172 9394 6248 2062 6532 2334 6619 5815 3014 2087 6924 6385 391 9841 1249 4231 4351 704 9103 3585 6433 7563 9982 4455 3997 9942 9379 8723 9202 4524 626 2045 1295 6538 1519 752 7137 5799 2386 2842 4547 2487 7231 5439 5723 5223 3947 2913 2500 8807 5886 5001 7128 5241 5969 3058 3577 9571 4967 5468 8430 7206 3895 6159 6711 6792 2384 1951 3931 9209 3167 6767 8702 6913 5638 1694 5355 1378 2904 4265 5894 1756 50 449 7980 3399 2793 8936 7934 7378 9116 4377 9224 4897 9611 1344 1644 8389 3396 2278 4370 4250 2279 9162 9630 1667 3001 8112 8455 1598 2939 7812 1315 3996 8850 770 4282 3751 3702 8346 7131 9730 2762 7589 5187 2107 7148 8357 2494 7840 3171 2781 7410 6341 4613 422 1328 8454 6128 5211 10000 8456 6694 6042 4132 4318 7199 569 9014 7769 4465 8054 879 7006 9533 8064 4465 2172 7784 5246 634 6312 6029 5311 2867 2272 4516 2762 6215 7491 6589 3162 3912 4332 7987 2725 5858 854 1964 2155 4318 435 7056 7828 2819 8161 1575 5608 161 2525 5170 7092 1961 7965 9454 7502 3495 22 3299 5441 5443 1345 2970 6181 2337 5723 4445 1350 1560 7642 2249 6740 4707 6267 8503 5163 3990 358 6740 6055 2840 6122 2373 280 2717 3717 9668 6693 7693 6786 1760 2450 6170 3954 4953 8667 269 1312 3674 300 2908 2015 6074 5818 1617 2338 8949 1152 5382 3718 1910 9993 3731 3404 2916 5888 5450 923 3552 2989 4461 7783 6796 4959 3556 4100 4371 6649 9186 1704 7963 1682 5039 4541 4726 1917 4386 4217 3605 8204 3327 1146 7698 5403 3930 3074 5591 7386 2716 2166 820 3501 4150 3229 418 8498 2083 2979 7743 5437 5350 8981 9505 5556 1596 8763 8929 5995 1809 9813 3409 5897 4099 1609 2579 524 4141 3434 9084 7240 8509 8293 1136 7688 3202 2360 7943 2131 1272 55 1627 4762 6377 4380 2889 278 7464 8542 4238 4418 4704 1927 62 5745 5474 7258 7356 6074 8923 7740 4691 6215 3071 5855 3968 6701 9476 1260 9067 3660 86 7743 5178 5239 8192 7137 6490 2190 9486 6456 6789 2738 1430 1166 596 1833 9061 1523 6893 8677 1722 1623 5293 2177 7748 4335 2809 5533 4764 7214 8107 1486 847 8289 737 4998 7644 1472 6033 4972 5170 3341 5836 1926 7735 344 8960 7532 6383 2676 7001 7510 2132 1757 7631 7785 2010 8552 7076 9358 3557 356 5609 7595 3396 4345 338 7830 2518 8305 7137 7126 1381 6020 6141 6559 1407 4577 2617 9619 426 8785 1519 5966 8987 1773 9835 5697 7887 2185 9992 2110 3984 5304 7385 8456 1794 7886 3449 2689 7183 614 4369 5934 1780 7688 3241 7339 963 4256 6408 2637 9254 1116 3808 4986 3000 8982 6848 823 184 7051 2811 8738 7450 2401 7636 9550
1862 8236 3034 6883 8260 9504 5440 3827 2552 1833 5160 1857 3617 4547 4439 6436 3344 8717 3017 5609 7201 9390 3880 8123 5647 3662 7957 81 8634 4663 6963 5645 227 4993 2015 6288 2315 3383 7090 5757 4549 5215 7811 6965 5696 1928 9003 240 9810 9814 7469 6590 1978 9778 6898 1889 5125 1137 5604 3975 8447 5364 2487 179 1412 9368 6598 6149 4143 9889 4790 1489 7024 6687 2206 2260 8938 1019 3718 2121 6827 2425 5510 9790 2201 2233 1197 2377 5819 7202 8360 8450 4012 3979 7902 385 1738 9318 1846 3531 5593 3835 8941 5232 1325 7589 6440 5189 9251 3396 9465 842 1960 8522 4569 1911 3866 6391 9700 7094 3160 6673 3658 1266 721 1591 9798 2639 4590 9207 7377 1108 3332 8755 6898 8953 8924 6420 5772 4637 8416 7314 241 2626 7555 1198 2720 5169 5604 8552 2773 5301 5433 6773 3416 3548 3718 1213 9079 6419 7671 9330 5114 8014 9248 4124 5831 4434 9925 584 4408 1024 8422 4229 2318 6677 4196 6470 2980 2652 3510 4774 3070 5900 9476 1997 1101 1024 7092 649 9270 6331 4691 8948 3577 3976 3841 3103 3631 9505 252 89 6891 6392 1529 4597 1072 2415 6123 7664 8759 1643 3584 1818 9961 8681 533 7513 5181 9513 1428 370 3503 356 7118 7973 121 9876 1263 7685 808 315 5264 6914 1426 5807 3273 7945 1474 5500 1568 5206 4046 6977 4306 2443 8900 8611 5279 2523 7797 1932 9966 5057 3528 3626 1908 5734 1883 7663 2143 6503 484 5955 4815 4167 8376 9362 7492 5077 9412 5292 3052 1555 3290 3924 7695 6750 4522 5650 2275 4496 6205 4446 298 1474 5870 1241 815 8175 2946 460 531 2659 858 7945 6708 161 3444 748 4538 6060 2313 1067 141 7057 8972 1482 7839 4262 9864 10000 2659 7405 7328 5599 2219 419 4146 2693 1647 320 3053 6944 3867 461 8604 7865 5015 3279 4906 7077 1288 7404 3701 7301 7825 9192 9510 4396 5734 6386 2871 7721 9441 3258 6777 8437 3714 2816 8860 3554 4418 3178 2284 4565 2330 2516 6883 7327 4747 3525 3291 1206 4240 7977 2612 8880 8812 5494 3385 6407 8932 1318 2655 7729 5106 5586 2733 2074 9526 932 4906 6900 5581 8534 8362 5042 6842 7596 1072 6920 1258 9160 7121 8811 5491 3881 919 8143 2780 8944 5001 9581 3483 4663 9071 4144 6090 5764 192 7626 510 4606 4044 6117 1118 9832 2714 8894 8179 4839 4731 1255 1876 4021 9707 279 3866 6510 484 496 5603 2412 3025 9336 6620 3501 5247 4956 6097 6917 6683 2966 6383 2594 1243 2090 1625 6079 2098 7689 1423 7027 792 8346 6174 7399 3509 9785 172 2461 68 8521 3623 8947 9205 5099 2863 2682 1528 6911 3971 8063 2996 8139 9772 6448 7959 5972 478 4663 7312 6597 4976 4298 5439 6533 7063 2022 2971 6036 6296 8685 7971 9085 8390 7692 5895 4766 9859 7915 2742 3084 3549 2637 4386 3309 3870 9926 5980 964 1021 1439 3713 3599 539 8222 6766 4366 1516 2038 7867 5841 3048 9192 3203 8164 8505 2037 9762 5266 6050 712 5075 8693 8377 5624 591 2337 2214 9821 1155 9558 4191 8248 1845 4514 7348 5808 3949 8847 8597 5794 8387 3857 2498 1297 4039 3780 6283 3334 200 2019 6486 9610 5956 3959 7391 8875 3955 5019 1010 1013 5505 5812 3508 6583 8417 9580 6052 3251 888 1972 6452 7852 2382 8298 3776 1058 4788 1240 3297 777 7242 7818 1556 9085 5897 7394 1056 7811 4817 1307 2334 7789 1718 7227 2461 927 7595 5083 4447 5821 2658 6103 4846 5061 7302 1847 6133 7311 2695 466 4781 6641 4981 791 9460 990 9949 9723 1985 5256 9863 2548 217 2382 6335 8524 7699 2991 8839 3299 1616 9294 6070 1090 3892 6459 1121 8059 3693 7586 6301 7842 2181 4042 6255 6202 1596 3628 7724 8940 9744 9906 2782 2587 4608 9984 6768 642 1858 7356 2579 5490 5057 2119 1908 7799 2588 5874 5207 3169 5150 2834 7342 8060 290 9805 6414 8050 1725 9208 4541 832 8333 4302 7646 8002 5076 1544 4945 3455 8292 2533 3586 1574 5570 3046 4880 113 4561 6070 9445 4563 2477 4949 4880 5068 5466 8984 2784 2052 8652 9576 7504 7604 8038 586 6636 5357 5784 1341 9666 5668 8370 8479 4153 4768 4220 6125 2324 9857 5251 3342 7975 953 7534 8977 8413 812 4032 411 2019 9416 6658 3757 9544 447 4005 1340 9074 2128 2040 3866 5514 6710 4066 8561 2151 4169 3842 750 6584 9772 4546 3176 2058 5674 2396 4499 4043 9742 1737 4264 9751 1425 7070 8153 476 5572 142 8778 7449 7892 8556 2477 5746 1666 9102 3047 1584 8631 3851 3 7227 3298 4218 5001 6008 6544 8440 3724 9811 6343 8370 3403 325 1803 49 5840 5043 5341 5294 8983 1456 3327 3201 1444 9757 6349 9706 2791 2472 6899 9415 9960 7323 8344 7449 1605 8580 866 2140 1125 4696 9088 2812 7570 7695 7303 9802 28 781 8469 3385 8788 1684 5593 2002 2050 6224 2126 736 906 3661 5600 7300 8119 4675 9788 7437 5109 181 7648 8987 815 1725 2418 8844 6759 132 147 9431 2052 4171 9121 6791 7671 2314 7900 9654 2073 122 5324 1953 7454 4084 6157 705 9854 3113 9034 8585 9580 7699 4008 7982 9185 1440 1977 8871 3638 2552 9290 6792 8494 9801 5219 8978 696 2389 4163 3463 9072 6044 3501 6253 7576 3176 708 1907 5342 2617 732 1116 5661 8903 3901 4383 6291 8931 3462 6405 1243 9268 5560 2305 9652 6431 403 8128 5925 1642 9069 2915 8180 8505 6975 6299 4401 45 2399 5443 7497 3950 6880 7923 3890 8978 1444 7885 3157 2587 5270 2997 6221 2261 1807 3091 7326 4466 6749 5421 6447 9386 7520 8663 1061 3669 3538 9894 3328 4933 4377 7171 5458 8601 2689 8169 1161 6058 7284 990 3271 1551 8012 904 9631 8173 17 6287 9589 8534 6885 5186 500 8095 9350 8573 6376 4536 2182 9484 8628 1003 4943 7968 2076 1016 2197 4018 7034 2070 6168 7505 8242 6789 6106 3660 4525 3922 7563 6409 8660 4784 255 4885 8432 3586 1846 9276 5313 3067 5340 8678 6566 2385 9721 7313 6607 1489 1716 968 7635 5797 5305 7316 6531 1951 7144 3757 3514 8239 2073 4475 1868 3948 5782 9180 7444 569 1759 5853 4474 4574 1820 3783 9525 1673 6896 878 2379 4239 5843 2470 6439 792 5323 9009 3192 667 4134 1748 1668 9087 2073 4387 8994 5378 983 1785 1088 2506 9708 6732 2028 8689 7906 5458 8547 1175 6093 3458 926 5483 9219 6401 6951 4023 1981 8019 2783 7654 3031 8657 6890 3792 8427 3668 4372 3145 5179 6905 3792 6433 4854 332 3580 6638 8779 5160 2434 9171 370 746 5460 5321 5090 5295 6997 2106 4821 8943 4394 8707 373 1709 6288 8690 9816 6245 9249 9557 346 3344 6609 2989 5266 8186 2167 400 183 4786 856 2475 9014 3137 1415 8405 6782 1892 1336 9998 1882 677 4678 4601 3713 4927 9087 306 6071 1664 8974 5251 9027 8010 8952 5220 3251 5389 9291 8294 1912 6768 1998 3787 5797 5978 5350 1177 2640 8620 729 3116 4886 9039 6356 7468 8167 7565 2323 4376 4363 594 1723 7557 5130 2979 6371 9787 2770 1481 7481 2196 4776 6646 3296 5292 4754 4279 4888 6682 7312 1014 2232 9829 3245 7849 6582 9980 4883 8557 8505 4875 2839 3658 9202 7534 1792 3070 6931 2448 2005 4087 9758 4208 5585 7611 1088 7654 5099 1644 4881 4104 4398 8115 9272 4361 8923 9717 6339 1769 7444 8848 4346 2117 7657 9586 2793 1833 9879 6776 6240 9630 8021 3369 2747 6179 969 2099 7253 7503 3518 9364 4815 672 6076 8486 255 1387 4353 4136 9962 7533 7837 7703 401 8300 9819 6102 7240 8189 704 5384 3126 6818 6400 2487 3939 3923 9387 4140 8910 4637 4595 6712 2968 4289 2845 9450 8353 7287 7357 9598 5920 8821 2398 8293 1292 7849 7917 4302 8809 4458 620 3851 6372 2791 6820 8456 6533 7141 209 7350 6979 5365 8951 1582 6596 3037 2217 9059 7788 9952 5500 750 9042 6060 3417 4848 1063 8994 9473 2748 9936 2706 5376 5986 905 263 4635 4581 9984 8257 8342 7158 95 3308 8498 738 2855 343 1829 5909 3642 52 8155 6477 5924 9991 9178 3640 5810 455 8159 2662 1558 8316 8127 8298 8047 1663 8937 9457 1567 418 1413 6281 7816 1759 4454 116 6240 1114 689 4268 3377 6799 3106 4178 9704 506 4177 8486 7381 561 432 6915 2100 3399 1324 7735 6640 6601 9316 5330 9861 1035 5183 4036 6641 5935 5522 7348 6274 3755 1421 7690 36 2293 1307 199 9770 1265 7577 4068 6026 9974 3539 8940 8961 7604 6250 3179 6488 2728 8485 1521 7072 3047 6995 3421 5353 4485 4648 8864 351 1120 3408 6056 2661 2596 5802 5384 2292 3742 6769 1068 8860 2818 9507 7795 8916 318 5950 5624 4522 747 2225 1177 4589 4216 2486 9294 6201 7267 8942 4723 5734 4018 6366 2274 1956 9601 8751 8698 4058 5415 3063 4684 1216 7284 1563 3070 3274 9530 1480 7370 4999 850 6407 7409 2016 6068 286 7295 9183 1281 5244 9050 3054 3078 8673 9737 1413 7582 4422 200 2835 6498 3037 4511 4772 4677 4002 5263 3093 3608 4769 7244 5635 5918 293 623 1051 2471 9477 2328 7794 8299 2892 9138 870 7052 3892 1655 9338 6497 2504 3645 3171 6218 2228 5467 8069 113 4656 1965 4490 6973 5144 2657 7255 1157 4102 7892 1661 1982 6206 1634 1429 8360 8309 2273 8923 5882 3946 7573 7940 8283 2460 7249 1703 1735 855 895 2389 2821 6659 249 7740 5131 971 9269 4633 8279 2880 9383 2757 752 3428 9492 3247 7406 176 1794 5650 511 9680 1233 1124 3289 4808 2623 1543 2984 7976 220 7384 1248 7615 471 4339 605 5276 5706 7171 8147 7680 4672 8866 6382 6233 7661 8163 7064 2800 7159 5239 9225 200 5865 359 4420 1301 3337 4767 164 2060 736 9802 8464 4870 6469 5414 3586 6577 2697 885 8235 3681 4459 1476 1661 4521 2435 5629 402 4167 8696 7892 571 2296 3436 5353 1287 3807 9698 1172 9394 6248 2062 6532 2334 6619 5815 3014 2087 6924 6385 391 9841 1249 4231 4351 704 9103 3585 6433 7563 9982 4455 3997 9942 9379 8723 9202 4524 626 2045 1295 6538 1519 752 7137 5799 2386 2842 4547 2487 7231 5439 5723 5223 3947 2913 2500 8807 5886 5001 7128 5241 5969 3058 3577 9571 4967 5468 8430 7206 3895 6159 6711 6792 2384 1951 3931 9209 3167 6767 8702 6913 5638 1694 5355 1378 2904 4265 5894 1756 50 449 7980 3399 2793 8936 7934 7378 9116 4377 9224 4897 9611 1344 1644 8389 3396 2278 4370 4250 2279 9162 9630 1667 3001 8112 8455 1598 2939 7812 1315 3996 8850 770 4282 3751 3702 8346 7131 9730 2762 7589 5187 2107 7148 8357 2494 7840 3171 2781 7410 6341 4613 422 1328 8454 6128 5211 10000 8456 6694 6042 4132 4318 7199 569 9014 7769 4465 8054 879 7006 9533 8064 4465 2172 7784 5246 634 6312 6029 5311 2867 2272 4516 2762 6215 7491 6589 3162 3912 4332 7987 2725 5858 854 1964 2155 4318 435 7056 7828 2819 8161 1575 5608 161 2525 5170 7092 1961 7965 9454 7502 3495 22 3299 5441 5443 1345 2970 6181 2337 5723 4445 1350 1560 7642 2249 6740 4707 6267 8503 5163 3990 358 6740 6055 2840 6122 2373 280 2717 3717 9668 6693 7693 6786 1760 2450 6170 3954 4953 8667 269 1312 3674 300 2908 2015 6074 5818 1617 2338 8949 1152 5382 3718 1910 9993 3731 3404 2916 5888 5450 923 3552 2989 4461 7783 6796 4959 3556 4100 4371 6649 9186 1704 7963 1682 5039 4541 4726 1917 4386 4217 3605 8204 3327 1146 7698 5403 3930 3074 5591 7386 2716 2166 820 3501 4150 3229 418 8498 2083 2979 7743 5437 5350 8981 9505 5556 1596 8763 8929 5995 1809 9813 3409 5897 4099 1609 2579 524 4141 3434 9084 7240 8509 8293 1136 7688 3202 2360 7943 2131 1272 55 1627 4762 6377 4380 2889 278 7464 8542 4238 4418 4704 1927 62 5745 5474 7258 7356 6074 8923 7740 4691 6215 3071 5855 3968 6701 9476 1260 9067 3660 86 7743 5178 5239 8192 7137 6490 2190 9486 6456 6789 2738 1430 1166 596 1833 9061 1523 6893 8677 1722 1623 5293 2177 7748 4335 2809 5533 4764 7214 8107 1486 847 8289 737 4998 7644 1472 6033 4972 5170 3341 5836 1926 7735 344 8960 7532 6383 2676 7001 7510 2132 1757 7631 7785 2010 8552 7076 9358 3557 356 5609 7595 3396 4345 338 7830 2518 8305 7137 7126 1381 6020 6141 6559 1407 4577 2617 9619 426 8785 1519 5966 8987 1773 9835 5697 7887 2185 9992 2110 3984 5304 7385 8456 1794 7886 3449 2689 7183 614 4369 5934 1780 7688 3241 7339 963 4256 6408 2637 9254 1116 3808 4986 3000 8982 6848 823 184 7051 2811 8738 7450 2401 7636 9550
1862 8236 3034 6883 8260 9504 5440 3827 2552 1833 5160 1857 3617 4547 4439 6436 3344 8717 3017 5609 7201 9390 3880 8123 5647 3662 7957 81 8634 4663 6963 5645 227 4993 2015 6288 2315 3383 7090 5757 4549 5215 7811 6965 5696 1928 9003 240 9810 9814 7469 6590 1978 9778 6898 1889 5125 1137 5604 3975 8447 5364 2487 179 1412 9368 6598 6149 4143 9889 4790 1489 7024 6687 2206 2260 8938 1019 3718 2121 6827 2425 5510 9790 2201 2233 1197 2377 5819 7202 8360 8450 4012 3979 7902 385 1738 9318 1846 3531 5593 3835 8941 5232 1325 7589 6440 5189 9251 3396 9465 842 1960 8522 4569 1911 3866 6391 9700 7094 3160 6673 3658 1266 721 1591 9798 2639 4590 9207 7377 1108 3332 8755 6898 8953 8924 6420 5772 4637 8416 7314 241 2626 7555 1198 2720 5169 5604 8552 2773 5301 5433 6773 3416 3548 3718 1213 9079 6419 7671 9330 5114 8014 9248 4124 5831 4434 9925 584 4408 1024 8422 4229 2318 6677 4196 6470 2980 2652 3510 4774 3070 5900 9476 1997 1101 1024 7092 649 9270 6331 4691 8948 3577 3976 3841 3103 3631 9505 252 89 6891 6392 1529 4597 1072 2415 6123 7664 8759 1643 3584 1818 9961 8681 533 7513 5181 9513 1428 370 3503 356 7118 7973 121 9876 1263 7685 808 315 5264 6914 1426 5807 3273 7945 1474 5500 1568 5206 4046 6977 4306 2443 8900 8611 5279 2523 7797 1932 9966 5057 3528 3626 1908 5734 1883 7663 2143 6503 484 5955 4815 4167 8376 9362 7492 5077 9412 5292 3052 1555 3290 3924 7695 6750 4522 5650 2275 4496 6205 4446 298 1474 5870 1241 815 8175 2946 460 531 2659 858 7945 6708 161 3444 748 4538 6060 2313 1067 141 7057 8972 1482 7839 4262 9864 10000 2659 7405 7328 5599 2219 419 4146 2693 1647 320 3053 6944 3867 461 8604 7865 5015 3279 4906 7077 1288 7404 3701 7301 7825 9192 9510 4396 5734 6386 2871 7721 9441 3258 6777 8437 3714 2816 8860 3554 4418 3178 2284 4565 2330 2516 6883 7327 4747 3525 3291 1206 4240 7977 2612 8880 8812 5494 3385 6407 8932 1318 2655 7729 5106 5586 2733 2074 9526 932 4906 6900 5581 8534 8362 5042 6842 7596 1072 6920 1258 9160 7121 8811 5491 3881 919 8143 2780 8944 5001 9581 3483 4663 9071 4144 6090 5764 192 7626 510 4606 4044 6117 1118 9832 2714 8894 8179 4839 4731 1255 1876 4021 9707 279 3866 6510 484 496 5603 2412 3025 9336 6620 3501 5247 4956 6097 6917 6683 2966 6383 2594 1243 2090 1625 6079 2098 7689 1423 7027 792 8346 6174 7399 3509 9785 172 2461 68 8521 3623 8947 9205 5099 2863 2682 1528 6911 3971 8063 2996 8139 9772 6448 7959 5972 478 4663 7312 6597 4976 4298 5439 6533 7063 2022 2971 6036 6296 8685 7971 9085 8390 7692 5895 4766 9859 7915 2742 3084 3549 2637 4386 3309 3870 9926 5980 964 1021 1439 3713 3599 539 8222 6766 4366 1516 2038 7867 5841 3048 9192 3203 8164 8505 2037 9762 5266 6050 712 5075 8693 8377 5624 591 2337 2214 9821 1155 9558 4191 8248 1845 4514 7348 5808 3949 8847 8597 5794 8387 3857 2498 1297 4039 3780 6283 3334 200 2019 6486 9610 5956 3959 7391 8875 3955 5019 1010 1013 5505 5812 3508 6583 8417 9580 6052 3251 888 1972 6452 7852 2382 8298 3776 1058 4788 1240 3297 777 7242 7818 1556 9085 5897 7394 1056 7811 4817 1307 2334 7789 1718 7227 2461 927 7595 5083 4447 5821 2658 6103 4846 5061 7302 1847 6133 7311 2695 466 4781 6641 4981 791 9460 990 9949 9723 1985 5256 9863 2548 217 2382 6335 8524 7699 2991 8839 3299 1616 9294 6070 1090 3892 6459 1121 8059 3693 7586 6301 7842 2181 4042 6255 6202 1596 3628 7724 8940 9744 9906 2782 2587 4608 9984 6768 642 1858 7356 2579 5490 5057 2119 1908 7799 2588 5874 5207 3169 5150 2834 7342 8060 290 9805 6414 8050 1725 9208 4541 832 8333 4302 7646 8002 5076 1544 4945 3455 8292 2533 3586 1574 5570 3046 4880 113 4561 6070 9445 4563 2477 4949 4880 5068 5466 8984 2784 2052 8652 9576 7504 7604 8038 586 6636 5357 5784 1341 9666 5668 8370 8479 4153 4768 4220 6125 2324 9857 5251 3342 7975 953 7534 8977 8413 812 4032 411 2019 9416 6658 3757 9544 447 4005 1340 9074 2128 2040 3866 5514 6710 4066 8561 2151 4169 3842 750 6584 9772 4546 3176 2058 5674 2396 4499 4043 9742 1737 4264 9751 1425 7070 8153 476 5572 142 8778 7449 7892 8556 2477 5746 1666 9102 3047 1584 8631 3851 3 7227 3298 4218 5001 6008 6544 8440 3724 9811 6343 8370 3403 325 1803 49 5840 5043 5341 5294 8983 1456 3327 3201 1444 9757 6349 9706 2791 2472 6899 9415 9960 7323 8344 7449 1605 8580 866 2140 1125 4696 9088 2812 7570 7695 7303 9802 28 781 8469 3385 8788 1684 5593 2002 2050 6224 2126 736 906 3661 5600 7300 8119 4675 9788 7437 5109 181 7648 8987 815 1725 2418 8844 6759 132 147 9431 2052 4171 9121 6791 7671 2314 7900 9654 2073 122 5324 1953 7454 4084 6157 705 9854 3113 9034 8585 9580 7699 4008 7982 9185 1440 1977 8871 3638 2552 9290 6792 8494 9801 5219 8978 696 2389 4163 3463 9072 6044 3501 6253 7576 3176 708 1907 5342 2617 732 1116 5661 8903 3901 4383 6291 8931 3462 6405 1243 9268 5560 2305 9652 6431 403 8128 5925 1642 9069 2915 8180 8505 6975 6299 4401 45 2399 5443 7497 3950 6880 7923 3890 8978 1444 7885 3157 2587 5270 2997 6221 2261 1807 3091 7326 4466 6749 5421 6447 9386 7520 8663 1061 3669 3538 9894 3328 4933 4377 7171 5458 8601 2689 8169 1161 6058 7284 990 3271 1551 8012 904 9631 8173 17 6287 9589 8534 6885 5186 500 8095 9350 8573 6376 4536 2182 9484 8628 1003 4943 7968 2076 1016 2197 4018 7034 2070 6168 7505 8242 6789 6106 3660 4525 3922 7563 6409 8660 4784 255 4885 8432 3586 1846 9276 5313 3067 5340 8678 6566 2385 9721 7313 6607 1489 1716 968 7635 5797 5305 7316 6531 1951 7144 3757 3514 8239 2073 4475 1868 3948 5782 9180 7444 569 1759 5853 4474 4574 1820 3783 9525 1673 6896 878 2379 4239 5843 2470 6439 792 5323 9009 3192 667 4134 1748 1668 9087 2073 4387 8994 5378 983 1785 1088 2506 9708 6732 2028 8689 7906 5458 8547 1175 6093 3458 926 5483 9219 6401 6951 4023 1981 8019 2783 7654 3031 8657 6890 3792 8427 3668 4372 3145 5179 6905 3792 6433 4854 332 3580 6638 8779 5160 2434 9171 370 746 5460 5321 5090 5295 6997 2106 4821 8943 4394 8707 373 1709 6288 8690 9816 6245 9249 9557 346 3344 6609 2989 5266 8186 2167 400 183 4786 856 2475 9014 3137 1415 8405 6782 1892 1336 9998 1882 677 4678 4601 3713 4927 9087 306 6071 1664 8974 5251 9027 8010 8952 5220 3251 5389 9291 8294 1912 6768 1998 3787 5797 5978 5350 1177 2640 8620 729 3116 4886 9039 6356 7468 8167 7565 2323 4376 4363 594 1723 7557 5130 2979 6371 9787 2770 1481 7481 2196 4776 6646 3296 5292 4754 4279 4888 6682 7312 1014 2232 9829 3245 7849 6582 9980 4883 8557 8505 4875 2839 3658 9202 7534 1792 3070 6931 2448 2005 4087 9758 4208 5585 7611 1088 7654 5099 1644 4881 4104 4398 8115 9272 4361 8923 9717 6339 1769 7444 8848 4346 2117 7657 9586 2793 1833 9879 6776 6240 9630 8021 3369 2747 6179 969 2099 7253 7503 3518 9364 4815 672 6076 8486 255 1387 4353 4136 9962 7533 7837 7703 401 8300 9819 6102 7240 8189 704 5384 3126 6818 6400 2487 3939 3923 9387 4140 8910 4637 4595 6712 2968 4289 2845 9450 8353 7287 7357 9598 5920 8821 2398 8293 1292 7849 7917 4302 8809 4458 620 3851 6372 2791 6820 8456 6533 7141 209 7350 6979 5365 8951 1582 6596 3037 2217 9059 7788 9952 5500 750 9042 6060 3417 4848 1063 8994 9473 2748 9936 2706 5376 5986 905 263 4635 4581 9984 8257 8342 7158 95 3308 8498 738 2855 343 1829 5909 3642 52 8155 6477 5924 9991 9178 3640 5810 455 8159 2662 1558 8316 8127 8298 8047 1663 8937 9457 1567 418 1413 6281 7816 1759 4454 116 6240 1114 689 4268 3377 6799 3106 4178 9704 506 4177 8486 7381 561 432 6915 2100 3399 1324 7735 6640 6601 9316 5330 9861 1035 5183 4036 6641 5935 5522 7348 6274 3755 1421 7690 36 2293 1307 199 9770 1265 7577 4068 6026 9974 3539 8940 8961 7604 6250 3179 6488 2728 8485 1521 7072 3047 6995 3421 5353 4485 4648 8864 351 1120 3408 6056 2661 2596 5802 5384 2292 3742 6769 1068 8860 2818 9507 7795 8916 318 5950 5624 4522 747 2225 1177 4589 4216 2486 9294 6201 7267 8942 4723 5734 4018 6366 2274 1956 9601 8751 8698 4058 5415 3063 4684 1216 7284 1563 3070 3274 9530 1480 7370 4999 850 6407 7409 2016 6068 286 7295 9183 1281 5244 9050 3054 3078 8673 9737 1413 7582 4422 200 2835 6498 3037 4511 4772 4677 4002 5263 3093 3608 4769 7244 5635 5918 293 623 1051 2471 9477 2328 7794 8299 2892 9138 870 7052 3892 1655 9338 6497 2504 3645 3171 6218 2228 5467 8069 113 4656 1965 4490 6973 5144 2657 7255 1157 4102 7892 1661 1982 6206 1634 1429 8360 8309 2273 8923 5882 3946 7573 7940 8283 2460 7249 1703 1735 855 895 2389 2821 6659 249 7740 5131 971 9269 4633 8279 2880 9383 2757 752 3428 9492 3247 7406 176 1794 5650 511 9680 1233 1124 3289 4808 2623 1543 2984 7976 220 7384 1248 7615 471 4339 605 5276 5706 7171 8147 7680 4672 8866 6382 6233 7661 8163 7064 2800 7159 5239 9225 200 5865 359 4420 1301 3337 4767 164 2060 736 9802 8464 4870 6469 5414 3586 6577 2697 885 8235 3681 4459 1476 1661 4521 2435 5629 402 4167 8696 7892 571 2296 3436 5353 1287 3807 9698 1172 9394 6248 2062 6532 2334 6619 5815 3014 2087 6924 6385 391 9841 1249 4231 4351 704 9103 3585 6433 7563 9982 4455 3997 9942 9379 8723 9202 4524 626 2045 1295 6538 1519 752 7137 5799 2386 2842 4547 2487 7231 5439 5723 5223 3947 2913 2500 8807 5886 5001 7128 5241 5969 3058 3577 9571 4967 5468 8430 7206 3895 6159 6711 6792 2384 1951 3931 9209 3167 6767 8702 6913 5638 1694 5355 1378 2904 4265 5894 1756 50 449 7980 3399 2793 8936 7934 7378 9116 4377 9224 4897 9611 1344 1644 8389 3396 2278 4370 4250 2279 9162 9630 1667 3001 8112 8455 1598 2939 7812 1315 3996 8850 770 4282 3751 3702 8346 7131 9730 2762 7589 5187 2107 7148 8357 2494 7840 3171 2781 7410 6341 4613 422 1328 8454 6128 5211 10000 8456 6694 6042 4132 4318 7199 569 9014 7769 4465 8054 879 7006 9533 8064 4465 2172 7784 5246 634 6312 6029 5311 2867 2272 4516 2762 6215 7491 6589 3162 3912 4332 7987 2725 5858 854 1964 2155 4318 435 7056 7828 2819 8161 1575 5608 161 2525 5170 7092 1961 7965 9454 7502 3495 22 3299 5441 5443 1345 2970 6181 2337 5723 4445 1350 1560 7642 2249 6740 4707 6267 8503 5163 3990 358 6740 6055 2840 6122 2373 280 2717 3717 9668 6693 7693 6786 1760 2450 6170 3954 4953 8667 269 1312 3674 300 2908 2015 6074 5818 1617 2338 8949 1152 5382 3718 1910 9993 3731 3404 2916 5888 5450 923 3552 2989 4461 7783 6796 4959 3556 4100 4371 6649 9186 1704 7963 1682 5039 4541 4726 1917 4386 4217 3605 8204 3327 1146 7698 5403 3930 3074 5591 7386 2716 2166 820 3501 4150 3229 418 8498 2083 2979 7743 5437 5350 8981 9505 5556 1596 8763 8929 5995 1809 9813 3409 5897 4099 1609 2579 524 4141 3434 9084 7240 8509 8293 1136 7688 3202 2360 7943 2131 1272 55 1627 4762 6377 4380 2889 278 7464 8542 4238 4418 4704 1927 62 5745 5474 7258 7356 6074 8923 7740 4691 6215 3071 5855 3968 6701 9476 1260 9067 3660 86 7743 5178 5239 8192 7137 6490 2190 9486 6456 6789 2738 1430 1166 596 1833 9061 1523 6893 8677 1722 1623 5293 2177 7748 4335 2809 5533 4764 7214 8107 1486 847 8289 737 4998 7644 1472 6033 4972 5170 3341 5836 1926 7735 344 8960 7532 6383 2676 7001 7510 2132 1757 7631 7785 2010 8552 7076 9358 3557 356 5609 7595 3396 4345 338 7830 2518 8305 7137 7126 1381 6020 6141 6559 1407 4577 2617 9619 426 8785 1519 5966 8987 1773 9835 5697 7887 2185 9992 2110 3984 5304 7385 8456 1794 7886 3449 2689 7183 614 4369 5934 1780 7688 3241 7339 963 4256 6408 2637 9254 1116 3808 4986 3000 8982 6848 823 184 7051 2811 8738 7450 2401 7636 9550
9550 7636 2401 7450 8738 2811 7051 184 823 6848 8982 3000 4986 3808 1116 9254 2637 6408 4256 963 7339 3241 7688 1780 5934 4369 614 7183 2689 3449 7886 1794 8456 7385 5304 3984 2110 9992 2185 7887 5697 9835 1773 8987 5966 1519 8785 426 9619 2617 4577 1407 6559 6141 6020 1381 7126 7137 8305 2518 7830 338 4345 3396 7595 5609 356 3557 9358 7076 8552 2010 7785 7631 1757 2132 7510 7001 2676 6383 7532 8960 344 7735 1926 5836 3341 5170 4972 6033 1472 7644 4998 737 8289 847 1486 8107 7214 4764 5533 2809 4335 7748 2177 5293 1623 1722 8677 6893 1523 9061 1833 596 1166 1430 2738 6789 6456 9486 2190 6490 7137 8192 5239 5178 7743 86 3660 9067 1260 9476 6701 3968 5855 3071 6215 4691 7740 8923 6074 7356 7258 5474 5745 62 1927 4704 4418 4238 8542 7464 278 2889 4380 6377 4762 1627 55 1272 2131 7943 2360 3202 7688 1136 8293 8509 7240 9084 3434 4141 524 2579 1609 4099 5897 3409 9813 1809 5995 8929 8763 1596 5556 9505 8981 5350 5437 7743 2979 2083 8498 418 3229 4150 3501 820 2166 2716 7386 5591 3074 3930 5403 7698 1146 3327 8204 3605 4217 4386 1917 4726 4541 5039 1682 7963 1704 9186 6649 4371 4100 3556 4959 6796 7783 4461 2989 3552 923 5450 5888 2916 3404 3731 9993 1910 3718 5382 1152 8949 2338 1617 5818 6074 2015 2908 300 3674 1312 269 8667 4953 3954 6170 2450 1760 6786 7693 6693 9668 3717 2717 280 2373 6122 2840 6055 6740 358 3990 5163 8503 6267 4707 6740 2249 7642 1560 1350 4445 5723 2337 6181 2970 1345 5443 5441 3299 22 3495 7502 9454 7965 1961 7092 5170 2525 161 5608 1575 8161 2819 7828 7056 435 4318 2155 1964 854 5858 2725 7987 4332 3912 3162 6589 7491 6215 2762 4516 2272 2867 5311 6029 6312 634 5246 7784 2172 4465 8064 9533 7006 879 8054 4465 7769 9014 569 7199 4318 4132 6042 6694 8456 10000 5211 6128 8454 1328 422 4613 6341 7410 2781 3171 7840 2494 8357 7148 2107 5187 7589 2762 9730 7131 8346 3702 3751 4282 770 8850 3996 1315 7812 2939 1598 8455 8112 3001 1667 9630 9162 2279 4250 4370 2278 3396 8389 1644 1344 9611 4897 9224 4377 9116 7378 7934 8936 2793 3399 7980 449 50 1756 5894 4265 2904 1378 5355 1694 5638 6913 8702 6767 3167 9209 3931 1951 2384 6792 6711 6159 3895 7206 8430 5468 4967 9571 3577 3058 5969 5241 7128 5001 5886 8807 2500 2913 3947 5223 5723 5439 7231 2487 4547 2842 2386 5799 7137 752 1519 6538 1295 2045 626 4524 9202 8723 9379 9942 3997 4455 9982 7563 6433 3585 9103 704 4351 4231 1249 9841 391 6385 6924 2087 3014 5815 6619 2334 6532 2062 6248 9394 1172 9698 3807 1287 5353 3436 2296 571 7892 8696 4167 402 5629 2435 4521 1661 1476 4459 3681 8235 885 2697 6577 3586 5414 6469 4870 8464 9802 736 2060 164 4767 3337 1301 4420 359 5865 200 9225 5239 7159 2800 7064 8163 7661 6233 6382 8866 4672 7680 8147 7171 5706 5276 605 4339 471 7615 1248 7384 220 7976 2984 1543 2623 4808 3289 1124 1233 9680 511 5650 1794 176 7406 3247 9492 3428 752 2757 9383 2880 8279 4633 9269 971 5131 7740 249 6659 2821 2389 895 855 1735 1703 7249 2460 8283 7940 7573 3946 5882 8923 2273 8309 8360 1429 1634 6206 1982 1661 7892 4102 1157 7255 2657 5144 6973 4490 1965 4656 113 8069 5467 2228 6218 3171 3645 2504 6497 9338 1655 3892 7052 870 9138 2892 8299 7794 2328 9477 2471 1051 623 293 5918 5635 7244 4769 3608 3093 5263 4002 4677 4772 4511 3037 6498 2835 200 4422 7582 1413 9737 8673 3078 3054 9050 5244 1281 9183 7295 286 6068 2016 7409 6407 850 4999 7370 1480 9530 3274 3070 1563 7284 1216 4684 3063 5415 4058 8698 8751 9601 1956 2274 6366 4018 5734 4723 8942 7267 6201 9294 2486 4216 4589 1177 2225 747 4522 5624 5950 318 8916 7795 9507 2818 8860 1068 6769 3742 2292 5384 5802 2596 2661 6056 3408 1120 351 8864 4648 4485 5353 3421 6995 3047 7072 1521 8485 2728 6488 3179 6250 7604 8961 8940 3539 9974 6026 4068 7577 1265 9770 199 1307 2293 36 7690 1421 3755 6274 7348 5522 5935 6641 4036 5183 1035 9861 5330 9316 6601 6640 7735 1324 3399 2100 6915 432 561 7381 8486 4177 506 9704 4178 3106 6799 3377 4268 689 1114 6240 116 4454 1759 7816 6281 1413 418 1567 9457 8937 1663 8047 8298 8127 8316 1558 2662 8159 455 5810 3640 9178 9991 5924 6477 8155 52 3642 5909 1829 343 2855 738 8498 3308 95 7158 8342 8257 9984 4581 4635 263 905 5986 5376 2706 9936 2748 9473 8994 1063 4848 3417 6060 9042 750 5500 9952 7788 9059 2217 3037 6596 1582 8951 5365 6979 7350 209 7141 6533 8456 6820 2791 6372 3851 620 4458 8809 4302 7917 7849 1292 8293 2398 8821 5920 9598 7357 7287 8353 9450 2845 4289 2968 6712 4595 4637 8910 4140 9387 3923 3939 2487 6400 6818 3126 5384 704 8189 7240 6102 9819 8300 401 7703 7837 7533 9962 4136 4353 1387 255 8486 6076 672 4815 9364 3518 7503 7253 2099 969 6179 2747 3369 8021 9630 6240 6776 9879 1833 2793 9586 7657 2117 4346 8848 7444 1769 6339 9717 8923 4361 9272 8115 4398 4104 4881 1644 5099 7654 1088 7611 5585 4208 9758 4087 2005 2448 6931 3070 1792 7534 9202 3658 2839 4875 8505 8557 4883 9980 6582 7849 3245 9829 2232 1014 7312 6682 4888 4279 4754 5292 3296 6646 4776 2196 7481 1481 2770 9787 6371 2979 5130 7557 1723 594 4363 4376 2323 7565 8167 7468 6356 9039 4886 3116 729 8620 2640 1177 5350 5978 5797 3787 1998 6768 1912 8294 9291 5389 3251 5220 8952 8010 9027 5251 8974 1664 6071 306 9087 4927 3713 4601 4678 677 1882 9998 1336 1892 6782 8405 1415 3137 9014 2475 856 4786 183 400 2167 8186 5266 2989 6609 3344 346 9557 9249 6245 9816 8690 6288 1709 373 8707 4394 8943 4821 2106 6997 5295 5090 5321 5460 746 370 9171 2434 5160 8779 6638 3580 332 4854 6433 3792 6905 5179 3145 4372 3668 8427 3792 6890 8657 3031 7654 2783 8019 1981 4023 6951 6401 9219 5483 926 3458 6093 1175 8547 5458 7906 8689 2028 6732 9708 2506 1088 1785 983 5378 8994 4387 2073 9087 1668 1748 4134 667 3192 9009 5323 792 6439 2470 5843 4239 2379 878 6896 1673 9525 3783 1820 4574 4474 5853 1759 569 7444 9180 5782 3948 1868 4475 2073 8239 3514 3757 7144 1951 6531 7316 5305 5797 7635 968 1716 1489 6607 7313 9721 2385 6566 8678 5340 3067 5313 9276 1846 3586 8432 4885 255 4784 8660 6409 7563 3922 4525 3660 6106 6789 8242 7505 6168 2070 7034 4018 2197 1016 2076 7968 4943 1003 8628 9484 2182 4536 6376 8573 9350 8095 500 5186 6885 8534 9589 6287 17 8173 9631 904 8012 1551 3271 990 7284 6058 1161 8169 2689 8601 5458 7171 4377 4933 3328 9894 3538 3669 1061 8663 7520 9386 6447 5421 6749 4466 7326 3091 1807 2261 6221 2997 5270 2587 3157 7885 1444 8978 3890 7923 6880 3950 7497 5443 2399 45 4401 6299 6975 8505 8180 2915 9069 1642 5925 8128 403 6431 9652 2305 5560 9268 1243 6405 3462 8931 6291 4383 3901 8903 5661 1116 732 2617 5342 1907 708 3176 7576 6253 3501 6044 9072 3463 4163 2389 696 8978 5219 9801 8494 6792 9290 2552 3638 8871 1977 1440 9185 7982 4008 7699 9580 8585 9034 3113 9854 705 6157 4084 7454 1953 5324 122 2073 9654 7900 2314 7671 6791 9121 4171 2052 9431 147 132 6759 8844 2418 1725 815 8987 7648 181 5109 7437 9788 4675 8119 7300 5600 3661 906 736 2126 6224 2050 2002 5593 1684 8788 3385 8469 781 28 9802 7303 7695 7570 2812 9088 4696 1125 2140 866 8580 1605 7449 8344 7323 9960 9415 6899 2472 2791 9706 6349 9757 1444 3201 3327 1456 8983 5294 5341 5043 5840 49 1803 325 3403 8370 6343 9811 3724 8440 6544 6008 5001 4218 3298 7227 3 3851 8631 1584 3047 9102 1666 5746 2477 8556 7892 7449 8778 142 5572 476 8153 7070 1425 9751 4264 1737 9742 4043 4499 2396 5674 2058 3176 4546 9772 6584 750 3842 4169 2151 8561 4066 6710 5514 3866 2040 2128 9074 1340 4005 447 9544 3757 6658 9416 2019 411 4032 812 8413 8977 7534 953 7975 3342 5251 9857 2324 6125 4220 4768 4153 8479 8370 5668 9666 1341 5784 5357 6636 586 8038 7604 7504 9576 8652 2052 2784 8984 5466 5068 4880 4949 2477 4563 9445 6070 4561 113 4880 3046 5570 1574 3586 2533 8292 3455 4945 1544 5076 8002 7646 4302 8333 832 4541 9208 1725 8050 6414 9805 290 8060 7342 2834 5150 3169 5207 5874 2588 7799 1908 2119 5057 5490 2579 7356 1858 642 6768 9984 4608 2587 2782 9906 9744 8940 7724 3628 1596 6202 6255 4042 2181 7842 6301 7586 3693 8059 1121 6459 3892 1090 6070 9294 1616 3299 8839 2991 7699 8524 6335 2382 217 2548 9863 5256 1985 9723 9949 990 9460 791 4981 6641 4781 466 2695 7311 6133 1847 7302 5061 4846 6103 2658 5821 4447 5083 7595 927 2461 7227 1718 7789 2334 1307 4817 7811 1056 7394 5897 9085 1556 7818 7242 777 3297 1240 4788 1058 3776 8298 2382 7852 6452 1972 888 3251 6052 9580 8417 6583 3508 5812 5505 1013 1010 5019 3955 8875 7391 3959 5956 9610 6486 2019 200 3334 6283 3780 4039 1297 2498 3857 8387 5794 8597 8847 3949 5808 7348 4514 1845 8248 4191 9558 1155 9821 2214 2337 591 5624 8377 8693 5075 712 6050 5266 9762 2037 8505 8164 3203 9192 3048 5841 7867 2038 1516 4366 6766 8222 539 3599 3713 1439 1021 964 5980 9926 3870 3309 4386 2637 3549 3084 2742 7915 9859 4766 5895 7692 8390 9085 7971 8685 6296 6036 2971 2022 7063 6533 5439 4298 4976 6597 7312 4663 478 5972 7959 6448 9772 8139 2996 8063 3971 6911 1528 2682 2863 5099 9205 8947 3623 8521 68 2461 172 9785 3509 7399 6174 8346 792 7027 1423 7689 2098 6079 1625 2090 1243 2594 6383 2966 6683 6917 6097 4956 5247 3501 6620 9336 3025 2412 5603 496 484 6510 3866 279 9707 4021 1876 1255 4731 4839 8179 8894 2714 9832 1118 6117 4044 4606 510 7626 192 5764 6090 4144 9071 4663 3483 9581 5001 8944 2780 8143 919 3881 5491 8811 7121 9160 1258 6920 1072 7596 6842 5042 8362 8534 5581 6900 4906 932 9526 2074 2733 5586 5106 7729 2655 1318 8932 6407 3385 5494 8812 8880 2612 7977 4240 1206 3291 3525 4747 7327 6883 2516 2330 4565 2284 3178 4418 3554 8860 2816 3714 8437 6777 3258 9441 7721 2871 6386 5734 4396 9510 9192 7825 7301 3701 7404 1288 7077 4906 3279 5015 7865 8604 461 3867 6944 3053 320 1647 2693 4146 419 2219 5599 7328 7405 2659 10000 9864 4262 7839 1482 8972 7057 141 1067 2313 6060 4538 748 3444 161 6708 7945 858 2659 531 460 2946 8175 815 1241 5870 1474 298 4446 6205 4496 2275 5650 4522 6750 7695 3924 3290 1555 3052 5292 9412 5077 7492 9362 8376 4167 4815 5955 484 6503 2143 7663 1883 5734 1908 3626 3528 5057 9966 1932 7797 2523 5279 8611 8900 2443 4306 6977 4046 5206 1568 5500 1474 7945 3273 5807 1426 6914 5264 315 808 7685 1263 9876 121 7973 7118 356 3503 370 1428 9513 5181 7513 533 8681 9961 1818 3584 1643 8759 7664 6123 2415 1072 4597 1529 6392 6891 89 252 9505 3631 3103 3841 3976 3577 8948 4691 6331 9270 649 7092 1024 1101 1997 9476 5900 3070 4774 3510 2652 2980 6470 4196 6677 2318 4229 8422 1024 4408 584 9925 4434 5831 4124 9248 8014 5114 9330 7671 6419 9079 1213 3718 3548 3416 6773 5433 5301 2773 8552 5604 5169 2720 1198 7555 2626 241 7314 8416 4637 5772 6420 8924 8953 6898 8755 3332 1108 7377 9207 4590 2639 9798 1591 721 1266 3658 6673 3160 7094 9700 6391 3866 1911 4569 8522 1960 842 9465 3396 9251 5189 6440 7589 1325 5232 8941 3835 5593 3531 1846 9318 1738 385 7902 3979 4012 8450 8360 7202 5819 2377 1197 2233 2201 9790 5510 2425 6827 2121 3718 1019 8938 2260 2206 6687 7024 1489 4790 9889 4143 6149 6598 9368 1412 179 2487 5364 8447 3975 5604 1137 5125 1889 6898 9778 1978 6590 7469 9814 9810 240 9003 1928 5696 6965 7811 5215 4549 5757 7090 3383 2315 6288 2015 4993 227 5645 6963 4663 8634 81 7957 3662 5647 8123 3880 9390 7201 5609 3017 8717 3344 6436 4439 4547 3617 1857 5160 1833 2552 3827 5440 9504 8260 6883 3034 8236 1862
