84 510
1 8
1 9
1 10
1 11
1 12
1 13
1 14
1 18
1 28
1 35
1 37
1 39
1 41
1 42
2 6
2 7
2 10
2 17
2 21
2 22
2 23
2 30
2 35
3 5
3 14
3 24
3 25
3 30
3 38
3 39
3 40
3 41
3 42
4 6
4 7
4 8
4 9
4 15
4 17
4 19
4 20
4 28
4 32
4 33
4 35
5 9
5 10
5 17
5 18
5 19
5 22
5 24
5 29
5 35
5 40
5 41
5 42
6 7
6 9
6 10
6 14
6 16
6 17
6 18
6 21
6 25
6 28
6 36
6 40
6 42
7 8
7 10
7 12
7 14
7 16
7 18
7 28
7 31
7 32
7 36
7 39
7 40
7 41
8 9
8 12
8 18
8 22
8 23
8 24
8 25
8 28
8 33
8 41
9 11
9 18
9 28
9 30
9 34
9 36
9 37
9 39
10 11
10 14
10 17
10 20
10 21
10 23
10 25
10 30
10 32
10 33
10 35
10 36
10 37
10 38
11 12
11 28
11 30
11 34
11 36
11 40
12 13
12 14
12 17
12 23
12 24
12 25
12 26
12 29
12 32
12 33
12 34
12 40
13 24
13 31
13 33
13 36
13 40
13 42
14 20
14 25
14 40
15 19
15 21
15 22
15 23
15 24
15 26
15 28
15 32
15 37
15 41
16 17
16 23
16 27
16 30
16 34
16 39
17 20
17 22
17 25
17 28
17 30
17 31
17 35
17 37
17 38
17 42
18 22
18 23
18 24
18 25
18 26
18 34
18 35
18 38
18 39
18 42
19 28
19 38
19 42
20 27
20 32
20 42
21 23
21 32
21 34
22 23
22 24
22 25
22 29
22 32
22 35
22 36
23 24
23 25
23 28
23 34
23 35
23 37
24 29
24 31
24 38
24 39
25 29
25 33
25 37
25 41
26 27
26 30
26 32
26 34
26 35
26 42
27 29
27 31
27 33
27 34
27 40
27 42
28 40
29 30
29 35
29 37
29 39
30 31
30 34
30 36
30 37
30 38
30 42
31 32
31 34
31 36
31 38
31 39
32 34
32 37
32 38
32 40
33 36
33 38
33 40
33 41
34 37
34 38
35 42
36 39
36 42
37 38
37 42
38 40
38 42
43 46
43 48
43 50
43 56
43 60
43 66
43 68
43 69
43 70
43 73
43 78
43 83
43 84
44 48
44 53
44 54
44 56
44 60
44 62
44 63
44 64
44 68
44 70
44 73
44 75
44 78
44 80
45 46
45 48
45 49
45 50
45 52
45 57
45 58
45 60
45 61
45 64
45 66
45 67
45 68
45 69
45 75
45 78
46 47
46 48
46 49
46 50
46 52
46 53
46 55
46 68
46 74
46 75
47 52
47 56
47 57
47 58
47 59
47 63
47 64
47 65
47 67
47 69
47 71
47 72
47 73
47 75
47 77
47 79
48 50
48 68
48 71
48 73
48 74
48 78
48 79
48 83
49 60
49 63
49 66
49 67
49 70
49 72
49 74
49 75
49 81
50 51
50 55
50 60
50 69
50 70
50 72
50 74
50 75
50 80
50 82
51 53
51 54
51 59
51 61
51 65
51 67
51 71
51 72
51 76
51 77
51 80
51 83
51 84
52 61
52 62
52 67
52 68
52 73
52 78
53 54
53 55
53 56
53 57
53 64
53 66
53 68
53 69
53 73
53 76
53 77
53 78
53 84
54 55
54 61
54 70
54 74
54 75
54 76
54 81
54 84
55 58
55 63
55 68
55 70
55 78
55 79
55 80
55 83
56 60
56 62
56 70
56 71
57 58
57 60
57 64
57 81
57 82
58 59
58 60
58 63
58 65
58 66
58 68
58 76
59 66
59 72
59 73
59 74
59 78
59 80
59 83
59 84
60 63
60 67
60 76
60 79
60 81
60 83
61 70
61 76
61 79
61 80
61 81
62 73
62 77
62 78
62 82
63 68
63 69
63 70
63 72
63 78
63 79
63 80
63 83
63 84
64 66
64 68
64 74
64 76
64 78
64 79
65 66
65 67
65 69
65 71
65 78
65 80
66 71
66 72
66 76
66 80
66 82
66 83
66 84
67 69
67 77
67 84
68 70
68 72
68 78
68 81
68 83
69 70
69 80
69 81
69 82
69 83
70 72
70 76
70 79
70 80
70 84
71 73
71 83
72 74
72 75
72 77
72 80
72 81
73 74
73 81
73 84
74 76
74 82
75 80
75 82
76 78
76 79
76 82
77 79
77 81
77 82
77 84
78 84
79 81
80 82
81 82
81 84
82 83
83 84
