93 129
1 2
3 5
3 8
3 12
3 15
3 16
4 6
4 7
4 11
4 12
4 14
5 9
5 11
5 13
5 14
5 17
6 7
6 8
6 10
6 11
6 12
6 13
6 16
6 17
7 8
7 9
7 11
7 12
7 14
7 15
7 16
8 10
8 11
8 13
8 14
8 16
8 17
9 12
9 14
10 13
10 15
10 16
11 17
12 13
13 15
13 16
13 17
14 17
15 16
16 17
18 19
19 20
20 21
21 22
22 23
23 24
24 25
25 26
26 27
27 28
28 29
29 30
30 31
32 33
32 34
32 35
36 37
36 38
36 39
36 40
36 41
36 42
36 43
36 44
36 45
36 46
36 47
48 49
49 50
50 51
51 52
52 53
53 54
48 54
55 56
55 57
55 58
55 59
55 60
61 62
62 63
63 64
64 65
65 66
66 67
67 68
68 69
69 70
70 71
71 72
72 73
74 76
74 77
74 78
74 79
74 80
75 76
75 80
76 77
76 80
77 78
77 79
77 80
78 79
78 80
81 82
82 83
83 84
84 85
85 86
86 87
87 88
81 88
89 91
89 92
89 93
90 91
90 93
92 93
