66 120
1 2
1 5
1 11
2 3
2 8
2 11
3 5
3 9
3 12
3 13
4 10
4 12
4 13
5 6
5 7
5 9
5 10
6 8
6 9
6 10
6 11
6 12
7 9
8 10
9 11
11 13
14 15
14 19
14 22
14 23
14 26
15 17
15 19
15 21
16 17
16 18
16 21
16 22
16 23
17 23
17 24
18 22
18 26
19 24
19 25
20 21
20 22
20 24
24 26
27 29
27 30
27 31
27 32
27 36
27 37
28 29
28 33
28 35
28 37
28 38
29 31
29 33
29 34
29 38
30 32
30 38
30 39
31 34
31 36
32 39
40 41
40 45
40 46
40 51
40 52
41 44
41 45
42 47
42 51
43 46
43 49
43 50
43 51
43 52
44 46
45 46
45 47
46 48
46 52
47 49
47 50
47 51
48 50
48 52
49 51
49 52
53 55
53 57
53 60
53 61
53 65
54 59
54 61
54 63
54 64
55 57
56 58
56 61
56 66
57 59
57 62
57 64
60 62
60 64
61 66
62 64
62 65
62 66
64 65
65 66
