111 339
1 2
1 6
1 8
1 11
1 16
1 22
2 3
2 4
2 10
2 13
2 14
2 21
3 5
4 5
4 11
4 12
4 13
4 14
4 18
4 21
5 11
5 13
5 20
6 12
6 14
6 15
6 16
7 10
7 11
7 12
7 20
8 12
8 22
9 10
9 20
10 13
10 16
10 21
11 13
11 14
11 15
11 21
12 14
12 19
13 17
13 19
13 21
14 16
14 19
14 20
15 17
15 19
16 17
16 18
16 20
17 18
17 20
17 21
20 22
21 22
23 24
23 26
23 28
23 29
23 31
23 32
23 34
24 25
24 34
24 36
24 37
24 40
24 43
25 27
25 29
25 32
25 34
25 42
26 28
26 31
26 32
26 36
26 39
26 40
27 29
27 30
27 33
27 34
27 38
27 40
27 41
27 44
28 31
28 34
28 38
28 40
28 41
28 42
28 43
28 44
29 31
29 35
29 37
29 40
29 42
29 44
30 31
30 32
30 35
30 37
30 44
31 33
31 35
31 36
31 40
32 34
32 36
32 39
32 44
33 35
33 39
33 41
34 37
34 39
34 40
34 44
35 36
35 39
35 40
35 43
35 44
36 40
36 42
37 39
37 40
37 42
37 44
39 42
40 41
41 42
41 44
45 62
45 66
46 48
46 49
46 50
46 53
46 54
46 57
46 59
46 63
46 64
47 52
47 53
47 54
47 60
47 65
48 66
49 54
49 58
49 59
49 60
49 61
50 56
50 57
50 60
50 65
50 66
51 53
51 58
51 60
51 66
52 53
52 56
52 62
52 64
53 56
53 60
53 64
53 65
53 66
54 56
54 58
55 61
56 58
56 60
56 62
56 63
57 58
57 61
57 62
58 59
58 60
58 66
59 66
61 62
61 66
62 65
65 66
67 69
67 71
67 72
67 74
67 76
67 78
67 82
67 86
68 71
68 74
68 83
69 73
69 79
69 81
69 83
69 84
70 75
70 76
70 78
70 83
70 84
70 86
70 87
70 88
71 72
71 74
71 77
71 78
71 79
71 80
71 82
71 83
71 87
71 88
72 73
72 75
72 76
73 74
73 83
73 84
73 86
73 88
74 79
74 80
74 82
74 84
74 85
74 87
75 79
75 83
75 88
76 88
77 79
77 81
77 82
77 83
77 88
78 81
79 82
79 84
79 85
80 82
80 85
80 86
81 83
81 84
82 83
82 85
82 86
84 85
86 88
87 88
89 93
89 101
89 105
89 106
90 91
90 98
90 103
90 106
91 94
91 95
91 96
91 98
91 103
91 106
91 107
91 108
92 98
92 99
92 103
92 104
92 108
92 111
93 98
93 104
93 105
94 97
94 111
95 105
95 109
96 98
96 99
96 104
96 107
97 100
97 106
97 108
97 109
97 110
98 102
99 100
99 101
99 105
99 106
99 108
99 109
99 111
100 102
100 105
100 111
101 102
101 103
101 104
101 109
102 103
102 105
103 108
103 110
104 108
105 107
105 110
106 108
106 110
107 108
107 109
108 109
108 110
108 111
109 111
