94 125
1 2
2 3
3 4
4 5
5 6
6 7
7 8
8 9
9 10
10 11
11 12
12 13
13 14
14 15
1 15
16 17
17 18
18 19
19 20
20 21
21 22
22 23
23 24
16 24
25 26
26 27
27 28
28 29
29 30
30 31
25 31
32 33
33 34
34 35
35 36
36 37
37 38
38 39
39 40
32 40
41 42
41 43
41 44
41 45
41 46
41 47
41 48
41 49
41 50
41 51
41 52
41 53
54 57
54 58
54 60
55 56
55 58
55 62
55 63
55 65
55 66
56 57
56 58
56 59
56 61
56 65
57 59
57 60
57 61
57 63
57 65
57 66
58 65
59 63
59 64
59 66
60 61
61 64
61 66
63 65
64 65
65 66
67 68
68 69
69 70
70 71
71 72
67 72
73 78
73 80
73 82
74 79
74 80
74 81
74 82
74 83
74 84
75 78
75 79
75 81
75 82
75 84
76 78
76 83
77 78
77 79
77 82
77 83
77 84
78 79
78 82
78 83
78 84
79 80
79 81
79 84
80 83
80 84
81 84
82 84
88 89
88 90
89 91
92 93
93 94
