72 268
1 2
1 9
1 11
1 13
1 18
1 23
1 24
2 4
2 6
2 10
2 11
2 12
2 17
2 20
2 22
2 23
3 10
3 14
3 21
3 24
4 8
4 9
4 10
4 20
5 8
5 11
5 12
5 14
5 19
5 20
6 16
6 21
6 23
7 13
7 14
7 15
7 19
7 24
8 9
8 15
8 16
9 11
9 15
9 18
9 21
10 13
10 15
10 21
11 13
11 14
11 16
11 19
11 21
11 24
12 14
12 15
12 18
12 19
12 22
12 23
13 14
13 16
13 18
13 20
13 21
13 23
13 24
14 15
14 16
15 16
15 17
15 23
16 17
16 19
16 21
17 18
17 22
17 23
18 20
18 21
18 22
19 21
20 23
21 22
21 24
22 24
25 26
25 29
25 31
25 32
25 33
25 35
25 36
25 42
25 43
25 47
26 32
26 33
26 38
26 45
26 48
27 28
27 33
27 35
27 36
27 43
28 29
28 32
28 34
28 37
28 40
28 42
28 43
28 45
28 46
28 48
29 40
29 43
29 44
29 47
30 45
30 48
31 34
31 36
31 37
31 42
31 47
32 33
32 37
32 38
32 41
32 42
32 44
32 46
32 47
33 35
33 37
33 38
33 39
33 40
33 45
33 46
34 36
34 39
34 43
34 46
34 48
35 38
35 39
35 43
35 45
35 48
36 37
36 39
36 44
36 48
37 38
37 42
37 44
38 40
39 47
39 48
40 43
40 45
40 46
40 48
41 42
41 43
41 44
42 43
42 45
42 46
42 47
43 45
45 46
45 47
49 51
49 54
49 55
49 58
49 60
49 61
49 66
49 67
49 70
50 51
50 52
50 54
50 57
50 62
50 71
51 54
51 55
51 65
51 69
52 54
52 60
52 61
52 62
52 65
52 69
52 70
52 72
53 55
53 57
53 58
53 66
53 67
53 68
53 71
53 72
54 58
54 60
54 61
54 62
54 66
55 58
55 60
55 61
55 62
55 63
55 69
55 70
56 60
56 61
56 64
56 65
56 67
56 70
57 60
57 66
57 67
58 60
58 64
58 68
59 62
59 64
59 65
59 68
59 70
59 72
60 62
60 63
60 65
60 72
61 66
61 72
62 63
63 67
63 69
63 70
63 71
64 65
64 70
64 71
64 72
65 66
65 67
65 69
65 72
66 67
66 69
66 71
68 69
68 71
68 72
69 71
70 71
