74 89
1 2
3 4
3 5
3 6
3 7
8 9
9 10
10 11
11 12
12 13
13 14
14 15
15 16
16 17
18 19
19 20
20 21
22 23
22 24
22 25
22 26
22 27
22 29
23 25
23 31
24 25
24 31
24 32
25 27
25 28
25 30
26 27
27 28
27 29
27 32
30 32
31 32
33 34
34 35
35 36
36 37
37 38
38 39
39 40
40 41
41 42
42 43
43 44
44 45
45 46
33 46
47 48
47 49
47 50
47 51
47 52
53 54
54 55
55 56
56 57
57 58
59 60
61 62
63 64
63 70
63 72
64 69
64 71
64 74
65 67
65 69
65 70
66 67
66 68
66 70
66 71
67 69
67 70
67 74
68 71
68 72
68 73
69 72
70 72
70 73
70 74
71 73
72 73
72 74
