94 86
1 2
1 3
1 4
5 9
5 12
5 13
7 8
7 10
7 11
7 12
8 12
9 12
9 13
11 12
11 13
14 15
15 16
16 17
17 18
18 19
19 20
20 21
21 22
22 23
23 24
24 25
14 25
26 27
27 28
28 29
29 30
30 31
31 32
26 32
33 34
33 35
36 37
36 38
36 39
36 40
36 41
36 42
36 43
36 44
36 45
36 46
36 47
36 48
36 49
50 51
50 52
50 53
50 54
50 55
50 56
50 57
50 58
50 59
50 60
61 62
62 63
63 64
64 65
65 66
66 67
67 68
68 69
69 70
70 71
71 72
73 74
75 76
77 78
77 79
80 81
81 82
82 83
83 84
84 85
85 86
86 87
87 88
88 89
89 90
90 91
93 94
