94 361
1 3
1 4
1 9
1 11
1 14
1 18
1 20
1 21
2 3
2 12
2 17
2 20
2 22
3 5
3 6
3 11
3 12
3 14
3 16
4 5
4 7
4 8
4 9
4 10
4 12
4 15
4 20
4 23
5 13
5 15
5 16
5 18
5 19
5 20
6 7
6 12
6 13
6 14
6 16
6 17
6 21
7 9
7 14
7 16
7 18
7 19
7 20
7 22
7 23
8 14
8 15
8 17
8 21
9 11
9 12
9 13
9 15
9 17
9 19
9 21
9 23
10 12
10 13
11 15
11 20
11 22
12 18
12 20
12 22
12 23
13 17
13 20
13 22
13 23
14 18
14 21
14 23
15 16
15 18
15 21
15 23
16 22
17 18
17 19
17 20
17 23
18 21
18 22
19 21
20 21
24 28
24 29
24 36
24 38
24 42
24 44
24 46
25 32
25 33
25 34
25 36
25 38
25 40
25 42
25 44
25 45
26 27
26 28
26 32
26 33
26 39
26 41
26 43
27 29
27 30
27 32
27 33
27 38
27 41
27 46
28 34
28 38
28 44
29 33
29 37
29 38
29 39
29 43
29 46
30 32
30 33
30 38
30 41
30 42
31 32
31 35
31 38
31 44
31 45
32 33
32 36
32 44
33 35
33 39
33 42
33 44
34 35
34 36
34 37
34 39
34 40
34 46
35 37
35 38
35 43
35 45
36 39
36 40
36 43
36 44
36 46
37 38
37 39
37 42
37 43
37 45
37 46
38 39
38 42
38 43
38 44
38 46
39 43
39 46
40 41
40 44
40 45
42 44
42 45
43 46
44 46
47 48
47 50
47 54
47 56
47 61
47 63
47 67
47 69
48 49
48 50
48 53
48 56
48 60
48 61
48 67
48 69
49 55
49 57
49 60
49 68
49 69
50 51
50 56
50 57
50 66
50 68
51 53
51 60
51 62
51 66
51 67
51 68
52 53
52 55
52 59
52 61
52 65
52 67
53 58
53 60
53 61
53 67
54 55
54 61
54 62
54 63
54 67
54 69
55 56
55 58
55 59
55 66
55 68
55 69
56 58
56 62
56 69
57 60
57 61
57 63
57 64
58 62
58 67
58 69
59 62
59 63
59 65
59 68
59 69
60 68
61 65
62 64
62 66
62 68
63 65
63 66
63 68
64 66
64 68
64 69
65 67
70 71
70 78
70 79
70 82
70 85
70 86
70 87
70 90
70 92
71 72
71 74
71 76
71 79
71 82
71 84
71 90
71 94
72 74
72 75
72 77
72 78
72 79
72 81
72 86
72 89
72 90
72 94
73 76
73 77
73 80
73 83
73 87
73 91
73 93
74 75
74 76
74 79
74 81
74 82
74 89
74 94
75 76
75 79
75 82
75 86
75 88
75 89
75 93
76 78
76 80
76 83
76 90
76 92
76 93
77 84
77 86
77 87
77 88
77 89
77 90
78 80
78 82
78 89
79 81
79 88
79 90
79 91
79 92
79 93
80 84
80 93
81 82
81 83
81 90
81 94
82 83
83 84
83 88
83 89
83 90
83 94
84 87
84 88
84 89
84 90
84 91
84 93
85 86
85 87
86 93
87 94
88 89
88 90
89 90
89 92
90 91
90 94
91 93
91 94
