61 115
1 2
1 4
1 5
1 8
2 9
3 5
3 10
4 5
4 8
4 10
5 6
5 12
6 7
6 8
6 9
7 11
8 9
8 10
8 11
8 12
9 10
10 12
11 12
13 15
13 18
13 21
14 17
14 18
14 20
14 22
15 20
15 23
16 18
16 19
16 22
16 23
17 22
17 24
18 19
18 20
18 21
18 22
18 23
19 21
21 22
25 28
25 33
25 35
26 27
26 28
26 32
26 34
27 28
27 29
27 32
27 33
27 35
27 36
28 31
28 33
28 36
29 32
29 34
29 35
30 36
32 33
32 36
33 34
34 35
37 41
38 40
38 47
38 48
39 40
39 45
39 46
40 44
41 42
41 46
41 47
42 47
43 44
43 48
44 46
44 48
45 46
49 50
49 51
49 52
49 53
49 54
49 58
49 59
50 52
50 53
50 58
51 55
51 58
51 59
51 61
52 54
52 60
52 61
53 54
53 55
53 56
53 57
54 55
54 56
54 61
55 57
55 60
58 59
58 60
59 61
