171 186
1 2
2 3
3 4
4 5
1 3
6 7
7 8
8 9
9 10
7 9
6 9
7 10
11 12
12 13
13 14
14 15
13 15
11 14
16 17
17 18
18 19
19 20
17 19
21 22
22 23
23 24
24 25
23 25
26 27
27 28
28 29
29 30
31 32
32 33
33 34
34 35
32 35
31 33
36 37
37 38
38 39
39 40
37 40
41 42
42 43
43 44
44 45
42 44
46 47
47 48
48 49
49 50
47 50
51 52
52 53
53 54
54 55
52 54
51 55
56 57
57 58
58 59
59 60
56 60
57 59
61 62
62 63
63 64
64 65
62 64
66 67
67 68
68 69
69 70
67 70
71 72
72 73
73 74
74 75
71 75
71 73
73 75
76 77
77 78
78 79
79 80
77 79
81 82
82 83
83 84
84 85
81 83
86 87
87 88
88 89
89 90
86 90
91 92
92 93
93 94
94 95
91 93
91 94
91 95
96 97
97 98
98 99
99 100
96 99
101 102
102 103
103 104
104 105
101 105
106 107
107 108
108 109
109 110
106 110
111 112
112 113
113 114
114 115
111 113
116 117
117 118
118 119
119 120
116 120
121 122
122 123
123 124
124 125
121 124
123 125
121 123
126 127
127 128
128 129
129 130
126 129
127 129
126 130
131 132
132 133
133 134
134 135
131 133
132 135
133 135
136 137
137 138
138 139
139 140
136 138
137 140
136 140
141 142
142 143
143 144
144 145
143 145
146 147
147 148
148 149
149 150
148 150
151 152
152 153
153 154
154 155
156 157
157 158
158 159
159 160
156 158
161 162
162 163
163 164
164 165
166 167
167 168
168 169
169 170
170 171
166 170
