85 105
1 2
3 9
4 6
4 9
5 9
6 7
6 8
7 8
7 9
10 11
11 12
12 13
13 14
14 15
15 16
16 17
18 20
18 22
18 23
18 24
18 26
18 27
18 29
19 23
19 24
19 25
19 28
19 29
19 31
20 21
20 26
20 27
20 28
20 29
20 30
21 23
21 24
21 29
21 30
21 31
22 25
22 26
22 30
23 26
23 27
23 29
24 28
24 30
24 31
25 26
25 30
26 27
26 30
27 28
28 29
29 30
29 31
32 33
32 35
33 34
36 37
36 38
36 39
36 40
36 41
36 42
36 43
36 44
45 46
46 47
47 48
48 49
49 50
50 51
51 52
45 52
53 54
54 55
55 56
56 57
57 58
58 59
59 60
60 61
61 62
62 63
63 64
64 65
65 66
67 68
68 69
69 70
67 70
71 72
74 76
75 76
76 77
77 79
78 79
80 81
81 82
81 83
81 85
82 85
83 85
