352 568
1 2
2 3
3 4
4 5
5 6
6 7
7 8
8 9
9 10
10 11
11 12
12 13
13 14
14 15
15 16
16 17
17 18
18 19
19 20
20 21
21 22
22 23
23 24
24 25
16 19
13 15
19 25
11 21
1 13
9 23
13 20
3 13
6 13
19 22
7 19
5 22
7 18
7 24
19 23
5 13
1 12
15 24
7 9
26 27
27 28
28 29
29 30
30 31
31 32
32 33
33 34
34 35
35 36
36 37
37 38
38 39
39 40
40 41
41 42
42 43
43 44
44 45
45 46
46 47
47 48
48 49
49 50
34 46
38 49
28 43
31 36
42 45
42 44
41 45
27 45
41 48
43 46
41 50
26 35
36 38
28 30
27 39
32 37
40 43
43 45
51 52
52 53
53 54
54 55
55 56
56 57
57 58
58 59
59 60
60 61
61 62
62 63
63 64
64 65
65 66
66 67
67 68
68 69
69 70
70 71
71 72
72 73
73 74
74 75
52 63
51 64
69 72
63 70
62 69
53 69
56 72
61 75
60 75
65 73
53 64
52 69
60 71
57 61
55 58
52 56
57 59
76 77
77 78
78 79
79 80
80 81
81 82
82 83
83 84
84 85
85 86
86 87
87 88
88 89
89 90
90 91
91 92
92 93
93 94
94 95
95 96
96 97
97 98
98 99
99 100
76 81
87 94
79 89
82 84
87 89
76 85
79 96
91 95
77 94
79 81
80 93
96 99
76 98
86 99
84 89
83 90
79 84
101 102
102 103
103 104
104 105
105 106
106 107
107 108
108 109
109 110
110 111
111 112
112 113
113 114
114 115
115 116
116 117
117 118
118 119
119 120
120 121
121 122
122 123
123 124
124 125
108 114
108 113
106 125
108 119
108 123
102 122
116 124
107 113
110 120
108 121
110 114
102 110
103 121
126 127
127 128
128 129
129 130
130 131
131 132
132 133
133 134
134 135
135 136
136 137
137 138
138 139
139 140
140 141
141 142
142 143
143 144
144 145
145 146
146 147
147 148
148 149
149 150
128 145
128 144
142 146
126 132
136 146
127 144
135 138
138 149
126 142
142 145
128 138
133 141
140 145
131 136
138 150
151 152
152 153
153 154
154 155
155 156
156 157
157 158
158 159
159 160
160 161
161 162
162 163
163 164
164 165
165 166
166 167
167 168
168 169
169 170
170 171
171 172
172 173
173 174
174 175
151 158
156 164
157 175
161 174
156 171
151 164
156 163
159 165
153 164
165 170
152 155
176 177
177 178
178 179
179 180
180 181
181 182
182 183
183 184
184 185
185 186
186 187
187 188
188 189
189 190
190 191
191 192
192 193
193 194
194 195
195 196
196 197
197 198
198 199
199 200
197 200
181 191
187 194
180 197
176 199
178 195
198 200
179 188
176 192
193 200
190 198
179 192
179 182
183 198
193 198
180 185
177 199
191 196
201 202
202 203
203 204
204 205
205 206
206 207
207 208
208 209
209 210
210 211
211 212
212 213
213 214
214 215
215 216
216 217
217 218
218 219
219 220
220 221
221 222
222 223
223 224
224 225
206 220
205 213
211 217
204 217
208 225
215 222
201 219
205 223
210 225
201 221
226 227
227 228
228 229
229 230
230 231
231 232
232 233
233 234
234 235
235 236
236 237
237 238
238 239
239 240
240 241
241 242
242 243
243 244
244 245
245 246
246 247
247 248
248 249
249 250
235 245
226 242
236 239
230 245
233 248
247 250
228 244
247 249
234 250
243 249
235 243
232 244
230 248
227 233
236 249
234 245
251 252
252 253
253 254
254 255
255 256
256 257
257 258
258 259
259 260
260 261
261 262
262 263
263 264
264 265
265 266
266 267
267 268
268 269
269 270
270 271
271 272
272 273
273 274
274 275
271 274
263 273
258 263
251 264
251 275
255 270
269 273
251 270
256 268
265 267
264 266
252 271
256 271
255 268
264 274
257 264
252 266
258 275
276 277
277 278
278 279
279 280
280 281
281 282
282 283
283 284
284 285
285 286
286 287
287 288
288 289
289 290
290 291
291 292
292 293
293 294
294 295
295 296
296 297
297 298
298 299
299 300
276 297
289 292
280 292
287 290
279 291
278 282
295 298
287 296
291 298
288 298
276 280
286 296
277 286
281 285
281 287
295 299
278 300
280 297
287 291
279 284
284 299
301 302
302 303
303 304
304 305
305 306
306 307
307 308
308 309
309 310
310 311
311 312
312 313
313 314
314 315
315 316
316 317
317 318
318 319
319 320
320 321
321 322
322 323
323 324
324 325
318 321
319 322
311 323
309 322
303 305
308 321
304 306
303 319
302 319
312 325
315 320
312 324
305 320
306 314
312 321
308 320
302 315
313 323
314 319
326 327
327 328
328 329
329 330
330 331
331 332
332 333
333 334
334 335
335 336
336 337
337 338
338 339
339 340
340 341
341 342
342 343
343 344
344 345
345 346
346 347
347 348
348 349
349 350
350 351
351 352
336 347
329 349
335 339
333 350
327 348
326 340
346 350
326 344
326 336
347 351
337 350
326 334
335 342
327 341
331 352
329 336
326 328
336 344
