127 760
1 2
1 8
1 10
1 12
1 14
1 17
1 19
1 22
1 26
1 29
1 40
1 42
2 4
2 10
2 12
2 14
2 18
2 29
2 30
2 33
2 37
2 39
3 4
3 12
3 16
3 17
3 18
3 21
3 24
3 25
3 27
3 28
3 32
3 34
3 35
3 36
3 37
3 40
4 12
4 20
4 24
4 26
4 27
4 29
4 30
4 32
4 33
4 36
4 39
4 40
5 6
5 9
5 14
5 16
5 17
5 18
5 20
5 22
5 24
5 32
5 33
5 36
5 37
5 39
6 9
6 12
6 13
6 16
6 33
6 35
6 40
7 11
7 12
7 14
7 23
7 26
7 27
7 30
7 33
7 37
7 40
7 42
8 15
8 17
8 18
8 19
8 20
8 22
8 25
8 28
8 35
8 37
8 38
9 13
9 15
9 16
9 18
9 23
9 28
9 33
9 37
9 38
9 39
9 40
9 41
9 42
10 11
10 12
10 15
10 17
10 19
10 20
10 24
10 28
10 39
10 42
11 16
11 19
11 21
11 23
11 24
11 33
11 40
12 25
12 26
12 33
12 38
12 41
13 21
13 29
13 33
13 34
13 36
13 37
14 15
14 19
14 30
14 32
14 33
14 41
15 20
15 21
15 22
15 25
15 29
15 34
15 39
16 18
16 23
16 29
16 33
16 37
16 38
17 18
17 19
17 24
17 32
17 33
17 36
17 38
18 20
18 23
18 28
18 29
18 30
18 31
18 36
18 40
19 26
19 34
20 22
20 25
20 26
20 28
20 36
20 37
20 38
20 39
20 40
20 41
20 42
21 27
21 30
21 32
21 36
21 39
21 41
22 25
22 26
22 31
22 35
22 38
23 31
23 34
23 36
24 27
24 33
24 34
25 26
25 27
25 32
25 34
25 36
25 39
25 42
26 31
26 32
27 38
27 40
27 41
28 32
28 35
28 39
28 40
28 42
29 30
29 32
29 35
29 41
30 34
30 35
30 39
30 41
30 42
31 32
31 36
31 39
32 33
32 35
32 42
33 34
33 35
33 36
33 37
34 40
34 41
34 42
35 38
36 37
36 40
37 41
39 40
43 45
43 47
43 48
43 50
43 53
43 57
43 62
43 63
43 68
43 71
43 72
43 74
43 77
43 79
43 82
43 84
44 46
44 49
44 54
44 64
44 69
44 71
44 72
44 74
44 77
44 78
44 79
44 82
44 84
45 47
45 51
45 55
45 61
45 63
45 67
45 71
46 49
46 52
46 56
46 59
46 62
46 63
46 66
46 68
46 70
46 74
46 76
46 78
47 49
47 55
47 62
47 63
47 65
47 67
47 68
47 71
47 76
47 82
47 84
48 49
48 55
48 56
48 58
48 60
48 62
48 63
48 71
48 72
48 77
49 54
49 59
49 64
49 65
49 67
49 68
49 69
49 76
49 82
49 83
49 84
50 54
50 61
50 67
50 75
50 81
51 53
51 55
51 59
51 67
51 74
51 76
51 78
51 80
51 81
52 55
52 61
52 72
52 76
52 81
53 54
53 68
53 70
53 73
53 83
53 84
54 55
54 56
54 57
54 58
54 59
54 63
54 66
54 69
54 82
55 60
55 68
55 69
55 76
55 79
55 81
56 69
56 72
56 76
57 68
57 69
57 70
57 75
57 76
57 77
57 79
57 80
58 61
58 63
58 64
58 65
58 67
58 68
58 69
58 70
58 71
58 73
58 76
59 60
59 61
59 66
59 68
59 72
59 84
60 62
60 64
60 66
60 71
60 75
60 77
60 82
60 84
61 63
61 64
61 66
61 67
61 71
61 72
61 82
62 67
62 70
62 72
62 74
62 76
62 77
62 78
62 81
62 82
63 69
63 70
63 75
63 76
63 77
63 80
64 66
64 78
64 79
65 68
65 70
65 74
65 77
65 78
66 67
66 68
66 69
66 70
66 73
66 77
66 78
66 81
66 83
67 68
67 70
67 71
67 80
68 69
68 74
68 75
68 76
68 81
68 82
68 84
69 70
69 78
69 83
70 71
70 72
70 75
70 78
70 79
71 75
71 83
72 77
72 80
72 83
73 83
74 75
74 76
74 81
74 84
75 76
75 79
75 80
76 77
76 78
76 79
76 81
76 84
77 83
78 81
78 82
78 83
78 84
79 80
80 82
80 84
81 82
85 88
85 91
85 92
85 93
85 96
85 97
85 98
85 99
85 105
85 107
85 108
85 109
85 110
85 111
85 120
86 88
86 89
86 93
86 103
86 105
86 108
86 111
86 116
86 118
86 122
86 123
87 98
87 107
87 109
87 112
87 113
87 115
87 123
87 127
88 89
88 90
88 92
88 93
88 97
88 106
88 114
88 115
88 116
88 117
88 123
89 93
89 94
89 95
89 96
89 98
89 103
89 104
89 105
89 106
89 107
89 111
89 113
89 116
89 122
89 123
89 124
90 95
90 102
90 105
90 107
90 109
90 112
90 115
90 116
90 123
90 126
91 94
91 95
91 96
91 97
91 99
91 100
91 103
91 108
91 109
91 114
91 115
91 117
91 118
91 121
91 125
92 93
92 96
92 99
92 102
92 104
92 112
92 116
92 117
92 120
92 122
93 94
93 97
93 98
93 109
93 111
93 113
93 114
93 119
93 121
94 96
94 100
94 102
94 103
94 104
94 106
94 107
94 109
94 121
94 122
94 123
95 101
95 103
95 107
95 111
95 117
95 119
95 120
95 122
95 124
95 125
96 99
96 100
96 101
96 102
96 107
96 108
96 109
96 111
96 112
96 113
96 118
96 120
96 125
97 98
97 100
97 102
97 113
97 114
97 119
97 122
98 99
98 105
98 107
98 110
98 111
98 114
98 121
98 123
98 125
98 126
99 109
99 110
99 116
99 118
99 119
99 122
100 113
100 116
100 123
100 126
101 107
101 108
101 113
101 121
101 122
101 127
102 103
102 104
102 105
102 108
102 111
102 112
102 115
102 117
102 119
102 121
103 104
103 108
103 110
103 111
103 112
103 116
103 120
103 121
103 122
103 124
103 125
103 126
104 106
104 108
104 109
104 112
104 116
104 117
104 119
104 120
104 122
104 124
105 107
105 109
105 113
105 118
105 119
105 121
105 125
106 107
106 109
106 111
106 113
106 114
106 115
106 124
107 108
107 109
107 111
107 115
107 117
107 124
107 126
108 115
108 116
108 122
108 123
108 124
108 127
109 111
110 112
110 119
110 121
110 122
111 119
111 120
111 121
112 113
112 114
112 117
112 118
112 119
112 120
113 118
113 119
113 122
113 123
113 125
114 116
114 120
114 123
114 124
114 127
115 116
115 121
116 118
116 121
116 124
116 125
117 118
117 123
117 126
118 123
118 127
119 120
119 122
119 125
120 126
121 124
121 126
121 127
122 123
122 124
122 127
124 126
