70 196
1 2
1 5
1 7
1 8
1 12
1 17
2 8
2 9
2 11
2 13
2 15
3 5
3 8
3 11
3 13
3 16
4 5
4 9
4 12
4 13
4 14
4 15
5 8
5 15
5 17
6 9
6 11
6 15
7 16
8 9
8 16
8 17
9 12
9 13
9 14
9 16
9 17
10 11
10 15
11 14
11 17
13 17
14 16
14 17
15 17
16 17
18 23
18 26
18 28
18 33
18 34
19 20
19 22
19 24
19 27
19 31
19 34
20 25
20 27
20 28
20 29
20 30
21 22
21 24
21 25
21 31
21 32
21 33
22 26
22 27
22 28
22 31
22 32
23 25
23 29
23 30
23 31
24 26
24 30
24 31
24 33
24 34
25 28
25 34
26 29
26 30
26 31
28 29
29 31
30 32
31 33
32 34
35 39
35 43
35 46
35 48
35 51
36 37
36 39
36 45
36 48
36 51
37 39
37 40
37 42
37 46
37 47
37 49
37 50
38 39
38 43
38 44
38 45
38 47
39 41
39 44
39 47
40 41
40 44
40 45
40 47
40 48
41 43
41 48
41 49
41 50
42 46
42 49
43 49
44 47
44 49
44 51
45 46
45 47
45 49
46 47
46 49
50 51
52 53
52 57
52 58
52 59
52 68
53 54
53 56
53 61
53 62
53 63
53 65
53 67
53 69
53 70
55 56
55 57
55 60
55 62
55 63
55 64
55 68
55 69
56 58
56 59
56 64
56 66
56 67
57 58
57 61
57 62
57 63
57 65
57 66
57 68
57 69
57 70
58 62
58 64
58 66
59 60
59 61
59 65
59 68
60 62
60 63
60 65
60 66
60 70
62 64
63 65
63 66
63 68
63 70
64 66
64 69
64 70
66 68
67 70
