104 314
1 2
1 3
1 5
1 8
1 14
1 15
1 17
1 19
2 5
2 7
2 8
2 9
2 10
2 13
2 15
2 17
3 11
3 16
3 17
3 18
4 5
4 10
4 12
4 18
5 11
5 12
5 14
5 15
5 18
5 20
6 9
6 12
6 13
6 15
6 17
6 18
7 16
7 19
7 20
8 14
8 15
9 11
9 20
10 13
10 14
10 18
10 19
10 20
11 13
11 16
11 17
11 18
11 19
12 16
13 14
13 18
14 20
15 16
15 17
15 18
15 19
15 20
16 19
17 18
17 20
18 20
21 26
21 27
21 28
21 37
21 39
22 28
22 30
22 31
23 24
23 26
23 27
23 28
23 32
23 33
23 34
23 35
23 36
24 36
24 37
25 26
25 31
25 34
25 36
25 37
25 38
26 28
26 31
26 35
26 38
26 40
27 31
27 32
27 33
27 34
27 40
28 35
28 36
29 32
29 37
29 40
30 34
30 36
30 39
31 38
32 33
32 35
32 38
33 34
33 35
33 37
33 38
34 36
35 39
36 37
36 38
41 42
41 57
41 60
42 46
42 47
42 49
42 51
42 54
42 55
42 56
43 45
43 48
43 50
43 55
43 56
43 59
44 49
44 51
44 53
44 55
44 59
45 46
45 52
45 54
45 57
45 58
46 49
46 51
46 55
47 49
47 56
47 58
48 50
48 56
48 59
49 51
49 59
50 59
50 60
51 60
52 53
52 54
52 55
52 56
52 57
52 60
53 56
53 59
53 60
54 55
55 58
56 58
56 60
57 60
58 60
61 62
61 63
61 66
61 67
61 70
61 71
61 72
61 74
62 65
62 66
62 72
62 78
63 64
63 66
63 71
63 72
63 75
63 78
63 79
64 70
64 74
64 76
65 69
65 74
65 76
65 77
65 80
66 68
66 73
66 74
66 78
67 68
67 72
67 74
67 75
67 78
67 79
68 70
68 74
68 77
68 79
69 73
69 79
69 80
70 74
71 72
71 75
72 74
72 76
72 77
72 80
73 76
73 79
73 80
75 79
76 79
76 80
77 79
81 86
81 89
81 90
81 101
81 104
82 85
82 86
82 96
82 99
82 104
83 88
83 92
83 97
83 98
83 99
83 103
84 85
84 90
84 93
84 94
84 95
84 97
84 101
84 104
85 93
85 101
85 103
86 88
86 89
86 90
86 91
86 93
86 94
86 99
86 104
87 96
87 97
87 100
87 102
87 104
88 89
88 91
88 95
88 96
89 92
89 93
89 94
89 97
89 98
89 100
89 101
89 103
90 91
90 92
90 104
91 92
91 94
91 95
91 100
93 97
93 103
94 98
94 101
94 104
95 98
96 97
96 98
96 101
96 104
97 98
97 100
97 101
97 104
98 99
98 100
98 104
99 103
100 103
101 102
101 104
