59 267
1 3
1 5
1 8
1 11
1 12
1 19
1 20
1 26
1 28
2 3
2 4
2 15
2 16
2 24
2 26
2 29
3 5
3 9
3 10
3 14
3 18
3 20
3 23
3 24
3 28
4 8
4 10
4 11
4 16
4 19
4 21
4 23
5 6
5 7
5 8
5 12
5 14
5 20
5 24
5 25
5 27
6 8
6 9
6 10
6 11
6 12
6 15
6 18
6 19
6 20
6 23
6 24
6 25
6 27
6 28
7 12
7 20
7 25
7 27
7 28
8 9
8 11
8 13
8 14
8 16
8 20
8 23
8 26
8 29
9 11
9 12
9 14
9 17
9 27
10 12
10 13
10 18
10 23
10 27
10 28
11 12
11 13
11 15
11 16
11 20
11 22
11 24
11 28
11 29
12 16
12 20
12 24
12 25
12 26
12 28
13 14
13 16
13 24
13 26
13 27
13 29
14 19
14 20
14 22
14 28
15 17
15 26
16 21
16 22
16 25
16 27
17 18
17 20
17 23
17 24
17 26
17 29
18 19
18 22
18 23
18 24
18 25
18 27
19 20
19 21
19 24
19 26
20 27
21 26
21 28
21 29
23 27
24 29
26 27
26 29
27 29
30 31
30 33
30 35
30 36
30 37
30 39
30 41
30 45
30 48
30 49
30 52
30 57
30 59
31 35
31 38
31 42
31 55
31 56
31 57
31 58
32 33
32 39
32 43
32 45
32 49
32 50
33 34
33 37
33 38
33 39
33 41
33 42
33 43
33 44
33 45
33 47
33 49
33 57
33 58
34 35
34 39
34 41
34 42
34 45
34 46
34 51
34 56
34 59
35 36
35 39
35 46
35 50
36 37
36 38
36 41
36 48
36 49
36 56
36 58
37 41
37 43
37 45
37 53
37 55
37 57
38 40
38 42
38 48
39 45
39 47
39 48
39 51
39 54
39 59
40 43
40 47
40 49
40 51
40 52
40 54
40 56
41 43
41 50
41 52
41 56
42 43
42 51
42 52
42 59
43 45
43 48
43 50
43 52
43 54
43 56
44 46
44 47
44 53
44 54
45 46
45 47
45 49
45 51
45 53
45 59
46 52
46 53
46 54
46 56
46 58
47 48
47 51
47 53
47 56
47 57
47 59
48 55
48 58
48 59
49 52
49 53
50 51
50 56
51 55
52 54
52 57
52 58
54 58
55 56
55 57
55 59
