100 324
1 4
1 10
1 15
1 20
1 23
2 4
2 10
2 12
2 15
2 17
2 19
2 23
3 5
3 9
3 10
3 12
3 13
3 18
3 21
3 24
4 6
4 8
4 14
4 23
5 7
5 8
5 11
5 16
6 7
6 17
6 19
6 23
7 16
7 17
7 20
7 22
8 12
8 13
8 19
9 11
9 12
9 14
9 16
9 19
9 20
9 25
10 15
10 19
11 12
11 13
11 15
11 22
11 24
11 25
12 13
12 19
12 20
12 23
12 25
13 16
13 18
13 19
13 22
13 24
13 25
14 15
14 16
14 18
14 21
15 18
15 22
16 19
16 23
16 24
17 21
17 24
18 23
19 20
20 24
21 24
22 23
22 24
22 25
26 32
26 34
26 37
26 45
26 46
26 47
26 49
27 28
27 29
27 36
27 47
27 50
28 30
28 32
28 37
28 45
28 49
29 36
29 42
29 45
29 49
30 33
30 36
30 48
30 50
31 32
31 40
31 42
31 45
31 47
31 48
31 50
32 35
32 36
32 44
32 48
32 49
33 40
33 42
33 44
33 46
33 47
33 49
34 38
34 43
34 49
35 44
35 48
35 50
36 38
36 41
36 42
36 43
36 47
37 38
37 41
37 45
37 46
37 47
38 45
38 46
38 47
38 50
39 42
39 43
39 44
39 49
40 45
40 49
41 42
41 43
41 46
41 49
41 50
42 43
42 44
42 50
43 44
43 48
44 47
44 49
45 46
45 48
45 49
51 55
51 57
51 59
51 65
51 66
51 73
51 75
52 57
52 58
52 61
52 67
52 68
52 69
52 72
53 54
53 56
53 59
53 63
53 67
53 68
54 57
54 58
54 65
54 67
54 68
54 71
55 66
55 72
55 74
56 62
56 73
57 66
57 67
57 73
57 75
58 61
58 63
58 64
58 66
58 67
58 74
59 61
59 62
59 71
59 74
60 62
60 67
60 69
60 70
60 72
60 75
61 62
61 65
63 69
63 71
63 73
63 75
64 66
65 68
65 69
65 75
66 72
66 74
68 69
68 73
69 71
69 73
69 75
70 74
71 72
71 73
71 75
72 75
73 74
76 77
76 78
76 86
76 91
76 93
76 96
76 97
76 99
77 80
77 82
77 83
77 85
77 86
77 95
77 96
78 80
78 84
78 88
78 91
78 94
78 96
78 97
78 99
79 81
79 85
79 86
79 88
79 92
79 94
79 96
79 98
79 100
80 81
80 83
80 88
80 95
80 96
80 100
82 88
82 92
83 86
83 92
83 96
83 100
84 89
84 90
84 97
84 98
84 100
85 86
85 87
85 88
85 93
85 94
85 96
85 99
86 87
86 91
86 93
86 99
87 94
88 90
88 95
88 96
88 99
89 95
89 96
90 91
90 93
90 96
91 92
91 97
91 100
92 93
92 97
92 98
93 95
93 100
94 95
94 97
95 99
98 99
98 100
