185 252
1 2
2 3
3 4
4 5
5 6
6 7
7 8
8 9
2 8
1 9
2 9
1 8
3 7
6 9
10 11
11 12
12 13
13 14
14 15
15 16
16 17
17 18
10 12
10 16
12 15
13 15
19 20
20 21
21 22
22 23
23 24
24 25
25 26
26 27
21 24
21 23
28 29
29 30
30 31
31 32
32 33
33 34
34 35
35 36
30 34
28 31
32 34
30 36
30 35
37 38
38 39
39 40
40 41
41 42
42 43
43 44
44 45
37 44
39 45
37 43
38 44
46 47
47 48
48 49
49 50
50 51
51 52
52 53
53 54
52 54
46 53
49 54
47 52
55 56
56 57
57 58
58 59
59 60
60 61
61 62
62 63
60 62
56 58
57 60
59 63
64 65
65 66
66 67
67 68
68 69
69 70
70 71
71 72
66 68
67 72
64 67
64 68
65 71
73 74
74 75
75 76
76 77
77 78
78 79
79 80
80 81
73 81
75 81
79 81
76 78
76 81
82 83
83 84
84 85
85 86
86 87
87 88
88 89
89 90
83 89
85 90
88 90
83 88
91 92
92 93
93 94
94 95
95 96
96 97
97 98
98 99
95 97
95 99
95 98
91 95
100 101
101 102
102 103
103 104
104 105
105 106
106 107
107 108
100 106
104 108
101 104
109 110
110 111
111 112
112 113
113 114
114 115
115 116
116 117
109 111
112 115
118 119
119 120
120 121
121 122
122 123
123 124
124 125
125 126
120 122
121 126
119 123
127 128
128 129
129 130
130 131
131 132
132 133
133 134
134 135
127 129
132 135
130 134
127 134
130 135
136 137
137 138
138 139
139 140
140 141
141 142
142 143
143 144
136 138
142 144
145 146
146 147
147 148
148 149
149 150
150 151
151 152
152 153
145 149
146 153
145 151
148 151
154 155
155 156
156 157
157 158
158 159
159 160
160 161
161 162
155 162
157 160
156 161
157 161
157 159
155 158
163 164
164 165
165 166
166 167
167 168
168 169
169 170
170 171
164 167
165 171
166 170
163 168
164 170
167 170
163 166
164 168
172 173
173 174
174 175
175 176
176 177
177 178
178 179
179 180
180 181
181 182
182 183
183 184
184 185
172 177
174 181
178 184
172 178
174 180
175 185
177 180
