90 236
1 6
1 10
1 11
1 16
1 17
2 5
2 6
2 15
2 16
2 18
3 6
3 8
3 9
3 10
3 13
3 14
4 5
4 6
4 10
4 16
5 8
5 10
5 14
5 15
6 10
6 16
6 17
6 18
7 11
7 12
7 14
8 9
8 12
8 13
9 17
10 14
10 15
11 12
11 17
12 13
13 18
14 16
14 17
14 18
19 33
19 34
19 36
20 24
20 25
20 27
20 31
20 35
21 25
21 33
21 34
21 35
22 25
22 27
22 33
22 36
23 25
23 26
23 27
23 29
23 31
23 32
23 36
24 31
24 32
24 35
25 27
25 31
26 27
26 29
26 34
27 29
27 30
27 31
27 33
27 35
28 29
28 35
28 36
29 32
29 34
29 36
31 32
34 35
34 36
37 38
37 40
37 42
37 44
37 45
37 46
37 49
37 51
37 54
38 41
38 44
38 50
38 53
39 41
39 42
39 43
39 45
39 53
40 45
40 47
40 48
40 50
40 54
41 42
41 45
41 46
41 48
41 49
41 52
41 54
42 48
42 53
43 46
43 47
43 50
43 52
43 53
44 46
44 54
45 46
45 49
45 53
46 50
46 51
47 50
48 49
48 51
48 52
48 54
49 51
49 54
55 60
55 61
55 62
55 63
55 66
55 71
56 60
56 67
56 69
56 70
57 67
57 69
57 71
58 65
58 69
59 60
59 64
59 65
59 66
59 68
60 61
60 68
60 70
61 68
61 69
61 71
62 63
62 65
62 70
63 65
63 67
63 70
64 68
64 70
65 66
65 68
66 70
66 72
68 69
68 70
69 71
69 72
71 72
73 75
73 78
73 79
73 84
73 87
74 76
74 77
74 79
74 85
74 87
74 89
75 76
75 78
75 80
75 82
75 83
75 86
75 87
75 88
75 90
76 78
76 79
76 82
76 84
76 88
77 82
77 86
77 87
78 80
78 85
78 86
79 84
79 85
79 89
80 81
80 82
80 83
80 88
81 84
81 85
81 89
82 88
82 90
83 84
83 90
84 85
84 86
85 86
86 88
86 89
86 90
88 89
88 90
