124 451
1 2
1 3
1 5
1 6
1 7
1 9
1 11
1 15
1 16
1 23
2 8
2 15
2 17
2 21
2 23
3 4
3 7
3 16
3 19
3 22
3 23
4 5
4 8
4 10
4 13
4 16
4 17
4 18
4 20
4 23
5 6
5 7
5 10
5 11
5 17
5 23
6 8
6 13
6 18
7 9
7 11
7 20
7 24
8 9
8 13
8 19
8 24
9 11
9 20
10 22
11 14
11 20
11 24
12 16
12 19
12 24
13 14
13 15
13 16
13 18
13 19
13 21
14 19
14 21
14 23
15 22
15 23
16 18
16 21
16 23
17 19
17 20
17 24
18 19
21 22
22 24
25 27
25 33
25 35
25 43
25 46
25 48
26 30
26 33
26 35
26 36
26 37
26 38
26 45
26 46
26 48
27 31
27 34
27 37
27 40
27 42
27 44
27 47
28 32
28 35
28 36
28 38
28 39
28 42
29 36
29 44
29 46
29 48
30 33
30 34
30 40
30 41
30 43
30 44
30 48
31 36
31 38
31 40
31 47
31 48
32 33
32 34
32 35
32 37
32 39
32 40
32 41
32 42
32 44
33 36
33 39
33 40
33 41
33 42
33 44
33 46
34 35
34 37
34 40
34 41
34 45
34 48
35 37
35 38
35 44
36 39
37 40
37 43
37 45
37 46
37 47
38 42
38 45
38 46
39 41
39 45
39 47
40 46
40 47
41 45
42 44
42 46
42 47
42 48
43 44
43 46
44 48
45 46
45 47
49 57
49 58
49 61
49 65
49 69
49 70
49 71
49 72
50 58
50 59
50 63
50 66
50 67
50 69
51 56
51 60
51 61
51 62
51 66
51 68
51 71
52 54
52 58
52 65
52 68
52 71
52 72
53 57
53 66
53 68
53 71
53 72
54 57
54 58
54 67
54 68
54 69
54 70
55 56
55 57
55 65
55 70
56 57
56 60
56 61
56 67
56 68
56 70
57 63
57 65
57 67
57 69
57 72
58 62
58 65
58 72
59 60
59 62
59 64
59 70
60 70
60 72
61 63
61 65
61 66
61 69
61 70
61 72
62 67
62 68
62 69
62 71
62 72
63 67
63 68
64 66
64 68
64 69
64 72
65 66
65 70
65 71
66 67
66 72
68 69
68 70
69 71
69 72
70 72
71 72
73 74
73 75
73 76
73 82
73 85
73 87
73 88
73 91
73 96
74 77
74 83
74 87
74 88
74 95
75 76
75 80
75 84
75 86
75 87
75 90
75 91
76 78
76 82
76 88
76 93
76 95
77 82
77 86
77 89
77 91
77 92
77 93
78 81
78 82
78 83
78 86
78 87
78 91
78 94
78 96
79 85
80 81
80 86
80 87
80 90
80 92
80 93
80 95
81 82
81 83
81 84
81 85
81 88
81 90
81 91
81 93
81 94
82 83
82 84
82 89
82 92
83 90
83 95
84 91
84 93
84 95
85 91
85 95
86 92
86 93
86 94
86 95
87 93
87 95
90 91
90 94
90 95
91 94
91 95
92 94
93 95
93 96
95 96
97 105
97 107
97 115
97 120
98 99
98 100
98 104
98 106
98 108
98 109
98 112
98 113
98 115
99 101
99 103
99 105
99 109
99 118
100 101
100 106
100 107
100 109
100 110
100 111
100 113
100 117
100 118
100 121
100 123
101 102
101 104
101 107
101 109
101 110
101 112
101 113
101 115
101 117
101 122
102 104
102 110
102 113
102 116
102 118
102 120
102 123
103 105
103 110
103 117
103 119
103 121
104 106
104 107
104 115
104 118
104 119
104 120
105 107
105 114
105 116
105 119
105 121
106 113
106 119
106 121
107 109
107 113
107 114
107 117
107 121
107 123
108 109
108 111
108 113
108 114
108 122
108 123
109 114
109 119
109 124
110 117
110 121
110 122
110 123
110 124
111 114
111 117
111 118
111 121
111 122
112 113
112 121
112 124
114 119
115 117
115 118
115 120
115 123
116 117
116 119
117 118
117 121
118 123
119 120
119 121
119 123
119 124
122 123
122 124
