83 115
1 2
1 3
1 4
1 5
1 6
1 7
1 8
1 9
1 10
11 12
11 13
11 15
11 17
12 15
14 16
14 17
15 17
18 23
18 25
18 29
19 20
19 21
19 22
19 29
20 22
20 25
20 27
20 28
21 22
21 23
21 27
21 28
21 29
22 23
22 25
23 24
23 25
23 27
23 28
24 26
24 28
24 29
25 29
26 28
27 29
30 31
30 33
31 34
31 37
31 38
32 33
32 34
32 35
34 38
36 38
39 40
40 41
41 42
42 43
43 44
44 45
46 47
47 48
48 49
49 50
51 52
52 53
53 54
54 55
55 56
56 57
57 58
58 59
60 62
60 63
60 67
60 68
60 70
60 71
60 72
61 62
61 63
61 65
61 66
61 70
61 71
62 68
62 69
62 71
63 64
63 65
63 66
63 68
63 69
64 65
64 66
64 69
65 66
65 67
65 70
65 71
65 72
66 71
67 68
67 69
67 71
73 74
74 75
75 76
76 77
77 78
78 79
79 80
80 81
81 82
