88 103
1 2
2 3
3 4
4 5
5 6
6 7
7 8
9 10
9 13
9 16
10 14
10 16
10 17
10 18
10 19
11 13
11 14
11 15
11 18
12 13
13 15
13 16
14 15
14 16
15 18
16 18
16 19
17 18
20 21
21 22
22 23
23 24
24 25
25 26
26 27
27 28
28 29
29 30
30 31
31 32
32 33
34 35
34 36
34 37
34 38
39 40
40 41
41 42
43 44
44 45
45 46
46 47
47 48
48 49
49 50
51 53
54 55
54 56
54 57
54 58
54 59
54 60
61 63
61 64
61 65
61 70
61 72
62 64
62 67
62 71
62 72
63 66
63 67
63 68
63 69
63 70
63 72
64 67
64 68
64 69
64 71
65 66
65 67
66 68
66 72
67 68
67 69
69 72
70 72
73 77
73 79
74 77
75 76
75 78
75 79
76 79
76 80
77 79
81 82
82 83
83 84
84 85
81 85
