119 714
1 7
1 10
1 24
1 25
1 27
1 29
1 38
2 3
2 9
2 11
2 14
2 18
2 21
2 22
2 23
2 27
2 33
2 36
2 38
2 39
3 4
3 5
3 6
3 7
3 11
3 14
3 16
3 19
3 21
3 31
3 37
4 6
4 9
4 12
4 15
4 16
4 17
4 19
4 21
4 22
4 27
4 28
4 31
4 32
4 33
4 36
4 37
5 8
5 11
5 12
5 15
5 17
5 19
5 21
5 23
5 28
5 31
6 9
6 13
6 14
6 16
6 19
6 25
6 27
6 35
6 37
6 38
7 10
7 11
7 14
7 16
7 21
7 22
7 23
7 24
7 25
7 29
7 31
7 32
8 10
8 11
8 16
8 18
8 19
8 24
8 27
8 28
8 32
8 37
9 10
9 14
9 15
9 17
9 19
9 20
9 22
9 25
9 28
9 32
9 36
9 39
10 12
10 16
10 17
10 19
10 20
10 24
10 25
10 30
10 32
10 34
10 37
10 38
10 39
11 12
11 15
11 17
11 18
11 20
11 22
11 32
11 35
12 21
12 22
12 24
12 31
12 33
12 36
13 15
13 22
13 23
13 25
13 32
14 16
14 19
14 21
14 26
14 33
14 37
15 17
15 18
15 23
15 24
15 25
15 27
15 28
15 30
15 32
15 35
15 36
16 24
16 31
16 33
17 22
17 27
17 30
17 31
17 36
17 37
17 38
18 19
18 24
18 28
18 31
18 34
18 35
19 30
19 31
19 32
19 33
19 34
19 38
20 27
20 31
20 33
20 35
20 36
20 38
20 39
21 25
21 28
21 29
21 37
22 25
22 26
22 27
22 28
22 29
22 30
22 35
22 36
22 38
23 24
23 29
23 32
23 36
24 25
24 27
24 31
24 32
24 33
24 36
24 39
25 30
25 32
25 34
26 30
26 32
26 35
26 37
26 38
26 39
27 30
27 36
28 31
28 32
28 33
28 39
29 30
29 31
29 32
29 36
29 38
30 33
30 34
30 36
31 35
31 36
31 38
31 39
32 33
32 37
33 37
33 39
34 35
34 39
35 36
35 39
36 37
37 39
40 41
40 42
40 43
40 44
40 47
40 52
40 54
40 57
40 58
40 59
40 64
40 65
40 66
40 76
41 45
41 47
41 62
41 65
41 68
41 69
41 73
41 78
42 43
42 52
42 53
42 60
42 61
42 63
42 64
42 68
42 70
42 75
42 77
42 78
43 45
43 47
43 48
43 50
43 57
43 59
43 60
43 63
43 67
43 71
43 72
43 73
43 74
44 48
44 54
44 55
44 56
44 57
44 59
44 69
44 72
44 76
45 47
45 51
45 52
45 53
45 59
45 65
45 66
45 68
45 69
45 72
45 73
45 76
46 47
46 48
46 49
46 51
46 53
46 54
46 55
46 57
46 59
46 60
46 61
46 70
46 72
46 73
47 55
47 57
47 60
47 61
47 68
47 69
47 74
48 49
48 50
48 52
48 53
48 55
48 58
48 61
48 68
48 70
48 72
48 75
48 76
49 50
49 51
49 52
49 57
49 64
49 66
49 71
49 75
50 53
50 71
50 73
50 78
51 59
51 63
51 64
51 65
51 67
52 54
52 55
52 57
52 58
52 63
52 69
52 70
52 71
52 73
52 78
53 57
53 69
53 73
53 78
54 64
54 66
54 67
54 68
54 71
54 74
55 56
55 58
55 59
55 60
55 63
55 65
55 66
55 69
55 72
55 73
55 76
56 59
56 63
56 74
56 75
56 77
57 59
57 62
57 63
57 64
57 68
57 70
57 71
57 76
57 77
58 65
58 67
58 72
58 73
59 65
59 68
59 73
59 77
59 78
60 62
60 66
60 69
60 71
60 72
60 73
61 71
61 77
62 63
62 65
62 67
62 71
62 75
62 76
63 67
63 74
63 75
63 78
64 66
64 68
64 77
65 69
65 71
65 73
66 67
66 68
66 71
66 72
67 72
67 73
67 76
68 72
68 73
68 75
69 74
69 76
69 78
70 76
70 78
71 73
71 76
72 76
72 78
73 76
73 77
77 78
79 83
79 84
79 86
79 88
79 90
79 98
79 102
79 103
79 104
79 108
79 109
80 91
80 92
80 94
80 95
80 96
80 98
80 101
80 103
80 105
80 112
80 115
80 119
81 83
81 84
81 87
81 88
81 89
81 96
81 98
81 99
81 102
81 105
81 106
81 114
81 118
82 83
82 87
82 89
82 91
82 93
82 95
82 104
82 105
82 107
82 108
82 110
82 111
82 112
82 117
82 118
83 89
83 93
83 99
83 101
83 103
83 105
83 112
83 119
84 87
84 88
84 90
84 98
84 99
84 101
84 102
84 103
84 110
84 115
85 87
85 89
85 92
85 99
85 107
85 108
85 110
85 111
85 112
85 114
85 115
85 117
85 119
86 87
86 89
86 96
86 98
86 99
86 102
86 108
86 111
86 114
86 115
86 116
87 90
87 94
87 95
87 97
87 98
87 100
87 101
87 107
87 108
87 110
87 114
88 90
88 91
88 92
88 98
88 99
88 101
88 105
88 106
88 109
88 113
88 116
88 118
89 90
89 91
89 93
89 98
89 108
89 110
89 112
89 117
90 91
90 98
90 107
90 108
90 110
90 119
91 93
91 95
91 96
91 101
91 112
91 115
91 117
91 118
92 96
92 111
92 112
92 113
92 114
92 115
92 119
93 95
93 100
93 105
93 107
93 119
94 102
94 112
94 114
94 115
95 97
95 99
95 102
95 103
95 106
95 109
95 115
95 117
95 119
96 98
96 110
96 111
96 113
96 116
97 98
97 111
97 115
97 116
97 118
97 119
98 101
98 102
98 105
98 107
98 110
98 111
98 112
98 113
98 114
98 115
98 117
99 102
99 104
99 105
99 111
99 114
99 116
99 117
99 119
100 102
100 106
100 107
100 108
100 112
100 115
100 118
101 102
101 103
101 113
101 118
102 104
102 108
102 111
102 118
103 105
103 110
103 112
103 115
103 117
103 118
104 108
104 109
104 110
105 108
105 109
105 116
106 109
106 110
106 111
106 118
107 108
107 109
107 111
107 114
107 116
108 111
108 115
108 117
108 118
109 111
109 112
109 113
109 115
109 117
110 111
110 112
110 114
110 116
111 113
111 118
111 119
112 117
112 119
113 118
113 119
114 115
114 116
114 117
116 118
117 118
117 119
118 119
