288 372
1 2
2 3
3 4
4 5
5 6
6 7
4 6
8 9
9 10
10 11
11 12
12 13
13 14
8 12
9 14
15 16
16 17
17 18
18 19
19 20
20 21
15 19
22 23
23 24
24 25
25 26
26 27
27 28
22 25
29 30
30 31
31 32
32 33
33 34
34 35
31 34
30 32
32 34
30 35
29 35
36 37
37 38
38 39
39 40
40 41
41 42
36 41
36 42
43 44
44 45
45 46
46 47
47 48
48 49
44 49
45 47
43 48
50 51
51 52
52 53
53 54
54 55
55 56
52 54
50 52
52 56
52 55
54 56
57 58
58 59
59 60
60 61
61 62
62 63
59 62
58 62
58 63
64 65
65 66
66 67
67 68
68 69
69 70
66 69
64 69
65 70
71 72
72 73
73 74
74 75
75 76
76 77
73 76
72 77
72 75
78 79
79 80
80 81
81 82
82 83
83 84
81 84
80 83
78 80
80 82
85 86
86 87
87 88
88 89
89 90
90 91
87 91
87 90
85 91
92 93
93 94
94 95
95 96
96 97
97 98
94 97
94 96
94 98
92 94
99 100
100 101
101 102
102 103
103 104
104 105
99 103
100 103
106 107
107 108
108 109
109 110
110 111
111 112
106 108
110 112
106 111
113 114
114 115
115 116
116 117
117 118
118 119
115 117
114 117
120 121
121 122
122 123
123 124
124 125
125 126
122 125
124 126
127 128
128 129
129 130
130 131
131 132
132 133
127 132
128 132
127 130
134 135
135 136
136 137
137 138
138 139
139 140
134 140
138 140
134 137
141 142
142 143
143 144
144 145
145 146
146 147
142 146
148 149
149 150
150 151
151 152
152 153
153 154
152 154
151 154
148 150
150 154
155 156
156 157
157 158
158 159
159 160
160 161
158 161
156 160
162 163
163 164
164 165
165 166
166 167
167 168
162 167
162 165
162 164
164 168
166 168
169 170
170 171
171 172
172 173
173 174
174 175
173 175
170 175
169 171
171 174
170 172
176 177
177 178
178 179
179 180
180 181
181 182
177 179
179 181
177 180
183 184
184 185
185 186
186 187
187 188
188 189
187 189
190 191
191 192
192 193
193 194
194 195
195 196
190 196
190 193
194 196
197 198
198 199
199 200
200 201
201 202
202 203
201 203
198 200
204 205
205 206
206 207
207 208
208 209
209 210
204 209
204 210
211 212
212 213
213 214
214 215
215 216
216 217
214 217
213 217
214 216
213 215
211 216
212 217
218 219
219 220
220 221
221 222
222 223
223 224
218 222
218 223
219 223
220 224
219 222
225 226
226 227
227 228
228 229
229 230
230 231
225 229
232 233
233 234
234 235
235 236
236 237
237 238
232 236
232 235
233 238
239 240
240 241
241 242
242 243
243 244
244 245
240 244
240 243
241 243
239 242
246 247
247 248
248 249
249 250
250 251
251 252
246 251
247 252
253 254
254 255
255 256
256 257
257 258
258 259
253 257
253 258
256 259
257 259
254 257
260 261
261 262
262 263
263 264
264 265
265 266
261 266
263 266
267 268
268 269
269 270
270 271
271 272
272 273
267 269
268 272
274 275
275 276
276 277
277 278
278 279
279 280
280 281
281 282
282 283
283 284
284 285
285 286
286 287
287 288
275 283
279 284
278 284
279 286
278 285
275 287
275 282
274 280
275 280
284 286
274 285
