54 131
1 3
1 12
1 15
2 4
2 13
2 18
3 10
3 12
3 14
3 15
3 16
4 9
4 11
4 13
4 15
4 16
5 12
5 13
5 14
5 18
6 10
6 17
6 18
7 9
7 11
8 15
8 16
9 11
9 14
9 16
11 12
11 16
11 17
13 14
13 16
13 17
13 18
14 18
15 17
16 18
17 18
19 25
19 30
19 32
19 34
20 22
20 25
20 31
20 32
20 36
21 22
21 24
21 28
21 31
21 35
22 24
22 27
22 30
22 31
23 24
23 25
23 30
23 33
23 34
23 36
24 26
24 27
24 28
24 31
24 35
24 36
25 30
25 33
26 33
26 35
26 36
27 31
27 32
27 33
27 35
28 35
28 36
29 30
29 31
30 35
31 35
32 33
32 36
37 39
37 43
37 45
37 46
37 47
37 49
37 52
38 39
38 46
38 48
38 52
39 44
39 48
39 52
40 42
40 44
40 47
40 53
41 47
41 52
42 48
42 49
42 54
43 48
43 49
43 51
44 45
44 48
44 52
44 54
45 46
45 47
45 49
45 50
46 47
46 50
47 48
47 50
47 53
48 54
49 54
50 54
51 53
