100 353
1 9
1 12
1 13
1 14
1 15
1 16
1 20
1 22
1 23
2 12
2 15
2 18
3 4
3 7
3 9
3 10
3 15
3 20
3 23
3 24
4 6
4 8
4 10
4 11
4 19
4 22
4 24
4 25
5 6
5 7
5 8
5 10
5 12
5 17
5 18
5 21
5 23
6 12
6 14
6 17
6 20
6 22
6 24
7 8
7 9
7 10
7 12
7 13
7 16
7 18
7 19
7 20
7 25
8 11
8 14
8 23
8 25
9 15
9 20
9 22
10 12
10 20
10 23
10 24
11 13
11 17
11 18
12 14
12 16
12 17
12 18
12 20
12 21
13 15
13 16
13 17
13 22
14 17
14 18
14 22
14 23
15 19
15 21
15 24
16 18
16 19
17 21
17 23
17 24
18 23
18 25
20 24
22 25
26 28
26 29
26 37
26 38
26 39
26 46
26 48
27 28
27 31
27 32
27 34
27 40
27 41
27 48
27 50
28 32
28 34
28 37
28 41
28 48
28 50
29 35
29 44
29 48
29 50
30 32
30 35
30 36
30 37
30 39
30 43
30 44
30 45
30 47
31 32
31 37
31 38
31 41
31 47
31 50
32 34
32 36
32 38
32 39
32 41
32 44
32 46
32 48
33 46
33 50
34 40
34 41
35 40
35 46
36 41
36 50
37 40
37 43
38 39
38 41
38 43
38 50
39 41
39 43
39 44
39 45
39 46
40 41
40 43
40 47
40 48
40 49
41 44
41 45
41 47
42 47
42 48
42 50
43 50
44 48
44 49
44 50
46 49
47 48
48 49
48 50
51 52
51 56
51 59
51 62
51 65
51 67
51 73
52 56
52 64
52 67
52 69
52 72
52 74
52 75
53 55
53 56
53 62
53 66
53 71
54 65
54 67
54 71
55 64
55 71
55 75
56 57
56 58
56 62
56 64
56 75
57 59
57 63
57 71
57 73
57 75
58 62
58 64
58 66
58 69
58 71
59 61
59 65
59 69
59 71
59 72
60 68
60 70
60 71
60 72
61 62
61 68
61 69
61 71
61 74
62 67
62 68
62 70
62 71
63 65
63 67
63 69
63 70
64 73
65 69
65 74
67 68
67 69
67 75
68 70
68 71
68 73
68 75
69 75
70 71
70 73
71 72
71 75
73 75
76 78
76 81
76 82
76 84
76 92
77 78
77 79
77 82
77 85
77 86
77 87
77 88
77 94
77 95
77 99
78 82
78 83
78 84
78 90
78 92
78 94
78 97
78 100
79 85
79 86
79 87
79 94
79 95
79 96
79 98
79 99
80 81
80 84
80 85
80 88
80 89
80 94
80 95
80 97
81 86
81 90
81 91
81 92
81 93
81 99
81 100
82 86
82 88
82 89
82 92
82 94
82 99
82 100
83 86
83 88
83 89
83 99
84 99
85 88
85 99
86 87
86 90
86 96
86 99
86 100
87 88
87 93
87 95
87 97
87 98
87 99
88 93
88 94
88 97
88 98
88 99
89 91
89 96
89 98
90 97
90 100
91 92
91 98
91 100
92 93
92 95
92 97
92 98
92 99
93 99
93 100
94 98
94 99
95 97
96 100
97 100
