90 142
1 2
2 3
3 4
4 5
5 6
6 7
8 9
9 10
10 11
11 12
12 13
13 14
14 15
8 15
17 18
18 19
18 22
19 21
19 22
21 22
23 25
23 26
23 31
23 33
23 35
23 36
24 26
24 29
24 31
24 35
25 27
25 28
25 29
25 30
25 33
25 35
25 36
26 27
26 29
26 30
26 34
26 35
26 36
27 28
27 29
27 31
27 33
29 31
29 34
30 31
30 33
30 34
30 36
31 32
31 35
31 36
32 33
32 34
34 36
35 36
37 38
37 39
37 40
37 41
37 42
37 43
37 44
45 46
47 50
47 51
47 53
47 54
47 57
48 51
48 55
48 57
48 58
49 50
49 52
49 55
50 53
50 56
50 57
51 53
51 58
52 56
53 54
53 56
53 58
54 57
54 58
56 57
56 58
57 58
59 60
59 61
59 62
59 63
59 64
59 65
59 66
59 67
59 68
69 70
71 73
71 77
71 78
71 79
71 80
71 83
72 73
72 75
72 80
73 75
73 77
73 79
73 81
74 75
74 80
75 78
75 80
75 84
76 79
76 81
76 82
76 84
77 81
77 84
78 81
78 82
78 83
79 80
79 81
81 82
81 84
82 83
82 84
83 84
85 86
86 87
88 89
88 90
