327 449
1 2
2 3
3 4
4 5
5 6
6 7
7 8
8 9
9 10
3 8
3 10
2 9
1 3
5 7
11 12
12 13
13 14
14 15
15 16
16 17
17 18
18 19
19 20
16 18
12 18
11 19
14 19
15 19
13 17
14 16
21 22
22 23
23 24
24 25
25 26
26 27
27 28
28 29
29 30
21 27
22 25
21 25
25 27
22 27
31 32
32 33
33 34
34 35
35 36
36 37
37 38
38 39
39 40
33 40
37 40
32 40
33 38
31 36
32 37
41 42
42 43
43 44
44 45
45 46
46 47
47 48
48 49
49 50
41 44
41 43
45 49
45 47
42 45
51 52
52 53
53 54
54 55
55 56
56 57
57 58
58 59
59 60
52 56
55 60
56 59
51 53
57 60
61 62
62 63
63 64
64 65
65 66
66 67
67 68
68 69
69 70
64 66
62 70
67 70
63 67
65 69
64 69
71 72
72 73
73 74
74 75
75 76
76 77
77 78
78 79
79 80
71 77
76 80
72 74
81 82
82 83
83 84
84 85
85 86
86 87
87 88
88 89
89 90
81 86
82 84
82 87
81 88
91 92
92 93
93 94
94 95
95 96
96 97
97 98
98 99
99 100
91 96
98 100
93 97
91 94
101 102
102 103
103 104
104 105
105 106
106 107
107 108
108 109
109 110
101 109
106 108
101 105
104 110
111 112
112 113
113 114
114 115
115 116
116 117
117 118
118 119
119 120
111 116
111 117
114 117
121 122
122 123
123 124
124 125
125 126
126 127
127 128
128 129
129 130
121 129
125 128
126 129
125 129
128 130
131 132
132 133
133 134
134 135
135 136
136 137
137 138
138 139
139 140
131 139
133 137
132 138
135 138
134 138
131 135
141 142
142 143
143 144
144 145
145 146
146 147
147 148
148 149
149 150
145 149
147 150
143 148
141 144
145 147
151 152
152 153
153 154
154 155
155 156
156 157
157 158
158 159
159 160
153 158
154 158
154 156
154 157
151 160
153 155
161 162
162 163
163 164
164 165
165 166
166 167
167 168
168 169
169 170
164 170
162 167
163 165
162 170
167 170
171 172
172 173
173 174
174 175
175 176
176 177
177 178
178 179
179 180
173 178
174 178
176 178
171 175
181 182
182 183
183 184
184 185
185 186
186 187
187 188
188 189
189 190
184 188
183 189
187 189
191 192
192 193
193 194
194 195
195 196
196 197
197 198
198 199
199 200
196 199
193 200
191 195
191 194
198 200
201 202
202 203
203 204
204 205
205 206
206 207
207 208
208 209
209 210
204 209
201 207
203 205
203 209
204 206
211 212
212 213
213 214
214 215
215 216
216 217
217 218
218 219
219 220
211 218
213 220
211 214
214 218
221 222
222 223
223 224
224 225
225 226
226 227
227 228
228 229
229 230
226 229
224 229
224 226
228 230
224 228
231 232
232 233
233 234
234 235
235 236
236 237
237 238
238 239
239 240
238 240
233 235
232 236
234 237
236 239
233 239
236 240
241 242
242 243
243 244
244 245
245 246
246 247
247 248
248 249
249 250
242 249
247 249
243 249
251 252
252 253
253 254
254 255
255 256
256 257
257 258
258 259
259 260
253 255
253 258
258 260
251 254
256 258
251 259
254 256
261 262
262 263
263 264
264 265
265 266
266 267
267 268
268 269
269 270
262 267
265 267
261 263
271 272
272 273
273 274
274 275
275 276
276 277
277 278
278 279
279 280
274 280
274 279
271 278
273 278
276 280
281 282
282 283
283 284
284 285
285 286
286 287
287 288
288 289
289 290
291 292
292 293
293 294
294 295
295 296
296 297
297 298
298 299
299 300
294 297
292 296
294 299
291 295
301 302
302 303
303 304
304 305
305 306
306 307
307 308
308 309
309 310
301 303
302 307
304 306
304 309
306 308
302 310
307 309
311 312
312 313
313 314
314 315
315 316
316 317
317 318
318 319
319 320
320 321
321 322
322 323
323 324
324 325
325 326
326 327
313 321
311 327
317 326
314 316
311 319
315 318
318 323
311 326
