96 104
1 2
1 3
1 4
1 5
1 6
1 7
1 8
1 9
1 10
1 11
1 12
1 13
14 15
15 16
16 17
17 18
18 19
19 20
20 21
21 22
22 23
23 24
24 25
25 26
26 27
29 30
31 32
32 33
33 34
34 35
35 36
37 38
38 39
39 40
40 41
41 42
42 43
43 44
44 45
45 46
46 47
47 48
49 50
49 51
49 52
49 53
49 54
49 55
49 56
49 57
49 58
49 59
49 60
49 61
62 65
62 68
62 70
62 72
63 64
63 65
63 66
63 68
63 69
63 71
64 66
64 67
64 68
64 69
64 70
64 71
64 72
65 66
65 68
66 67
66 69
66 70
67 68
67 69
68 69
68 72
69 71
69 72
73 74
74 75
75 76
76 77
77 78
78 79
79 80
80 81
73 81
82 83
82 84
82 85
82 86
82 87
82 88
82 89
82 90
82 91
82 92
82 93
82 94
82 95
