183 1649
1 2
1 11
1 14
1 15
1 16
1 17
1 18
1 20
1 25
1 27
1 34
1 37
1 38
1 39
1 50
1 52
1 57
1 61
2 3
2 7
2 8
2 11
2 13
2 19
2 21
2 24
2 25
2 27
2 34
2 40
2 41
2 43
2 44
2 46
2 52
2 55
2 58
2 59
2 60
3 5
3 7
3 9
3 17
3 27
3 33
3 36
3 38
3 43
3 44
3 45
3 46
3 48
3 54
3 55
3 56
4 10
4 15
4 17
4 18
4 20
4 22
4 23
4 40
4 47
4 49
4 52
4 55
4 59
4 60
4 61
5 7
5 10
5 13
5 14
5 16
5 21
5 22
5 23
5 24
5 25
5 26
5 28
5 31
5 34
5 35
5 36
5 37
5 38
5 42
5 43
5 46
5 47
5 52
5 53
5 58
5 59
6 10
6 13
6 14
6 15
6 17
6 20
6 21
6 25
6 29
6 31
6 34
6 36
6 37
6 38
6 41
6 46
6 49
6 54
6 58
6 60
6 61
7 11
7 12
7 14
7 17
7 23
7 24
7 31
7 38
7 40
7 41
7 45
7 49
7 53
7 54
7 55
7 58
7 59
8 10
8 16
8 17
8 27
8 28
8 29
8 31
8 37
8 43
8 44
8 46
8 47
8 50
8 55
9 12
9 13
9 15
9 22
9 23
9 29
9 33
9 36
9 44
9 46
9 48
9 52
9 54
9 57
9 59
9 61
10 15
10 16
10 17
10 21
10 22
10 25
10 28
10 36
10 38
10 40
10 42
10 53
10 60
11 15
11 16
11 17
11 22
11 23
11 26
11 28
11 30
11 38
11 42
11 43
11 44
11 49
11 54
12 21
12 33
12 34
12 38
12 40
12 42
12 47
12 51
12 52
12 59
12 61
13 16
13 17
13 20
13 22
13 24
13 25
13 29
13 33
13 40
13 45
13 52
13 56
13 59
13 61
14 16
14 18
14 23
14 24
14 29
14 31
14 39
14 41
14 46
14 50
14 56
14 58
14 59
15 17
15 18
15 20
15 21
15 27
15 29
15 33
15 35
15 36
15 37
15 58
16 18
16 20
16 21
16 22
16 23
16 28
16 32
16 36
16 37
16 42
16 45
16 48
16 51
17 30
17 33
17 37
17 38
17 41
17 47
17 53
17 60
18 19
18 23
18 28
18 34
18 35
18 37
18 40
18 41
18 43
18 44
18 45
18 47
18 49
18 52
18 54
18 55
18 60
18 61
19 23
19 25
19 27
19 28
19 29
19 31
19 37
19 41
19 42
19 49
19 58
19 59
20 22
20 25
20 27
20 33
20 35
20 39
20 43
20 54
21 25
21 28
21 33
21 34
21 35
21 40
21 44
21 52
21 53
21 59
22 23
22 28
22 31
22 34
22 37
22 38
22 47
22 48
22 50
22 56
22 57
22 59
23 26
23 27
23 31
23 34
23 36
23 39
23 42
23 43
23 47
23 56
23 57
23 58
23 60
24 26
24 28
24 30
24 33
24 35
24 50
24 51
24 54
24 55
24 58
24 59
25 29
25 30
25 34
25 37
25 38
25 41
25 42
25 44
25 45
25 46
25 48
25 51
25 56
25 57
25 60
26 35
26 37
26 40
26 42
26 44
26 45
26 48
26 49
26 53
26 56
26 61
27 28
27 33
27 37
27 42
27 44
27 45
27 48
27 58
28 29
28 34
28 37
28 42
28 44
28 48
28 49
28 53
28 55
29 33
29 36
29 38
29 39
29 40
29 43
29 47
29 51
29 54
29 56
29 60
30 42
30 44
30 57
31 36
31 41
31 44
31 49
31 50
31 52
31 55
32 36
32 38
32 39
32 42
32 43
32 44
32 46
32 47
32 51
32 52
32 53
32 54
32 59
33 35
33 40
33 43
33 44
33 47
33 48
33 52
33 55
33 56
33 60
34 39
34 41
34 42
34 45
34 50
34 51
34 54
34 55
34 59
35 37
35 40
35 46
35 49
35 52
35 54
36 38
36 41
36 43
36 44
36 46
36 47
36 48
36 49
36 51
36 57
37 41
37 46
37 50
37 56
38 39
38 40
38 46
38 52
38 60
39 41
39 44
39 45
39 51
39 52
39 53
39 55
39 57
39 60
39 61
40 47
40 48
40 53
40 54
40 57
40 59
40 60
41 47
41 51
41 59
41 61
42 44
42 46
42 47
42 53
42 55
42 58
42 59
43 44
43 45
43 48
43 60
44 46
44 50
44 60
45 46
45 48
45 49
45 52
45 53
45 54
45 56
45 58
45 60
46 52
46 57
46 59
47 53
47 58
47 60
48 58
48 59
49 55
49 59
50 51
50 53
51 55
52 53
52 56
52 59
52 60
52 61
53 55
53 56
53 58
54 55
54 57
54 59
54 60
55 57
55 58
56 57
56 59
57 60
58 59
58 61
60 61
62 66
62 68
62 70
62 72
62 78
62 79
62 82
62 84
62 87
62 92
62 93
62 94
62 95
62 99
62 100
62 102
62 106
62 107
62 113
62 114
62 117
62 122
63 66
63 73
63 80
63 105
63 106
63 112
63 117
63 118
63 121
63 122
64 79
64 82
64 84
64 89
64 90
64 93
64 94
64 97
64 101
64 103
64 105
64 107
64 111
64 112
64 114
64 116
64 120
65 66
65 69
65 70
65 79
65 81
65 83
65 91
65 93
65 96
65 98
65 99
65 104
65 106
65 108
65 110
65 117
65 118
65 122
66 69
66 73
66 74
66 81
66 89
66 90
66 91
66 93
66 95
66 98
66 105
66 108
66 110
66 118
66 119
66 120
67 72
67 73
67 74
67 76
67 78
67 83
67 84
67 91
67 93
67 95
67 96
67 98
67 99
67 102
67 109
67 115
67 116
67 119
67 120
67 121
68 73
68 75
68 86
68 91
68 95
68 96
68 97
68 99
68 102
68 109
68 110
68 111
69 71
69 74
69 75
69 80
69 82
69 90
69 93
69 97
69 103
69 104
69 111
69 113
69 116
69 120
69 122
70 72
70 73
70 75
70 77
70 82
70 86
70 88
70 90
70 92
70 95
70 96
70 97
70 98
70 100
70 103
70 104
70 114
70 115
70 117
70 122
71 76
71 79
71 89
71 90
71 94
71 99
71 103
71 104
71 105
71 111
72 74
72 79
72 80
72 82
72 92
72 96
72 97
72 98
72 100
72 111
72 115
72 117
73 74
73 75
73 78
73 83
73 87
73 95
73 100
73 101
73 110
73 112
73 115
74 85
74 88
74 90
74 91
74 98
74 101
74 107
74 108
74 110
74 111
74 115
74 120
75 78
75 79
75 80
75 81
75 84
75 85
75 86
75 89
75 93
75 105
75 107
75 108
75 111
75 112
75 118
75 119
75 120
76 86
76 89
76 90
76 91
76 97
76 98
76 99
76 100
76 102
76 105
76 107
76 111
76 113
76 114
76 119
77 78
77 79
77 80
77 83
77 90
77 91
77 93
77 97
77 98
77 103
77 105
77 106
77 107
77 109
77 112
77 113
77 116
77 122
78 80
78 83
78 87
78 88
78 92
78 93
78 94
78 97
78 108
78 109
78 110
78 112
78 117
78 118
79 83
79 85
79 89
79 91
79 101
79 112
79 116
79 120
80 82
80 83
80 84
80 85
80 90
80 92
80 93
80 94
80 96
80 100
80 101
80 103
80 107
80 112
80 118
80 120
80 121
81 89
81 91
81 94
81 97
81 98
81 101
81 102
81 103
81 104
81 105
81 106
81 107
81 108
81 112
81 114
82 85
82 88
82 94
82 95
82 101
82 104
82 108
82 113
82 122
83 87
83 90
83 95
83 96
83 101
83 103
83 104
83 105
83 108
83 110
83 112
83 113
83 117
83 119
84 88
84 89
84 90
84 91
84 98
84 101
84 103
84 106
84 110
84 114
84 117
84 118
85 87
85 88
85 99
85 100
85 101
85 106
85 116
85 119
86 91
86 94
86 101
86 107
86 108
86 117
86 121
87 89
87 95
87 97
87 98
87 101
87 102
87 104
87 106
87 109
87 111
87 117
87 118
87 121
88 92
88 99
88 101
88 104
88 105
88 112
88 115
88 118
89 92
89 93
89 94
89 100
89 101
89 105
89 108
89 116
89 119
89 121
90 91
90 92
90 96
90 99
90 109
90 113
90 120
90 121
90 122
91 93
91 94
91 96
91 99
91 100
91 101
91 102
91 107
91 108
91 110
91 111
91 113
91 114
91 115
91 117
91 118
92 93
92 95
92 97
92 99
92 105
92 106
92 107
92 109
92 110
92 111
92 114
92 118
92 119
92 122
93 101
93 103
93 106
93 107
93 108
93 109
93 111
93 112
93 122
94 95
94 97
94 99
94 102
94 103
94 109
94 114
94 118
95 97
95 99
95 101
95 104
95 108
95 121
96 100
96 104
96 111
96 121
96 122
97 99
97 100
97 101
97 103
97 107
97 110
97 114
97 116
97 119
97 121
98 99
98 102
98 111
98 120
98 121
99 101
99 102
99 104
99 107
99 110
99 113
99 114
99 115
99 119
100 105
100 107
100 109
100 110
101 102
101 106
101 108
101 113
101 115
101 120
101 122
102 103
102 108
102 109
102 116
102 120
103 104
103 108
103 110
104 111
104 112
104 121
105 109
105 110
105 119
105 121
105 122
106 107
106 108
106 112
106 118
106 119
107 110
107 111
107 118
107 120
108 109
108 110
108 112
109 110
109 112
109 119
109 121
110 112
110 119
111 113
111 114
111 115
111 120
111 121
112 113
112 115
112 117
112 120
112 122
113 117
113 118
113 119
114 117
114 118
114 121
114 122
115 117
117 119
118 122
119 121
119 122
123 124
123 129
123 130
123 131
123 133
123 136
123 137
123 142
123 156
123 161
123 165
123 169
123 171
123 175
123 180
124 125
124 126
124 130
124 131
124 132
124 135
124 136
124 141
124 142
124 143
124 147
124 148
124 150
124 154
124 159
124 166
124 174
124 176
124 177
124 180
124 181
124 183
125 126
125 127
125 130
125 136
125 137
125 138
125 155
125 156
125 157
125 160
125 161
125 164
125 165
125 168
125 174
125 179
125 181
126 128
126 129
126 131
126 134
126 138
126 139
126 142
126 151
126 152
126 158
126 159
126 160
126 164
126 169
126 181
126 183
127 129
127 133
127 134
127 137
127 138
127 142
127 145
127 147
127 149
127 150
127 155
127 157
127 158
127 159
127 161
127 165
127 166
127 167
127 171
127 175
127 177
127 178
127 181
128 133
128 135
128 140
128 149
128 151
128 152
128 153
128 157
128 158
128 161
128 162
128 163
128 165
128 171
128 175
128 177
128 179
128 181
129 131
129 132
129 136
129 137
129 138
129 146
129 148
129 151
129 156
129 158
129 165
129 172
129 176
129 179
130 140
130 144
130 147
130 149
130 152
130 155
130 156
130 157
130 160
130 162
130 169
130 172
130 173
130 175
130 179
130 180
130 182
131 133
131 137
131 139
131 142
131 147
131 152
131 154
131 156
131 161
131 163
131 176
131 183
132 143
132 150
132 157
132 161
132 162
132 164
132 168
132 174
132 176
132 181
133 134
133 135
133 138
133 142
133 144
133 145
133 147
133 148
133 149
133 150
133 151
133 154
133 156
133 160
133 161
133 163
133 168
133 169
133 171
133 172
133 173
133 174
133 178
133 181
133 183
134 137
134 138
134 141
134 143
134 144
134 145
134 151
134 152
134 156
134 162
134 163
134 166
134 169
134 177
134 178
134 181
135 137
135 139
135 140
135 145
135 147
135 148
135 150
135 152
135 153
135 156
135 161
135 165
135 170
135 171
135 173
135 175
135 177
135 178
135 180
135 181
135 182
136 137
136 138
136 140
136 142
136 153
136 155
136 156
136 161
136 177
136 183
137 148
137 154
137 156
137 159
137 163
137 168
137 171
137 175
137 181
138 144
138 148
138 152
138 154
138 155
138 157
138 158
138 161
138 168
138 169
138 174
138 176
138 181
139 140
139 145
139 147
139 148
139 149
139 156
139 159
139 161
139 164
139 165
139 166
139 167
139 170
139 179
139 183
140 142
140 143
140 144
140 145
140 146
140 148
140 152
140 153
140 157
140 158
140 163
140 167
140 168
140 169
140 171
140 175
140 176
140 177
140 178
140 179
141 143
141 147
141 148
141 149
141 150
141 151
141 152
141 153
141 157
141 158
141 162
141 163
141 167
141 169
141 171
141 172
141 174
141 175
141 176
142 147
142 150
142 165
142 166
142 167
142 179
142 181
143 144
143 146
143 148
143 149
143 151
143 152
143 157
143 158
143 159
143 160
143 163
143 169
143 174
143 175
143 178
144 145
144 151
144 152
144 155
144 163
144 174
144 175
145 146
145 148
145 154
145 158
145 159
145 163
145 164
145 168
145 179
145 183
146 149
146 150
146 151
146 153
146 158
146 162
146 163
146 168
146 170
146 171
146 178
146 179
146 180
146 182
146 183
147 150
147 153
147 156
147 159
147 162
147 166
147 168
147 171
147 172
147 173
147 174
147 176
147 178
147 179
147 181
148 151
148 158
148 163
148 164
148 166
148 168
148 180
148 183
149 150
149 152
149 153
149 154
149 155
149 158
149 160
149 167
149 179
149 182
150 152
150 157
150 165
150 169
150 173
150 177
150 179
150 181
150 182
151 156
151 157
151 159
151 162
151 165
151 166
151 170
151 179
151 180
151 182
152 158
152 159
152 163
152 168
152 169
152 171
152 172
152 173
152 179
153 161
153 162
153 164
153 172
153 179
153 182
153 183
154 156
154 157
154 159
154 160
154 163
154 164
154 165
154 174
154 180
155 157
155 160
155 163
155 166
155 172
155 175
155 176
155 177
155 179
155 181
156 158
156 164
156 173
156 176
156 178
157 158
157 160
157 162
157 164
157 169
157 170
157 176
157 181
157 182
158 159
158 173
158 180
158 182
158 183
159 165
159 166
159 176
159 181
160 161
160 164
160 165
160 172
160 175
160 176
160 177
160 182
161 163
161 165
161 166
161 171
161 172
161 174
161 179
162 166
162 174
162 176
162 177
162 178
162 182
163 165
163 166
163 167
163 169
163 170
163 173
163 181
163 182
163 183
164 169
164 171
164 174
164 175
164 176
164 178
164 179
165 166
165 168
165 172
165 179
165 180
166 168
166 169
166 171
166 172
166 174
166 175
166 176
166 178
166 180
167 169
167 174
167 175
167 176
167 182
168 170
168 171
168 173
168 175
168 178
168 182
168 183
169 172
169 173
169 178
170 171
170 175
170 181
170 182
171 173
171 175
171 177
171 178
171 179
172 177
172 183
173 182
173 183
174 175
174 176
174 177
176 178
176 183
177 178
177 180
177 181
177 183
178 183
179 180
179 183
180 181
