71 343
1 4
1 5
1 10
1 11
1 12
1 15
1 16
1 17
1 24
1 25
1 27
1 31
2 7
2 9
2 13
2 14
2 15
2 17
2 27
2 29
2 33
3 6
3 9
3 11
3 15
3 19
3 24
3 25
3 26
3 27
4 6
4 11
4 15
4 16
4 19
4 20
4 21
4 22
4 34
5 6
5 7
5 9
5 11
5 13
5 15
5 17
5 22
5 26
5 28
5 32
5 33
6 10
6 11
6 12
6 15
6 17
6 29
7 11
7 21
7 22
7 32
7 35
8 10
8 12
8 17
8 30
8 31
8 35
9 18
9 19
9 21
9 26
9 29
10 11
10 13
10 14
10 15
10 24
10 32
11 25
11 26
11 27
11 30
11 31
12 15
12 16
12 21
12 27
12 31
12 32
12 33
13 18
13 26
13 32
13 33
13 34
14 19
14 20
14 29
14 32
15 22
15 24
15 26
15 27
15 30
15 32
15 34
16 21
16 23
16 29
16 31
16 34
17 20
17 25
17 29
17 32
17 34
18 24
18 26
18 33
19 22
19 24
19 25
19 31
20 23
20 25
20 31
20 32
20 35
21 24
21 25
21 27
21 30
21 31
21 32
21 33
22 23
22 25
22 26
22 27
22 35
23 28
23 32
24 28
24 31
24 35
25 31
25 32
25 35
26 27
26 28
26 35
27 28
27 29
27 33
28 29
28 32
28 35
29 35
30 33
30 34
31 32
31 33
31 34
33 34
36 38
36 39
36 40
36 42
36 43
36 47
36 48
36 57
36 63
36 64
36 65
36 66
37 38
37 41
37 44
37 45
37 50
37 54
37 57
37 59
37 65
37 70
38 42
38 44
38 47
38 50
38 52
38 53
38 54
38 55
38 58
38 60
38 65
38 67
38 71
39 44
39 45
39 48
39 54
39 62
39 66
39 67
39 69
40 48
40 49
40 54
40 58
40 62
41 48
41 50
41 53
41 54
41 55
41 57
41 68
41 70
42 47
42 54
42 57
42 58
42 60
42 62
42 68
42 69
43 45
43 48
43 53
43 54
43 55
43 56
43 61
43 63
43 64
43 66
44 52
44 57
44 60
44 65
44 66
44 67
44 69
45 48
45 51
45 59
45 61
45 63
45 65
45 66
45 70
46 51
46 63
46 65
46 70
46 71
47 50
47 55
47 61
47 63
47 70
48 51
48 54
48 55
48 57
48 62
48 64
48 66
48 67
48 68
48 70
49 51
49 52
49 53
49 57
49 61
49 63
49 64
49 67
50 51
50 52
50 55
50 57
50 61
50 64
50 70
51 52
51 59
51 62
51 64
51 66
51 67
51 68
52 56
52 57
52 59
52 63
52 66
52 69
52 70
53 54
53 55
53 59
53 60
53 64
53 68
55 64
56 59
56 60
56 64
56 65
56 69
57 60
57 66
58 59
58 67
58 71
59 60
59 63
59 64
59 67
59 71
60 62
60 69
60 70
61 62
61 65
61 69
61 70
62 66
62 69
62 70
63 65
63 67
63 68
64 65
64 67
65 68
65 70
68 71
