160 1864
1 3
1 4
1 7
1 8
1 12
1 16
1 24
1 30
1 33
1 34
1 35
1 36
1 40
1 41
1 50
1 52
1 54
1 58
1 63
1 64
1 68
1 69
1 71
1 73
1 78
2 3
2 6
2 7
2 11
2 20
2 24
2 28
2 30
2 34
2 44
2 48
2 56
2 63
2 64
2 66
2 72
2 78
3 4
3 7
3 8
3 15
3 18
3 19
3 28
3 30
3 31
3 34
3 35
3 37
3 39
3 41
3 42
3 43
3 44
3 47
3 48
3 52
3 53
3 59
3 61
3 63
3 64
3 67
3 69
3 70
3 73
3 78
4 5
4 11
4 17
4 21
4 22
4 33
4 41
4 44
4 51
4 55
4 57
4 64
4 66
4 67
4 71
4 72
4 73
4 75
4 76
5 6
5 8
5 9
5 14
5 15
5 29
5 32
5 33
5 34
5 35
5 36
5 40
5 42
5 49
5 53
5 54
5 58
5 64
5 76
5 80
6 10
6 11
6 23
6 25
6 28
6 33
6 35
6 37
6 47
6 52
6 65
6 68
6 69
6 80
7 10
7 20
7 22
7 27
7 28
7 29
7 30
7 34
7 42
7 43
7 48
7 50
7 52
7 53
7 55
7 57
7 58
7 61
7 65
7 66
7 72
7 78
8 16
8 19
8 21
8 23
8 24
8 29
8 38
8 39
8 44
8 58
8 59
8 61
8 62
8 65
8 68
8 73
8 76
8 79
9 11
9 16
9 20
9 21
9 24
9 37
9 38
9 39
9 42
9 45
9 46
9 57
9 61
9 64
9 66
9 70
9 72
9 76
9 78
9 79
10 19
10 23
10 26
10 29
10 30
10 41
10 46
10 49
10 53
10 61
10 65
10 66
10 67
10 70
10 76
11 15
11 17
11 18
11 20
11 22
11 24
11 26
11 30
11 31
11 33
11 36
11 37
11 40
11 44
11 49
11 53
11 56
11 57
11 61
11 63
11 65
11 67
11 73
12 18
12 21
12 22
12 29
12 30
12 32
12 33
12 35
12 46
12 47
12 50
12 54
12 56
12 58
12 62
12 64
12 65
12 67
12 68
12 71
12 72
12 73
12 75
12 77
13 16
13 19
13 20
13 22
13 24
13 28
13 30
13 33
13 34
13 35
13 36
13 39
13 42
13 43
13 46
13 51
13 57
13 69
13 75
13 77
13 78
13 79
14 15
14 21
14 23
14 24
14 26
14 28
14 29
14 35
14 36
14 37
14 41
14 42
14 47
14 52
14 54
14 55
14 65
14 66
14 67
14 70
14 73
14 79
15 17
15 20
15 26
15 27
15 30
15 31
15 32
15 33
15 34
15 36
15 42
15 43
15 46
15 47
15 49
15 51
15 52
15 53
15 60
15 65
15 73
15 78
16 19
16 20
16 21
16 26
16 29
16 36
16 38
16 44
16 48
16 50
16 54
16 55
16 57
16 60
16 62
16 64
16 68
16 72
16 80
17 19
17 21
17 28
17 30
17 32
17 33
17 35
17 44
17 45
17 47
17 56
17 58
17 60
17 64
17 65
17 68
17 76
17 80
18 19
18 20
18 24
18 27
18 28
18 30
18 32
18 35
18 37
18 43
18 55
18 57
18 60
18 62
18 64
18 65
18 69
18 75
18 78
19 20
19 21
19 22
19 23
19 24
19 29
19 34
19 36
19 37
19 44
19 49
19 52
19 53
19 55
19 57
19 65
19 66
19 69
19 72
19 74
19 76
19 78
20 32
20 36
20 38
20 40
20 42
20 43
20 48
20 52
20 56
20 58
20 60
20 65
20 67
20 68
20 70
21 27
21 31
21 32
21 34
21 35
21 36
21 42
21 44
21 45
21 50
21 51
21 52
21 53
21 59
21 60
21 67
21 69
21 70
21 71
21 72
21 73
21 80
22 25
22 26
22 37
22 41
22 47
22 48
22 50
22 54
22 55
22 58
22 61
22 64
22 65
22 68
22 69
22 72
22 74
22 78
22 80
23 25
23 28
23 29
23 34
23 39
23 40
23 45
23 46
23 53
23 56
23 58
23 59
23 60
23 65
23 67
23 74
23 75
24 30
24 33
24 34
24 39
24 45
24 49
24 54
24 62
24 63
24 65
24 66
24 67
24 69
24 72
24 73
24 74
24 77
25 28
25 31
25 33
25 34
25 36
25 40
25 42
25 43
25 44
25 45
25 46
25 50
25 52
25 53
25 57
25 63
25 66
25 68
25 69
25 70
25 77
25 79
26 28
26 30
26 31
26 32
26 35
26 37
26 39
26 43
26 46
26 50
26 55
26 60
26 62
26 63
26 68
26 70
26 71
26 72
26 77
26 79
27 33
27 35
27 44
27 49
27 51
27 55
27 61
27 62
27 68
27 69
27 73
27 74
27 75
27 80
28 32
28 33
28 41
28 43
28 45
28 47
28 50
28 53
28 68
28 70
28 72
28 73
29 40
29 43
29 44
29 48
29 51
29 52
29 55
29 58
29 59
29 62
29 67
29 71
29 72
29 74
29 75
29 79
30 31
30 35
30 46
30 51
30 58
30 64
30 66
30 78
30 79
31 32
31 33
31 34
31 37
31 40
31 41
31 46
31 47
31 49
31 51
31 52
31 59
31 62
31 63
31 76
31 79
31 80
32 41
32 42
32 47
32 49
32 50
32 52
32 59
32 60
32 62
32 64
32 67
32 71
32 72
32 73
32 74
32 75
32 76
32 77
32 78
32 79
32 80
33 35
33 37
33 41
33 42
33 48
33 49
33 51
33 53
33 60
33 62
33 63
33 66
33 67
33 69
33 71
33 72
33 78
34 35
34 36
34 47
34 52
34 58
34 59
34 64
34 65
34 71
34 72
34 73
34 76
34 77
34 79
35 36
35 38
35 39
35 44
35 45
35 48
35 51
35 52
35 53
35 58
35 62
35 70
35 74
35 77
35 78
35 79
36 38
36 40
36 41
36 42
36 43
36 45
36 46
36 48
36 50
36 54
36 55
36 56
36 65
36 66
36 70
36 75
36 78
36 80
37 42
37 43
37 50
37 55
37 56
37 57
37 59
37 61
37 64
37 72
38 45
38 52
38 57
38 59
38 60
38 61
38 64
38 69
38 71
38 78
38 80
39 44
39 50
39 52
39 54
39 55
39 63
39 65
39 72
39 74
39 75
39 76
39 78
40 42
40 44
40 52
40 53
40 54
40 55
40 57
40 58
40 60
40 65
40 69
40 73
40 75
40 78
40 79
41 42
41 43
41 45
41 49
41 50
41 53
41 54
41 56
41 60
41 65
41 70
41 75
42 44
42 46
42 54
42 57
42 58
42 59
42 60
42 62
42 64
42 67
42 73
42 75
43 44
43 49
43 55
43 58
43 67
43 73
43 79
43 80
44 45
44 46
44 59
44 63
44 68
44 69
44 75
45 58
45 59
45 60
45 61
45 62
45 64
45 65
45 67
45 69
45 75
45 79
46 47
46 54
46 55
46 59
46 61
46 65
46 66
46 76
47 48
47 49
47 50
47 51
47 65
47 66
47 68
47 70
47 76
48 50
48 51
48 52
48 53
48 61
48 63
48 65
48 69
48 73
49 63
49 68
49 79
50 51
50 53
50 54
50 60
50 62
50 68
50 69
50 70
50 72
50 77
50 80
51 53
51 55
51 60
51 64
51 65
51 68
51 73
51 76
52 57
52 58
52 60
52 65
52 69
52 71
53 54
53 57
53 60
53 63
53 66
53 70
53 77
53 79
53 80
54 57
54 59
54 60
54 65
54 66
54 68
54 70
54 75
54 76
54 79
55 56
55 58
55 61
55 62
55 66
55 72
55 75
55 76
55 77
56 59
56 61
56 62
56 63
56 66
56 72
56 74
56 78
57 58
57 59
57 62
57 63
57 65
57 67
57 71
57 76
57 77
57 80
58 64
58 68
58 69
58 70
58 73
59 63
59 67
59 71
59 73
59 74
59 75
60 63
60 65
60 67
60 69
60 70
60 75
60 76
60 79
61 62
61 69
61 71
61 74
61 75
61 76
61 78
62 65
62 66
62 73
62 76
62 77
62 78
62 79
63 65
63 67
63 71
63 77
63 78
64 65
64 74
64 75
64 80
65 68
65 74
65 78
65 80
66 69
66 71
66 72
66 76
66 77
67 75
67 76
68 69
68 70
68 71
68 80
69 71
69 73
69 75
69 76
69 77
70 73
70 76
70 77
70 78
70 80
71 74
71 75
72 74
72 79
73 76
73 77
73 78
74 79
75 80
76 78
81 83
81 85
81 92
81 93
81 102
81 105
81 112
81 121
81 134
81 135
81 138
81 143
81 147
81 148
81 151
81 152
81 157
81 160
82 86
82 91
82 96
82 101
82 110
82 122
82 124
82 127
82 132
82 133
82 139
82 141
82 146
82 147
82 149
82 150
83 87
83 90
83 92
83 95
83 96
83 101
83 102
83 103
83 105
83 106
83 107
83 111
83 114
83 115
83 118
83 119
83 121
83 127
83 130
83 131
83 133
83 134
83 136
83 138
83 139
83 153
83 156
83 159
84 87
84 92
84 114
84 115
84 117
84 120
84 123
84 124
84 126
84 127
84 130
84 131
84 132
84 137
84 141
84 146
84 147
84 148
84 149
84 159
85 93
85 95
85 98
85 104
85 105
85 110
85 111
85 117
85 119
85 121
85 123
85 125
85 131
85 132
85 133
85 137
85 140
85 141
85 142
85 146
85 147
86 91
86 93
86 94
86 95
86 96
86 100
86 106
86 109
86 115
86 123
86 127
86 129
86 132
86 134
86 138
86 139
86 140
86 147
86 151
86 158
86 159
86 160
87 89
87 90
87 95
87 101
87 103
87 104
87 110
87 113
87 121
87 124
87 125
87 139
87 140
87 141
87 143
87 144
87 147
87 150
87 152
87 153
87 157
88 89
88 90
88 91
88 92
88 98
88 104
88 105
88 107
88 119
88 121
88 122
88 125
88 128
88 131
88 133
88 134
88 135
88 141
88 148
88 151
88 152
88 156
88 157
89 98
89 99
89 100
89 103
89 104
89 109
89 112
89 113
89 115
89 122
89 138
89 141
89 143
89 146
89 147
89 149
89 155
89 157
90 91
90 97
90 101
90 119
90 120
90 128
90 132
90 133
90 135
90 137
90 141
90 143
90 145
90 151
90 160
91 92
91 95
91 98
91 100
91 103
91 104
91 107
91 115
91 124
91 125
91 127
91 129
91 131
91 135
91 138
91 141
91 142
91 144
91 148
91 150
92 95
92 96
92 108
92 110
92 111
92 120
92 130
92 131
92 133
92 140
92 143
92 144
92 150
92 151
92 153
92 154
92 155
92 157
92 158
92 160
93 100
93 106
93 109
93 110
93 111
93 113
93 114
93 118
93 123
93 125
93 133
93 138
93 146
93 147
93 153
93 157
94 101
94 104
94 106
94 108
94 109
94 115
94 120
94 122
94 125
94 127
94 129
94 130
94 132
94 135
94 144
94 146
94 154
94 160
95 99
95 100
95 101
95 108
95 111
95 115
95 116
95 123
95 127
95 128
95 132
95 137
95 140
95 142
95 143
95 144
95 146
95 149
95 151
95 152
95 153
95 154
95 155
95 156
95 160
96 97
96 98
96 102
96 104
96 106
96 107
96 108
96 111
96 113
96 115
96 122
96 125
96 128
96 132
96 137
96 139
96 144
96 145
96 151
96 159
97 98
97 100
97 106
97 107
97 109
97 111
97 115
97 122
97 128
97 130
97 131
97 133
97 135
97 142
97 147
97 148
97 151
97 153
97 154
97 157
98 100
98 101
98 102
98 103
98 104
98 105
98 107
98 109
98 111
98 112
98 113
98 115
98 122
98 126
98 131
98 132
98 133
98 134
98 136
98 140
98 141
98 142
98 148
98 151
98 153
98 154
98 156
99 100
99 101
99 106
99 108
99 111
99 113
99 119
99 120
99 123
99 125
99 126
99 130
99 131
99 132
99 133
99 135
99 137
99 142
99 146
99 147
99 149
99 151
99 154
100 101
100 104
100 106
100 111
100 120
100 124
100 133
100 135
100 142
100 143
100 144
100 153
100 157
101 104
101 106
101 111
101 115
101 118
101 121
101 123
101 124
101 134
101 135
101 145
101 152
101 156
101 157
101 158
102 107
102 111
102 115
102 119
102 120
102 129
102 136
102 141
102 145
102 146
102 150
102 157
103 107
103 111
103 115
103 121
103 124
103 128
103 131
103 132
103 144
103 146
103 148
103 152
104 107
104 108
104 111
104 113
104 114
104 118
104 120
104 122
104 126
104 129
104 130
104 133
104 145
104 146
104 148
104 149
104 158
104 160
105 108
105 111
105 114
105 116
105 118
105 120
105 125
105 126
105 127
105 128
105 131
105 132
105 138
105 140
105 142
105 148
105 149
105 152
105 153
105 155
105 158
106 120
106 122
106 125
106 128
106 130
106 132
106 133
106 137
106 140
106 141
106 147
106 154
106 155
106 157
106 159
106 160
107 110
107 114
107 119
107 123
107 125
107 127
107 129
107 132
107 135
107 141
107 147
107 148
107 153
107 154
108 111
108 113
108 116
108 123
108 125
108 128
108 132
108 135
108 136
108 137
108 144
108 145
108 148
108 150
108 151
108 153
108 154
109 112
109 120
109 121
109 126
109 137
109 143
109 144
109 147
109 149
109 150
109 157
109 158
109 160
110 113
110 117
110 122
110 124
110 125
110 126
110 130
110 132
110 133
110 139
110 142
110 145
110 147
110 150
110 152
110 154
111 121
111 124
111 130
111 135
111 136
111 154
111 159
112 113
112 116
112 117
112 118
112 119
112 122
112 124
112 125
112 127
112 129
112 130
112 131
112 140
112 143
112 144
112 145
112 148
112 153
113 117
113 122
113 123
113 127
113 128
113 129
113 144
113 146
113 147
113 148
113 149
113 160
114 117
114 120
114 124
114 128
114 131
114 132
114 133
114 136
114 140
114 145
114 149
114 154
114 156
114 158
115 116
115 121
115 123
115 126
115 127
115 135
115 136
115 138
115 144
115 147
115 149
115 154
116 117
116 124
116 132
116 133
116 137
116 138
116 139
116 145
116 147
116 153
116 155
117 120
117 122
117 124
117 128
117 129
117 130
117 138
117 139
117 144
117 145
117 147
117 149
117 151
117 152
117 153
117 159
118 120
118 121
118 122
118 123
118 125
118 128
118 132
118 137
118 138
118 142
118 145
118 149
118 159
119 121
119 126
119 127
119 131
119 135
119 136
119 139
119 140
119 148
119 156
119 158
119 159
120 123
120 125
120 126
120 128
120 130
120 135
120 139
120 140
120 147
120 151
120 157
120 160
121 123
121 124
121 129
121 132
121 140
121 145
121 146
121 150
121 152
121 158
121 160
122 125
122 127
122 128
122 129
122 130
122 134
122 137
122 140
122 141
122 142
122 145
122 146
122 147
122 149
122 154
122 157
122 159
123 128
123 132
123 139
123 151
123 154
124 125
124 127
124 128
124 130
124 133
124 137
124 138
124 142
124 145
124 146
124 147
124 155
124 156
124 159
124 160
125 127
125 129
125 143
125 144
125 147
125 153
125 159
126 129
126 138
126 139
126 146
126 148
126 149
127 130
127 133
127 135
127 137
127 139
127 141
127 142
127 144
127 145
127 148
127 153
128 132
128 133
128 140
128 142
128 147
128 152
128 157
129 131
129 134
129 139
129 140
129 150
129 154
129 156
130 133
130 141
130 144
130 146
130 151
130 153
130 156
130 159
130 160
131 134
131 138
131 143
131 146
131 149
131 151
131 152
131 154
131 156
131 157
131 160
132 137
132 141
132 146
132 149
132 151
132 152
132 155
132 156
133 137
133 147
133 148
133 153
133 154
133 156
133 157
133 158
133 159
134 135
134 139
134 144
134 146
134 150
134 151
134 154
134 155
134 156
134 157
135 136
135 144
135 145
135 148
135 149
135 152
135 155
135 157
135 159
135 160
136 137
136 139
136 141
136 142
136 145
136 148
136 149
137 138
137 145
137 156
137 157
138 141
138 144
138 145
138 150
138 151
138 154
138 160
139 144
139 148
139 152
139 153
139 155
139 158
140 141
140 146
140 149
140 150
140 154
141 145
141 150
141 157
141 158
142 145
142 147
142 150
142 152
142 154
142 158
142 159
143 158
143 159
144 153
144 154
144 155
145 146
145 148
145 153
145 154
145 156
145 157
145 158
146 152
146 153
146 157
147 149
147 151
147 155
147 160
148 151
148 152
148 157
149 151
149 154
149 157
149 158
150 151
150 153
150 160
151 153
151 154
152 153
152 154
152 156
153 158
154 156
154 157
155 156
155 159
157 158
157 160
158 159
158 160
159 160
