100 111
1 2
1 3
1 4
1 5
1 6
1 7
1 8
9 10
9 11
9 12
9 13
9 14
9 15
9 16
9 17
18 19
19 20
20 21
21 22
22 23
23 24
25 26
25 27
28 29
28 31
29 31
29 32
29 34
30 31
31 35
36 37
36 39
36 40
36 41
36 43
36 44
36 45
37 39
37 40
37 44
37 45
38 40
38 41
38 43
39 40
39 41
40 41
40 44
40 45
41 43
41 44
47 50
47 51
47 53
47 54
48 52
48 54
48 55
49 51
49 52
49 53
49 55
51 54
51 56
52 53
52 55
53 55
53 56
55 56
57 58
58 59
59 60
60 61
61 62
62 63
63 64
64 65
65 66
66 67
57 67
68 69
68 70
68 71
68 72
68 73
68 74
68 75
68 76
68 77
68 78
68 79
68 80
68 81
68 82
83 84
83 85
83 86
83 87
83 88
83 89
83 90
83 91
83 92
83 93
83 94
83 95
83 96
83 97
98 99
98 100
99 100
