429 621
1 2
2 3
3 4
4 5
5 6
6 7
7 8
8 9
9 10
7 10
8 10
1 9
1 6
1 5
4 9
2 7
11 12
12 13
13 14
14 15
15 16
16 17
17 18
18 19
19 20
12 20
14 17
17 19
16 19
21 22
22 23
23 24
24 25
25 26
26 27
27 28
28 29
29 30
21 25
26 30
21 28
23 25
23 28
24 30
31 32
32 33
33 34
34 35
35 36
36 37
37 38
38 39
39 40
35 37
31 40
33 36
32 35
32 40
35 40
41 42
42 43
43 44
44 45
45 46
46 47
47 48
48 49
49 50
41 48
44 50
44 47
46 48
51 52
52 53
53 54
54 55
55 56
56 57
57 58
58 59
59 60
51 57
51 59
52 58
61 62
62 63
63 64
64 65
65 66
66 67
67 68
68 69
69 70
65 70
62 70
62 65
63 65
66 68
63 68
71 72
72 73
73 74
74 75
75 76
76 77
77 78
78 79
79 80
72 80
73 78
71 78
81 82
82 83
83 84
84 85
85 86
86 87
87 88
88 89
89 90
81 86
86 89
86 88
85 87
82 90
84 86
91 92
92 93
93 94
94 95
95 96
96 97
97 98
98 99
99 100
91 94
95 100
93 97
94 100
91 100
92 97
93 95
91 93
101 102
102 103
103 104
104 105
105 106
106 107
107 108
108 109
109 110
103 106
107 110
102 106
101 106
101 104
104 107
107 109
111 112
112 113
113 114
114 115
115 116
116 117
117 118
118 119
119 120
114 118
114 120
112 120
113 120
121 122
122 123
123 124
124 125
125 126
126 127
127 128
128 129
129 130
122 130
121 129
123 125
123 128
123 126
121 124
124 130
131 132
132 133
133 134
134 135
135 136
136 137
137 138
138 139
139 140
133 140
133 136
133 137
133 135
141 142
142 143
143 144
144 145
145 146
146 147
147 148
148 149
149 150
141 143
144 149
146 149
142 146
144 146
144 150
142 150
151 152
152 153
153 154
154 155
155 156
156 157
157 158
158 159
159 160
154 156
156 160
151 156
153 155
151 157
161 162
162 163
163 164
164 165
165 166
166 167
167 168
168 169
169 170
166 168
162 165
162 164
163 166
171 172
172 173
173 174
174 175
175 176
176 177
177 178
178 179
179 180
176 179
172 174
177 179
173 176
171 178
181 182
182 183
183 184
184 185
185 186
186 187
187 188
188 189
189 190
181 188
182 189
182 187
181 184
185 187
191 192
192 193
193 194
194 195
195 196
196 197
197 198
198 199
199 200
191 194
193 198
191 196
195 198
192 200
192 194
193 199
201 202
202 203
203 204
204 205
205 206
206 207
207 208
208 209
209 210
203 207
206 209
211 212
212 213
213 214
214 215
215 216
216 217
217 218
218 219
219 220
214 220
215 217
216 219
221 222
222 223
223 224
224 225
225 226
226 227
227 228
228 229
229 230
226 230
224 230
223 226
222 229
221 227
221 224
223 228
231 232
232 233
233 234
234 235
235 236
236 237
237 238
238 239
239 240
233 237
235 237
233 236
234 240
241 242
242 243
243 244
244 245
245 246
246 247
247 248
248 249
249 250
243 250
243 245
245 250
244 248
241 244
251 252
252 253
253 254
254 255
255 256
256 257
257 258
258 259
259 260
253 260
257 259
252 256
254 256
261 262
262 263
263 264
264 265
265 266
266 267
267 268
268 269
269 270
267 269
271 272
272 273
273 274
274 275
275 276
276 277
277 278
278 279
279 280
273 277
275 278
278 280
271 278
275 280
281 282
282 283
283 284
284 285
285 286
286 287
287 288
288 289
289 290
283 289
282 286
282 284
281 287
282 290
286 288
282 288
288 290
285 290
291 292
292 293
293 294
294 295
295 296
296 297
297 298
298 299
299 300
295 298
296 298
292 300
295 297
301 302
302 303
303 304
304 305
305 306
306 307
307 308
308 309
309 310
307 310
301 308
305 308
305 310
306 310
302 310
304 309
304 310
311 312
312 313
313 314
314 315
315 316
316 317
317 318
318 319
319 320
311 313
311 315
313 316
316 320
312 317
321 322
322 323
323 324
324 325
325 326
326 327
327 328
328 329
329 330
321 327
328 330
327 330
323 329
325 330
321 329
331 332
332 333
333 334
334 335
335 336
336 337
337 338
338 339
339 340
332 339
332 336
337 339
332 337
335 337
336 338
334 340
333 335
334 338
341 342
342 343
343 344
344 345
345 346
346 347
347 348
348 349
349 350
346 349
342 347
345 348
342 350
347 350
341 349
351 352
352 353
353 354
354 355
355 356
356 357
357 358
358 359
359 360
355 358
352 356
354 356
351 353
361 362
362 363
363 364
364 365
365 366
366 367
367 368
368 369
369 370
363 365
367 369
365 369
362 369
361 364
371 372
372 373
373 374
374 375
375 376
376 377
377 378
378 379
379 380
371 375
372 378
372 374
372 376
371 379
381 382
382 383
383 384
384 385
385 386
386 387
387 388
388 389
389 390
381 385
382 390
382 389
383 389
391 392
392 393
393 394
394 395
395 396
396 397
397 398
398 399
399 400
394 400
394 396
392 395
392 400
395 399
401 402
402 403
403 404
404 405
405 406
406 407
407 408
408 409
409 410
410 411
411 412
412 413
413 414
414 415
415 416
416 417
417 418
418 419
419 420
420 421
421 422
422 423
423 424
424 425
425 426
426 427
427 428
428 429
410 427
403 419
412 425
404 428
403 407
411 426
406 420
410 423
405 412
409 417
401 416
411 422
421 428
404 420
415 420
403 418
415 422
404 429
408 427
403 412
402 418
402 421
418 428
401 421
