98 90
1 2
2 3
3 4
4 5
5 6
6 7
8 9
8 10
8 11
8 12
8 13
8 14
16 17
16 19
16 21
17 19
17 20
17 21
18 19
18 20
18 21
22 23
23 24
24 25
25 26
26 27
27 28
28 29
30 31
31 32
32 33
33 34
34 35
35 36
36 37
37 38
38 39
39 40
40 41
41 42
42 43
43 44
30 44
45 46
47 48
48 49
49 50
50 51
51 52
53 54
53 55
53 56
53 57
53 58
53 59
53 60
53 61
53 62
53 63
64 65
66 67
67 68
68 69
69 70
70 71
71 72
72 73
73 74
66 74
75 76
75 77
75 78
75 79
75 80
75 81
75 82
75 83
75 84
75 85
75 86
75 87
75 88
89 90
90 91
91 92
89 92
93 95
96 97
97 98
96 98
