97 466
1 2
1 7
1 9
1 10
1 14
1 16
1 17
1 22
1 24
1 25
1 29
1 30
2 9
2 11
2 22
2 24
2 32
3 11
3 15
3 18
3 19
3 23
3 24
3 25
3 26
3 28
4 8
4 9
4 12
4 15
4 26
4 27
4 29
4 30
5 6
5 8
5 9
5 10
5 13
5 17
5 22
5 23
5 25
5 27
5 31
6 9
6 12
6 15
6 18
6 19
6 27
7 15
7 19
7 22
7 24
7 29
7 30
8 10
8 13
8 14
8 18
8 25
8 27
8 32
9 11
9 16
9 23
9 25
9 26
10 17
10 19
10 21
10 22
10 30
11 20
11 24
11 26
11 29
12 17
12 28
12 29
13 18
13 23
13 29
13 31
14 16
14 19
14 26
14 29
14 31
14 32
15 18
15 22
15 27
15 28
15 31
16 20
16 22
16 23
16 29
16 31
16 32
17 20
18 28
18 30
18 31
19 20
19 21
19 24
19 30
20 21
20 25
20 27
20 28
20 30
21 23
21 25
21 26
21 30
21 31
22 24
22 28
22 30
22 32
23 25
23 27
23 30
24 25
24 26
25 30
26 27
26 32
28 30
28 31
29 30
29 31
29 32
30 32
31 32
33 34
33 40
33 42
33 46
33 48
33 49
33 50
33 59
34 40
34 43
34 46
34 48
34 51
34 52
34 55
34 56
34 57
34 60
34 63
35 38
35 44
35 45
35 47
35 50
35 52
35 56
35 57
35 58
35 60
35 64
36 38
36 49
36 50
36 53
36 56
36 60
37 38
37 40
37 41
37 45
37 50
37 53
37 55
37 59
37 61
38 40
38 41
38 43
38 45
38 46
38 51
38 52
38 54
38 56
38 61
38 63
39 40
39 43
39 45
39 47
39 49
39 50
39 53
39 55
39 64
40 41
40 47
40 50
40 51
40 53
40 63
41 44
41 47
41 48
41 58
41 60
41 63
42 48
42 49
42 55
42 60
42 64
43 48
43 52
43 54
43 56
43 61
43 62
43 63
44 46
44 47
44 48
44 53
44 55
44 61
44 62
45 46
45 51
45 52
45 55
45 59
46 49
46 52
46 59
47 53
47 55
47 57
47 58
47 60
48 51
48 56
48 58
48 59
48 62
48 63
48 64
49 51
49 54
49 58
49 60
49 61
49 64
50 51
50 57
50 59
50 63
51 56
51 57
51 60
51 61
51 64
52 55
52 58
53 55
53 62
53 63
53 64
54 58
56 58
56 61
56 63
57 59
58 60
58 61
59 61
59 62
59 64
60 61
61 63
65 72
65 73
65 74
65 77
65 78
65 80
65 81
65 87
65 88
65 93
65 94
66 69
66 70
66 81
66 82
66 85
66 87
66 90
66 95
66 96
67 69
67 73
67 76
67 77
67 79
67 80
67 84
67 87
67 91
67 93
67 95
67 97
68 69
68 77
68 84
68 88
68 89
68 92
68 94
68 95
68 96
68 97
69 71
69 81
69 82
69 84
69 90
69 91
69 94
70 71
70 73
70 75
70 82
70 91
70 94
70 97
71 73
71 75
71 79
71 80
71 81
71 86
71 88
71 90
71 91
71 92
71 94
71 97
72 74
72 75
72 80
72 82
72 86
72 87
72 90
72 93
72 95
73 81
73 87
73 88
73 91
73 92
73 95
74 75
74 77
74 78
74 81
74 84
74 85
74 87
74 94
74 95
74 96
75 77
75 78
75 89
75 93
76 78
76 81
76 84
76 86
76 89
76 90
76 91
77 84
77 88
77 89
77 95
78 79
78 82
78 85
78 88
78 91
78 96
78 97
79 87
79 89
79 90
79 91
79 96
79 97
80 82
80 83
80 84
80 86
80 90
80 96
81 83
81 85
81 86
81 89
81 91
81 92
81 93
81 94
81 97
82 83
82 85
82 86
82 92
82 94
82 95
82 96
83 87
83 88
83 90
83 91
83 92
83 96
84 88
84 92
84 94
84 95
84 96
84 97
85 88
85 89
85 91
85 94
85 97
86 90
86 95
86 97
87 91
87 95
87 96
87 97
88 90
88 94
89 91
90 91
90 94
90 96
92 94
92 96
93 96
94 95
94 97
