300 593
1 2
2 3
1 4
1 5
5 6
2 7
3 8
6 9
7 10
2 11
5 12
8 13
2 14
6 15
8 16
13 17
15 18
14 19
4 20
8 21
21 22
19 23
16 24
24 25
3 26
6 27
16 28
14 29
2 30
15 31
13 32
3 33
24 34
12 35
13 36
34 37
7 38
2 39
12 40
25 41
27 42
28 43
16 44
38 45
35 46
4 47
7 48
4 49
47 50
47 51
14 52
34 53
15 54
10 55
20 56
28 57
21 58
2 59
14 60
58 61
14 62
16 63
7 64
28 65
64 66
50 67
47 68
5 69
24 70
11 71
68 72
49 73
55 74
46 75
39 76
9 77
56 78
73 79
44 80
79 81
3 82
56 83
73 84
74 85
9 86
30 87
27 88
7 89
39 90
64 91
40 92
15 93
79 94
87 95
25 96
56 97
63 98
33 99
85 100
6 101
94 102
33 103
103 104
49 105
87 106
104 107
9 108
82 109
98 110
72 111
22 112
38 113
7 114
101 115
82 116
50 117
94 118
99 119
52 120
12 121
70 122
32 123
20 124
98 125
29 126
36 127
70 128
75 129
15 130
12 131
111 132
100 133
70 134
14 135
126 136
89 137
21 138
39 139
112 140
64 141
97 142
8 143
106 144
48 145
134 146
115 147
147 148
89 149
13 150
22 151
149 152
35 153
145 154
33 155
68 156
91 157
60 158
94 159
69 160
154 161
61 162
45 163
34 164
6 165
118 166
76 167
116 168
123 169
44 170
135 171
35 172
135 173
153 174
91 175
48 176
21 177
48 178
146 179
59 180
4 181
47 182
104 183
65 184
145 185
168 186
68 187
142 188
157 189
148 190
105 191
64 192
17 193
89 194
179 195
124 196
94 197
53 198
125 199
119 200
165 201
120 202
22 203
132 204
194 205
63 206
89 207
133 208
23 209
83 210
31 211
147 212
160 213
48 214
145 215
123 216
95 217
6 218
181 219
73 220
142 221
114 222
57 223
219 224
104 225
4 226
83 227
200 228
6 229
142 230
193 231
46 232
110 233
36 234
4 235
210 236
38 237
89 238
91 239
148 240
115 241
190 242
9 243
205 244
207 245
76 246
77 247
3 248
200 249
72 250
21 251
239 252
94 253
107 254
125 255
33 256
94 257
120 258
106 259
243 260
160 261
228 262
176 263
19 264
162 265
128 266
72 267
176 268
7 269
204 270
36 271
113 272
240 273
227 274
163 275
8 276
197 277
184 278
238 279
270 280
164 281
203 282
267 283
234 284
234 285
157 286
51 287
116 288
250 289
151 290
94 291
126 292
43 293
253 294
111 295
173 296
236 297
104 298
247 299
33 300
9 222
289 282
111 188
14 59
17 139
38 73
34 263
84 142
134 33
216 217
76 60
31 287
108 86
125 254
299 100
275 150
122 106
194 88
146 19
116 237
159 237
211 177
168 276
155 130
18 145
9 261
203 61
167 91
229 237
8 9
171 80
47 196
191 7
207 226
287 57
259 225
271 283
75 184
261 256
212 11
29 114
183 7
262 69
21 176
158 234
194 40
173 174
195 93
159 270
6 132
74 139
60 218
100 296
183 149
67 209
120 245
65 176
208 78
140 14
134 244
108 282
295 30
113 116
80 144
85 223
123 114
260 51
260 229
64 181
12 283
232 179
51 20
129 116
106 281
157 276
141 177
225 112
174 300
228 232
79 4
83 234
99 294
157 207
221 125
130 270
267 100
148 215
225 268
1 132
52 36
128 262
202 141
215 232
246 223
269 242
50 281
128 165
291 23
185 27
243 292
23 225
66 35
143 206
276 85
225 102
227 14
145 42
27 12
215 78
56 111
208 292
188 275
187 110
289 160
5 239
145 20
290 48
210 150
156 274
159 81
190 88
185 138
74 147
114 280
169 190
105 130
108 59
290 9
138 199
30 296
53 46
184 33
158 206
112 28
240 12
227 292
252 197
12 231
239 197
119 262
18 28
202 29
15 50
83 175
140 200
109 2
73 187
143 2
222 198
272 296
197 149
59 220
147 67
75 297
85 241
185 190
104 88
95 121
84 153
297 208
251 279
96 170
240 112
208 251
80 108
185 36
137 235
251 224
43 209
163 297
224 199
179 210
24 58
271 256
260 114
215 255
265 78
45 266
11 258
1 76
111 283
121 151
27 178
141 232
58 93
106 121
45 90
33 222
287 104
25 225
210 293
285 264
78 183
213 32
78 76
267 292
38 137
163 223
275 62
186 236
88 21
232 105
62 6
154 261
108 249
299 226
139 65
46 231
265 199
161 173
104 120
136 48
20 293
250 113
156 221
295 166
265 294
177 153
95 246
185 29
56 125
267 163
215 137
154 141
217 64
204 191
122 243
222 32
23 142
222 111
278 157
171 218
288 171
58 197
166 208
166 252
90 241
207 83
34 57
229 298
209 87
3 81
196 102
63 72
269 226
299 3
157 281
277 21
135 48
26 61
188 284
122 299
196 6
196 50
15 259
214 65
73 218
171 147
221 246
245 264
93 5
251 220
265 215
292 95
50 242
160 287
216 215
240 81
43 183
131 206
137 184
6 237
212 41
236 102
223 17
100 258
260 285
88 68
152 187
5 80
2 247
252 200
31 19
242 140
250 87
140 68
45 207
229 146
36 41
8 297
165 191
157 88
228 238
265 66
277
