100 194
1 2
2 3
1 4
2 5
3 6
3 7
3 8
8 9
2 10
7 11
9 12
8 13
2 14
4 15
10 16
8 17
6 18
12 19
10 20
17 21
1 22
15 23
2 24
3 25
14 26
16 27
3 28
11 29
16 30
6 31
27 32
15 33
23 34
12 35
15 36
22 37
35 38
4 39
31 40
31 41
21 42
10 43
3 44
22 45
22 46
20 47
23 48
35 49
3 50
34 51
45 52
31 53
2 54
32 55
16 56
53 57
51 58
49 59
7 60
31 61
47 62
21 63
37 64
56 65
36 66
62 67
5 68
40 69
32 70
22 71
6 72
14 73
36 74
25 75
44 76
57 77
32 78
54 79
11 80
16 81
10 82
76 83
48 84
10 85
13 86
22 87
71 88
72 89
81 90
76 91
42 92
54 93
52 94
86 95
54 96
58 97
71 98
27 99
88 100
85 93
97 71
97 51
51 88
12 31
54 64
89 38
43 58
1 87
25 59
52 35
15 78
19 88
17 85
59 77
19 9
47 80
25 19
42 24
65 12
32 85
26 41
55 15
52 84
64 78
43 36
23 64
27 47
50 40
92 49
96 2
37 88
39 25
12 91
35 89
60 53
16 45
32 45
82 20
38 27
24 7
3 93
99 78
16 1
27 29
61 82
14 21
51 19
82 42
17 58
23 68
88 76
81 28
81 33
89 67
47 7
84 97
26 45
41 46
57 97
89 62
97 54
68 35
13 10
12 52
89 18
48 18
67 39
18 80
45 29
99 86
46 15
35 61
57 20
16 9
42 22
3 34
2 80
96 56
79 47
51 35
83 34
4 19
29 89
99 71
73 17
87 5
64 27
14 20
20 15
3 20
69 28
10 60
96 28
51 18
45
