200 397
1 2
1 3
2 4
4 5
2 6
5 7
6 8
1 9
9 10
6 11
5 12
11 13
10 14
11 15
12 16
16 17
11 18
6 19
14 20
3 21
1 22
21 23
17 24
13 25
12 26
25 27
9 28
13 29
13 30
4 31
5 32
26 33
26 34
2 35
3 36
25 37
34 38
2 39
9 40
15 41
36 42
24 43
27 44
11 45
16 46
29 47
26 48
10 49
6 50
13 51
23 52
24 53
42 54
3 55
1 56
53 57
19 58
26 59
39 60
1 61
48 62
33 63
21 64
40 65
26 66
10 67
32 68
18 69
22 70
5 71
51 72
28 73
56 74
57 75
46 76
61 77
59 78
57 79
76 80
60 81
2 82
2 83
35 84
41 85
21 86
40 87
77 88
78 89
35 90
76 91
13 92
18 93
79 94
89 95
94 96
77 97
68 98
19 99
59 100
61 101
29 102
65 103
102 104
68 105
60 106
88 107
21 108
101 109
22 110
15 111
55 112
47 113
104 114
57 115
2 116
95 117
60 118
115 119
47 120
37 121
56 122
117 123
60 124
13 125
23 126
27 127
31 128
101 129
97 130
13 131
112 132
104 133
77 134
37 135
5 136
116 137
120 138
111 139
135 140
60 141
115 142
128 143
136 144
58 145
49 146
113 147
63 148
94 149
60 150
27 151
75 152
70 153
107 154
133 155
74 156
107 157
56 158
95 159
25 160
2 161
85 162
89 163
68 164
134 165
4 166
134 167
108 168
136 169
30 170
24 171
108 172
139 173
150 174
15 175
50 176
159 177
22 178
128 179
115 180
32 181
161 182
51 183
69 184
142 185
141 186
131 187
181 188
158 189
122 190
141 191
52 192
68 193
124 194
72 195
10 196
48 197
71 198
84 199
155 200
170 31
196 142
140 162
73 144
94 141
188 57
36 15
95 189
86 134
157 48
192 15
10 148
169 138
121 50
187 44
177 40
160 48
71 38
151 141
142 83
27 15
40 125
71 161
136 61
85 11
54 199
14 50
131 104
170 86
154 37
169 96
27 162
87 193
97 179
89 85
89 184
132 34
25 113
155 42
38 149
23 6
1 33
80 172
23 151
160 107
38 45
198 16
147 150
57 78
141 92
127 21
169 109
50 1
40 16
184 197
183 4
22 14
97 12
22 30
23 162
1 54
39 88
190 184
88 94
190 8
82 60
186 67
176 109
117 190
51 132
138 68
57 199
20 153
50 118
1 24
200 33
83 177
173 71
42 111
45 29
103 185
168 98
91 79
80 124
45 185
101 174
59 107
2 143
96 27
139 150
42 21
107 193
64 108
91 24
66 68
71 119
195 29
34 17
186 85
99 50
66 101
185 115
197 154
194 148
200 108
2 183
31 180
20 81
185 156
149 60
138 97
73 155
171 133
124 57
128 43
137 169
76 144
21 51
154 30
124 162
60 41
123 79
141 39
3 117
96 9
126 74
167 45
60 134
51 142
146 150
49 157
189 37
64 31
151 131
121 74
31 175
140 89
160 162
61 102
131 71
121 155
5 116
125 83
73 105
42 41
31 113
109 44
122 191
37 83
124 165
193 194
43 11
177 66
145 164
134 159
78 90
40 189
31 169
30 23
140 183
42 181
54 102
45 105
126 17
185 139
157 191
178 14
177 6
78 197
199 87
141 155
74 14
111 2
72 125
54 173
146 144
154 129
170 159
190 127
57 63
110 113
150 90
23 148
99 119
72 152
171 21
6 58
10 28
43 199
138 95
175 140
93 33
129 194
88 131
198 19
162 172
100 38
57 168
83
