3
1728
26
30249
81
54
1543673916
100
1419857
33
43
-90065
-2847
57913
5082200244
-90276
1099511627776
173.878049
143.393939
24.053333
429981696
24
-16845
59.38
102.053763
142430
-90834
20982
148.698413
130.181818
3
13.153061
89.84
22
56209
32739720
78912
4792959380
25937424601
147718
-111959
41018
2985984
225
1331
83.035714
1680465216
30100
7
7648932184
4172
90.414141
90
-14365
29585
-79400
15
537824
-132092
4
496.444444
27145
64
249.818182
243
4782969
167.791667
155912
6836869044
124832
1679616
-64450
-2849
62
-77441
-66982
6.425926
256
6
-21417142
182867
95860
-57107
50.691489
32
166.517241
390625
3200000
95086
15292
124.166667
125
1
51.276316
1030607193
-14833
-129515
-1253
1658445900
102.9
8.783784
144.767857
387420489
36
-309780666
-78395
196
79
0
-72576
5
5
33
137858491849
15.740741
-92718
-21795
2015993900449
91.8
-168096
-122511225
-27104
-146858
4
98.733333
248832
-10646
5467523985
6859
81
-303603230
117000
39.064516
-75883
3486784401
17545
144117
39
-149895
1
44220
-101900
-792426814
-68866
19487171
60466176
17432
8
5
4
14
35588
31
132.857143
790027193
90852
196
2
58462
243
79713
35
24
150.653846
161051
343
181797
1767219425
655990375
256
90923
-131943
38
256
16807
4826809
-92900
-48039
75776
3199914000
20371
38.193548
32
-91295
-1073
92.576471
64.289474
70234
401.166667
2299.25
36785
1024
-3822883110
1622965788
-2773882048
108.928571
16
147.338983
4145740632
0
11018
-461
-107864
-5473
50.852459
52641
8
44
6620426401
2
-142665
47608
6131066257801
109.2
1
-4441297792
2
-8006
625
8
4826809
8523
-5989458160
-1431944743
67.68
50228
20199
716352560
2483151398
43
4
265011278
26
1
-94421
122.480769
47930
27
1728
32813
-5850848674
123.836066
27833
-166914
123.211538
65651
42
56653
5832
21
20
14863
97
6037
-6929114312
431.818182
256
16
6561
-79928
8090
82426
3
18.363636
16
15
190.222222
1973270268
42897
-50335
113410
-54476
-7647281460
45
30
16807
158018
298.75
198359290368
102566
625602348
-25462
65536
67
110.325
-5389739788
8
117.012821
-106385
1024
65
10
101805
8427779916
512
42.445652
317.896552
-2007301153
-82684
88.01
3955160801
141.714286
36.48
146465
22.038462
3228437205
3
308.296296
10
16
-57477
809349574
-1109
219.333333
-42357
30636
136574
-16724
477.375
-8041693968
120.708861
242.939394
45447
1
-18729
19
119138
-142523
58.333333
212.84375
14
961.333333
-161355457
12
70.255814
-24664
137858491849
2
-142335
15
84129
-140213
-8509838718
685263606
98.297872
3628
13
71
24
6
249.052632
-2193803984
2359
-159550
161954
1331
-63027
-271957500
1
531441
14806
146.119048
-25142
-158615
30
9
-81838
36837
-4629873483
85.941176
60.23
-30436
-56458
38
52.246377
33.484848
4096
0
23
17.5
-35029
0
27
61917364224
47045881
-17945
69
-25930
-2005363100
1053103450
68
537824
-113671
514.933333
-16084
-48146
25
3218172804
5832
-13557
2345138650
-2332137948
-52259
155509
3357347386
215.771429
-3488853018
172993
50717
5764801
58
-62952024
-65416
25
-1767455820
24252
216
30.508197
96020396
-4939514103
-30529
79341
2
-9602
4294967296
0
-1339765630
132879
1000
26
100512
103633
1029818186
16551
-96796
36545180
-146822
216
810.3
363067356
20661046784
21574
15
16
196
17366
-102217
83521
31
130108
134605
29634
1048576
13952
4940
719146458
-96583
100578
129928
27674
-84019
-1275496068
-40462
16983563041
280.148148
-60661
161051
388
342.038462
113064
390625
10
7.4125
11
-19672
11
7529536
46241
407.210526
-79631
38104
39.894737
1
3493145908
761.909091
36680
45
18169
128
815730721
7
104.046154
64000000
135055
48
-164326
34449
-1609352989
-9519
15008
-5369487756
122022
38443359375
28
429981696
267981750
576650390625
268435456
3176338660
46
5
324
-8540
6
3133680426
76
24
19487171
-50535
22
24
11
-1636
-53663
0
15854
243
-51140
9
236.428571
55
10028
2650.666667
29
289254654976
25
38416
50880
-15519
25
36.91954
1131.75
-5302135200
112.098765
387420489
68719476736
36
10000000
4002753170
62748517
8
5716308984
5608225457
-151147
5303174832
77
51
-35100
359.619048
175.235294
-2456095363
2985984
74.69697
75050
1048576
-38530
43
-46013
75
88.218182
238.571429
47472
-95666
27
-91461
6139316696
50.166667
-698447626
17877
100425
9
103863
-116965
2985984
-4252717221
165093
25
8
14
18951
1312576650
-182183
-3486555640
141528
2
-92800780
67.888889
3
1522.6
402.318182
118401024
18.770833
39.447368
9
17
-100869
145.683333
69
-65596
58.45283
-120166
77.666667
140610
-96278
144
118587876497
10000
512
7529536
-121626
612220032
1171346295
-59568
3486784401
3
-65189
91159
-104355
90.369565
2357947691
11342
108.375
-17770
37.353535
-4763824800
-178816
102152
-1711609038
-5371
7
-127571
76.471429
671192489
-6914
138006
100000000
-526
-48717
-62065
7662
1475789056
2197589766
14
2
13001
6
9
4
-50964
1439862180
-36909
46
-384023222
16
115.027778
-18337
-69151
9
457.428571
256
-107518
1461077595
87.512195
2
313.25
51
4696
-22224
65
8
170241
-171752
2842335060
29.871795
127.805556
131.890909
1976670192
146.84375
39428
16807
1475789056
-715107883
16
4782969
-21110
-9557059502
4516194930
13.319149
17577
-38388
29.159574
81796
-77254
45
21.976471
-16941
3554
99243
289
319388433
161.525424
3570467226624
137858491849
-9535
26.754717
79277
0
-1178622900
101100
25
-28203
-95197
-50279
1932651864
119829
-22409
49
-2510405790
-78392
58
2
5857282695
53279
-7335721560
-23303
458.619048
-22109
-16644
-16738
388
23
470369253
383.875
28839
40.7875
-34024
-30230
80671
-38521
-703093134
-19432
65.558824
4
44.075
96201
90428
-84276
13
59049
295248676
43
240.184211
-164290568
7
124.810811
-147850
87.658228
52
117649
-134649
-173942
2
5
7378167303
18
47
-43069
-77563882
16931
-3835180954
134626
31
1304981268
1737920565
-68666
1045189410
11.764706
-8522
37143
92359
405
241.083333
62824
30.571429
21668
1073741824
12093
85.574468
26.185185
23
39577
75307
-6469231160
58
15
104129
9
5400573464
81
19929
23.486486
5820156424
-19391
44.894737
84.772152
81
42.864865
625
314.666667
40353607
14
52006
-69962
14
25759
19683
-1996844148
-66668
5
-6983203233
58087
78125
20
59.189873
1419857
-121354
17
34005
4348864575
82523
24
7
-45800
-14433
7762765269
20
-1080185340
-82233
-1942
2633571480
-158832
-97561
53
2743
-2794523004
-22873
145216
141183
20.428571
52792
4
-18734
35
-35775
16
-68828
4469856736
10
38.469136
1048576
76278
95.413043
84538
-63242
181.060606
2
4
14.090909
49
42
-153725
145.434783
11390625
-69151
2717795100
12
1498.666667
42
-5289648336
359.296296
86.988372
5764801
5
1
107.473684
162.294118
79397
21.25
61570
161051
137.774648
38443359375
-2505650841
-141496
40353607
282475249
1000000
145973
14
6859
2
13192
16
1419857
5.958904
136076
149.333333
-89010
95.493333
112189
55.62
62.587629
-74107
101.876289
121
1
38416
-68569
-4177623368
81884
8
43
143081
-148125
161051
-25896
253
108003
18
447107100
24673
50816
625
57324
-15028
-3389611740
-62026
15058
-2746714984
2
1000000000
-36992737
3
47.372093
7634309969
91679
-6071
214.24
-4430931968
118587876497
109.636364
591.4
-112380
78125
62112
81
16777216
106.830986
