644
6561
411360560
36717
15
41008
3
0
105.408451
-154433
531441
1412618844
46
22
69.416667
3200000
18.928571
91559
160000
144
28561
-23450
56
-29702
4
1048576
30
46306
-73823
905875737
5832
64
8
20781
92616
612220032
49.54386
-2127101816
6652265944
-8173302300
170168
-100587
0
24659
2
25937424601
295331650
-414688780
60
23
10197
-1370568704
-3947
10.590909
31071
11789
68552
34492
99.05618
-196789362
2
20736
2171299336
4826809
128
21.951613
2
1296
107.581395
3
-39728
116.745763
148.2
-39720
85
36
537824
71.590164
-73405
54
27
7601
74253103
10077696
618
62127
-4374935246
-74794
15.8
2985984
6.862069
27543
-24696
-164873
160000
8000
278.677419
6
0
0
65.366667
163.208333
-15832
1
20122
-141303
66812
2985984
2932129431
42
993201345
-105231975
97534
-1702293024
2
49
3058546034
-85679
4603592646
3
2752
86
343
-980197108
-2391964302
1889568
149.95
582.647059
-138249
-8015
126.423729
-2353043408
12
53
266.8
73657
2849
-47068
60
1475789056
44781
35
289254654976
1397104149
16
-42121359
64654
166.038462
19
10604499373
144
1
43
9765625
242.4
39
54
263.75
108.333333
-156821
30
-2375695350
21
0
1
44442
13382
144594
-25650
64
85249
8.376344
1503640643
16.808081
-28563
169508
1332269918
99.934783
29574
-2772708354
10077696
-68241
-8784
49
125
408.076923
4
-45628
-62702
-1688213530
62
-152668
-128748
2357947691
-81805900
1860125540
44
67275
11
19368
17
-2376523080
69.156627
-142275
-61581
7
50475
687.125
2562890625
111.057143
3375
-2871093744
30216
329.555556
-40968
5238662224
69.444444
424763976
41757
-3597808006
179357
-1604886526
29
9200858751
4
-85602
79.32
6.54878
-37311
-74844
-781
120.333333
52
-115800
60.068493
225
56
19
0
124.140845
815730721
9
8
27
69128
4
282475249
6859
3534824772
-92205
16807
136.38
60466176
2.869048
289254654976
-676817590
160000
214358881
361
51954
2850406734
223008509
-58393
-24410
1333432005
10.070707
1523883774
-38064
63
-4496201384
-23066640
170859375
58722
-83208
45
109.630435
254
3570467226624
16777216
105413504
94.048193
3
4576
-6926018928
-1820273283
-42554
-167299
435.166667
10
631
17
-21695
18
-2587
44
20.577465
60716
30.843373
103.730769
2535.333333
-155774
27
9
-102459
131.520548
7
4096
850.5
61
-9298
83521
63
59
336
6975757441
30
47.684783
64350
1
47.059701
403.764706
799514430
4826809
-79387
249.714286
90457
-60503
339.473684
49
121.451613
-28070
7529536
25
40.587302
19672
2
-101635
-3205786848
62.513889
39666
-7476270034
-84671
33.705263
3
-5066825232
0
161051
-45949
48695
30472
104976
-2769
576650390625
361
120869
-826415950
36
306871880
234.452381
46.333333
-4075
76
2
-108457
83.296703
61
-511422604
19487171
8801689480
25937424601
-145583
8651
116808
5400767394
25
-494375088
155024
380.428571
-16505
78125
60658
20736
199.268293
-3809
-1050233436
40
60871
74
72.846154
137467
22
211.705882
-13016
2
371293
196
54.010989
98679
282475249
89820
-420
166802
117243
4096
11328
85.857143
908.5
5336
12
182.413793
33
0
16777216
3
3
147.32
0
21.847059
27
64
95807
65536
717623412
-40619
-24152
29917
12
163864
1147733232
120.8
26
10604499373
54676
-57425
51317
40
7644477662
-135573
31
61111
82.956522
-80361
16999
-139915
1953125
41
-137638
132894
-4623605648
75.973333
139596
-124402
-1045919370
117649
515.526316
68521
1885373304
33413
-2108788077
21.09589
83521
1000000000
1971815941
1799822713
1210.857143
65536
153.277778
19
111945
-36137
-80265
-22977
102.695122
36.474576
68.297297
153383832
64
-15120
2.359551
163.736842
44.017544
25600000000
4
2790881913
103868
7385305821
10000
-25867
54446
38
70063
-71980
5645250801
59.672414
87051
-126400
100000
2621122560
-2076264444
1254995690
6
37.618421
128
76
11755
-2279650928
137157
133399
40
531441
2476099
98.712121
49.657895
2748137810
-172948
-51086
-711326784
179461
10
19683
98.035714
-2270886084
-1436917104
-62581
55.258065
20661046784
-1719097452
104218
101250
9
-2885147724
394287293
-14137
43893
84.888889
57142848
823543
350.833333
2357947691
-41458
7003
1118266942
254.911765
38635
161051
0
89.907692
26.392857
10240000000000
36891
-1319244655
93884
282475249
14
62.573171
44951
13
-116643
729
36
12698
-60410
-21728
-7967166116
74928
262144
-260482761
12.821429
16777216
-31406
1296
-80733
-159940
-54844
-6007794317
340.666667
4913
96.407407
-65285
4
32
-86223
-7122691748
-4095
64
25177
-7881105276
749935422
16983563041
115.448718
-291276260
1099511627776
35319
3570467226624
-27289
36
8000
109902
51.148148
0
-55845
137591
32903
27
-78773
26277
1000
132.970149
-3431251704
-105580
893871739
93133
99295
6561
36
-650028678
2027
-3507208032
-8080
1
400
-59278800
75.606742
-95369
27.268657
26
-60171
57.860215
15625
93860
69.652174
40
189304
269.848485
14
81
8541074142
5
18
4052096388
40791
66
-94277
3618751860
110.130952
195
-33537
63
36870
72409
-3561459116
2963341410
41061
439.636364
3
4096
-3339102
-122063
-118708
6185320960
-34638
9
-6834255660
112843
-4204600080
3375
6131066257801
63
41
132760
-43981
118114
-6098472180
63.80597
-27962
132.423077
262144
68719476736
102.712329
38
-45593
6
-62239
-12761
111.772727
82
2357947691
-17295
20
6808
5
51009
12
1280000000
16
1027
13
59049
5599966039
-161602245
6997
-43353
-35339
121
22
38.627119
4096
47822
36.217391
1679616
16384
35
-6454068120
49874
370.928571
161.071429
-7636090371
-46303
18880
6462
22.609375
361
74189927
-2221199220
-641771451
3139
2778766796
51.545455
-90967
47933
160000
256
3884759300
0
4
387420489
104824
1728
14
1367.666667
24
-26763
-50083
1679616
78870
-184934548
18
1231259928
20736
65536
143222
29
1099511627776
4096
-2965666944
-92383
82
282475249
46.3
0
-7611240
83181
-1432874177
-57517
56
-54216
-73595
46
-72171
24
-100684
-4168865900
46656
19865
44.730337
-174359
4
576650390625
72
297.1
-88090
13455
16
153043
241.172414
-5128
9
1886397076
35
-8103982097
-40670
-157062
-44540
8
69.644737
-5167055852
4
10
75.106061
152754
1331
-36909
4.30303
56034
16777216
-540082125
-11861
674309020
21142
37
2101787182
11
109512
4913
83.333333
77
885155341
407.733333
34012224
63
-124131
-2209554897
78534
47.114754
71471
-1866
-27635
49853
0
9765625
2967
26
122.714286
-91282
-38996
-185635880
-7833
187757
78
-42772
512000000000
2187
21
41
57459
33
1953125
82344
3125
51
16
137.761194
-16543
464.875
-14673
158038
77
11131
4801
-15812
-4380631064
170859375
1953125
-39593
64539
2444414742
155762
87.909091
59.384615
73
3808574637
65798
-19595
235.078947
0
76.82
-8109450176
112.986842
23330
-57500
3444806789
158.047619
136325
256
53
90
80122376
2751
437797104
93.070588
63962
579143948
1
12042
-5801859495
1771561
268
17.681818
-849706068
-11514
580.444444
54.176471
91853
257.846154
-59818
130321
1889568
-375134580
-63034
6237132886
16
30.425
-7914430905
18812
10
-14136
390625
1679616
24515
2186659034
-97513
-730515434
-57913
-6163194464
-161285
85
6
-2778706166
2
16807
20.732143
25067
322687697779
50.190476
41
407953046
1679616
37
27
33
124926
20.491803
27802
10604499373
-117800
6717
-14369
6155922029
2976.666667
36
27.061856
32
328.526316
64
