34012224
130321
9
605.133333
41625
17054
-57676
-139202
150.34375
41178
34728
492.117647
58.838384
3492159264
100.215909
4096
486.166667
100
893871739
429981696
1475789056
10
72.858974
1905
-34094
14
-108806
100000000
43046721
18
7882718128
32
19683
1419857
-2097
10000000
-50671
-71693
118200
70
128
13
107545
10000000000
8866
6
8000
103.677083
13654
8
7.823529
729
-955858684
-2684895465
155804
6131066257801
27
56.310811
79759
174029
43
-7037
-116886
-116673
4826809
32
9
5159780352
4397245536
-46677
6444501744
43
65
-79841
36065
128
1
89.851852
263146200
140184
122940
50625
2801146205
62
294.25
-5533
415
36
49649
4169.5
13.527273
34
-84185
-28730
40.142857
256
62848
1645
243
-101704
1115.428571
65536
-4039765344
4
-58435
40.133333
376729725
89984
-48956230
29566
625.866667
25388
-757255320
38416
56.875
-136610
78.755102
-6144
83.154762
893871739
-18688
9
11.238095
1
253.769231
32768
1889568
29
-103753
85.05
3
1728
-18458
-29384
4782969
-134764
154434
59
4782969
4825
-225140634
-145146
51
