322687697779
13924
2882
1639124256
-106722
16230
-14230
13802
-159942
165481
2744
1288919625
-69478
150.102041
64005
30297
2187
100805
-57729
7064063380
-46534
64000000
26
512000000000
16983563041
3753.5
81
2357947691
-2548054846
23.89899
4096
3070003170
-5300
22439
225
-370980664
92
507.588235
51
65112
120324
161051
-239985552
-1762325990
13
50625
1728
19642
-142847
-23714
390625
-18265
59396
41
9
30
-17782
-96961
-19912
27635
43046721
-81431
57.666667
114859
9
164187
41.215385
5832
94.606061
-127374
116.160494
60595
70.734694
6
-20276
64
-118991
81
-3124781632
860703781
125.571429
823543
17.085106
83362
151497000
36
359554107
-5684
55122
-434673351
-21234
-1509817014
47.059524
3838464208
39
-124991552
-16262337
324.727273
-145609
13499
1142401845
105.078125
52
1280000000
8
68728
50.040541
170859375
4
46
84079
20
40964
20
-85708
3
-121995
4913
3385377599
50894
173.2
7731
12
-22764
-162953
-5314238377
2562890625
58
-4765
2342
54182
39656
282475249
-93141
4288521408
196
94975
11019960576
472.235294
16
31
62.121212
4418990030
243
-27557
14
-115480
148424
80281
-6276355889
-162949392
40
6975757441
792.25
-4423784928
-95754
-226283370
119290880
-111370600
3721
16.090909
119823
-30566
2556413496
196
55.082474
-15544
59.194444
82
387420489
3822780960
4
41503
256
64000000
-8958
148.8
-4140923105
-114375
1048576
5159780352
33
893871739
28
-71267
7160635755
0
5
-3818238039
115544
4289004720
14
249.666667
5164281491
115925
-9666
8
-2622
630957762
56.709091
468888045
27758
-88642
390625
169151
-26069
13
68571
161074
-20957
50450
42
160000
-9125683776
573089712
35
124009
44.804598
210.3125
-1429434012
328.827586
5764801
34
11797
243.9
9587
1121.571429
-31662
-114161
2
31136
28561
111879
12
146.047619
71355980
7
-3410880616
14641
4096
70.371795
5918370542
729
51
2197
1157.333333
6
4.037037
-61326
89.947368
115849
48363
-32842
25
0
-119602
37
-32855
34573
-2698585428
37
4
2
-7169635433
1000000000
192.934783
51756
46656
18
1048576
311748115
-54726
26005
142526
-561878004
303.636364
133.5
-65868
17837
15
-17009
34341
223.578947
43
34
68719476736
6859
30419
7529536
126.642857
55346
-112245
5497937828
-89269
5159780352
82
117619
47.481481
68719476736
128
248832
70408
134.909091
-29066
-121347
512000000000
3846
45891
-6537171170
-2733167242
19
52.698925
-1748821200
37.56
1000000
22769
51788
35
178.571429
26109452
2015993900449
116530448
-636332464
23
116.185185
-3051980365
50625
7026
27480
7900
-2663195264
-53730
-6825159160
343
-36868
512
-5503543584
105.52439
702388224
163381
128161
966511743
-49365
402571818
125
-20419
117189074
16384
6975757441
-201079280
-1534341883
-3
8
131.219512
111.815789
13
74.5
16384
225
46422
-25644
464652619
108386
-3983013305
-1750409562
38649
-11117
144782
61664
269.923077
5
27
128
-4620157921
77.230769
-3890262540
199.560976
324
-1330656995
-903718912
268435456
8000
64
3125
4294967296
-21686
-114391
24821
1639920517
61917364224
13.410714
15
-88592
225
-1777595768
4096
247.166667
-546150330
-5362655594
-118603
1
-16737
0
89.914894
-58673
46938
10
70.327869
2985984
-468367356
66609
59049
73.8375
489274578
5756019312
0
105413504
36
-74446
27
16
40
279936
10604499373
4578.5
4059792
-164813
4530750728
1259.333333
10
22527
873535446
-4624
1716145214
112.558442
43
109.4
-2378684781
62818
17
93.2
567.3125
-549574320
-136597
157.614035
-18040
163201560
-221397956
1000000000
2
1419857
19
79126
115422
-139049
33.650602
16.76087
91.865979
169115232
-108258
188.02381
-44966
163.533333
11019960576
-11425
46776
29
28.744898
121
94750
173.2
175052
24
110.054795
83644
448
106413
-37750
7657288579
8360
-270505088
6561
0
-42602
54
-12768
68.630435
7
36
118.311475
-58575
23.383838
3756953876
2741920578
103045
2187
145299840
-98985
-104374
3486784401
1597937090
7529536
35
-21226
94
95.205882
1741002300
31.457627
9
18036
12
-4221055480
86451700
97077
-752
66155
580446079
5832
85
-4681481952
-30611
75824
81
128
25937424601
85.469388
2187
65067
17374
1000
4225155269
1.405063
-3350142852
5318
40900
-124360
1419857
-43279
8414
8000
325.448276
-40824
6547
-60160
-34601
