59
3880025226
29400
71.545455
729
1889568
344587309
23
59172
78125
-3413047910
42
32768
559.357143
215.605263
-5377422782
104976
17
-14235
1074
429981696
-119121
262144
815730721
729
-145578
42405
2
822.571429
-495147024
19487171
-114152
-136297
59049
25937424601
-104175
-101310
2562890625
50095
7776
59264
-1709
16
28.666667
24
95.928571
47045881
105413504
47
93581
478137086
274.5
9
85719
30
6743271951
10.816667
5
-1728112778
767605860
3570467226624
8562964476
58.375
143898
67241
-5336504340
38
849861352
2489161220
4814
4096
17
-1007521536
2985984
10000000
3.984375
65536
22
126575
56.921569
15
911502354
46
2
114.744681
114719
43
87.626506
94617
-15453
3017944198
83521
31
64
61442
129394
256.266667
32775
4096
80372
15
-31027
32
-73116
-1396332750
74.7125
2133
84165
28.084507
-107607
35204
15625
16777216
30.131313
23250
625
1
-320178330
9
35831808
288565840
67.202899
116224
40
507.388889
173172125
-134158908
56
44.768421
74
319.814815
22553
15014
-589333182
1146247479
62
13
40.556818
116279
15586
-102405
59277
282475249
108.723077
-1771695792
91455
-61832
-120655
96091
118929060
118587876497
0
80.95122
-2962833687
-7350963152
