3237
57523
-173950
-38342
21
-1141144912
-60588604
84.753247
3
-104136
371293
17
1324276160
4075835388
393719820
2985984
7
8
-1952971100
28561
11
-1487127752
73106
122788
578.4
429981696
14.608696
11
350.625
5120
58.902439
86872
-3017162299
38416
7
9835
-84099
-168274
36
493
1374211004
512
10
187.513514
134217728
-7386962310
141927240
41
385.92
512
-20491
57.811111
81
24
225
1882988705
-47168
167.674419
32.714286
11674
10
89314
1477
-371
116491
80429
-4061059184
304.777778
80362
67
53260
27
-3233
34882
212412480
243
136.481481
4786463448
5287
100.037736
-2802433900
91.123077
256
124731
-5204047904
75197
56180
4
-50498
29.364865
70.238806
4
13507
16
-6764413050
15625
88
129193
13074
111180
138727
-1369369584
9706
-43385
65.923077
84390
-42338
2015993900449
46545
553.882353
70320
65536
33
112.955556
3110903160
-69029
75.853933
-72613
-94011
23929
24
128847
8377691119
-25412
20.246377
-519844878
31.023256
18
87
16983563041
80.42623
387420489
225
12.84375
1538161283
82014
41
34012224
-39626
3570467226624
-94730
196
132.893333
-4639055008
80492
-71227
652.384615
-183200
-28480
-26629
10
-3998770272
815730721
-73551
10604499373
68866
91920
-1496594208
73.189655
-13709
140151
2744
-146102
-542632992
157.508772
100000000
-49756
1024759495
62.602273
155753
139.367647
135422
530.1
60466176
-57104
429981696
531441
2197
27.728814
-109598
47944
7529536
51
31
-4934
-4066025522
371293
99.571429
41.208333
145.985294
64738
303.966667
121889
52.75
16
-2258778912
168.673077
34
-126223
-34131
-73247
335.37037
24
576650390625
209.375
-32382
305.4
24.515625
35
4399462160
88
-6904042030
4589358878
282475249
70.641791
13
11
62221
137858491849
52.2
30801
6283341258
-95084
-155460
23
6
5031246913
400
-2179344327
-8462
1000
15625
87609
187.941176
75
8638
4294967296
300.535714
3
-31811
537.5
3668
-762210819
8079
59253
48.141304
75
83733
-88803
-251020790
738
48219
12
49
-3020
-2851810207
4294967296
60119
-107612
62.653061
2562890625
82228
17468
-21144
48364
37.747126
-1820
2825.333333
82947
5712889536
1953125
416132460
886775649
97352
32.176471
-24039
44.1875
7776
417334572
36
1
2188436419
-19726
180653
66.157895
16564
1
1096869452
1695879295
-24279
5832
28863
-6464998794
262144
1880209980
21
0
1679616
144538
-54314
2
28245
-107850
-2281214040
64000000
-14823
3486784401
3
51
39
51.229508
2197
36
62964
57219
4294967296
251.4
-71598
81
97.857143
729
31686
76081
0
0
61917364224
124.253521
2663404626
117649
111341
-11482
58.487179
25933
25694
800309643
945446160
-11
781578798
-50189
4
46
10000000000
160000
-5842899504
70
6859
10121
947198187
-73015
2985984
-306685311
8
-79932
4
33196
139.6
24
4103914153
-274341025
289
4277690500
77.557377
-102079
-147312
12686
45
41.305085
125154
68.686275
-5369885036
-16318
2015993900449
62374
-59302
-1337127456
79791
38.589041
-52961
3
37947
74.978261
729
57716
78125
-66199
49205
1280000000
38
-63026
-17717
-149521
169
0
603.166667
-29296
-1817350818
3496764068
-7058209137
216
-142376
-1459773136
62
6
-991493150
-272142680
-99530
18
0
105.333333
-177340347
2
-148445
66618
-2361420380
1048576
1835
974
46
59
2231279070
-9219
77.434783
-159082
-561957480
5764801
-3813365778
181283
430241799
122
9
18
126.705882
371293
19487171
-80692
-92789
-1214
5
1744850538
823543
-35153
268.909091
6131066257801
0
259959045
146744
10000
88400
137858491849
5840629896
113125
3034
343
70.533333
-497311328
133987
256
746925396
58943
16
2253038355
-19615
452.285714
-26362
-120731
213.810811
-619367430
83521
1331
53.19403
3
125684
1331
-63635
14.666667
-528068880
19
-7106975132
-30602
0
76
5234215997
1066117248
16807
30
7529536
6552738400
105413504
-2347
-5975780520
4782969
107.042553
-39468
-6402862515
78609
1064.428571
-11079
39.105263
-13254
4782969
223.95
17.082474
1024
-3848
-2396813520
45086
-40997
19932
2437507212
60466176
-25104
-28074
16
104172
4553500462
65
-430809241
15
-27154
104976
1
6587219065
97.944444
10
4213998624
1451856
-21474
329.75
77
52116110
10057
-117009
640562936
-63249
324
-4404
51.21875
10604499373
-1984651065
1828
29
18
-1419845508
77
279936
18
-7765826544
147.030303
38443359375
-90448
170859375
-8858347276
33.144578
188.787234
-100790
105413504
62.38961
14641
-5275268684
0
63.125
65.013514
110.382353
9
65714
-41819
1
16
483914860
-151539
-1661147384
26
39
1953125
-59770
81
-5466498884
-46057
20661046784
5851102756
-371500659
301.448276
521.375
2583769152
32768
58
-390788826
310.478261
459707941
-130221
160000
10604499373
8687689197
10
11019960576
85
10000000
25.2
56
2084271472
34.857143
-6101769641
-5526902874
-182827
40681
42858
3737550247
214358881
59599996
11.77551
48514
5
-131351
2607636864
110.155556
8.185714
1108
-40754
-320731894
234.148148
2476099
256
13
13
3026088585
121142
54363
120518
-4402664838
1453574430
-52904
17
-3680
68.644444
41249
60466176
-9390
35
-89923
-2673391652
34.019608
-204
-27416
2887772602
85
759375
158319
-150324
65536
36968
-4048031770
-2558124930
100000
22509
44
24.746988
9.153846
71.164557
1553.5
96.469697
89.85
2
17.61
19.391304
29
-2411538946
1975.6
167339
-1915308115
35793
710.833333
