12400
-3050953653
12
8
109556
72234
11.924242
-32570
81
4782969
98.347826
982723824
-336315654
26
91110
25171
74529
1953125
-3870
-16125
97.257143
-31092
185.255814
56560
-3000543704
61.196429
1
34965
-92634
1191343144
-42327
109235
19
78
28
70.644068
140.653061
17
8817
34447
-90870
-863781732
80.041667
28
87.919355
-11773
-10743
32
8
-106901
-182310
1178
-3884294656
36116
-4939318252
12
-13690
-40463010
109.563636
45
-43681
-4771853904
17.7
1026176712
8016
29
43
67999
68.333333
112.454545
-9298
-17627
6
-4703613865
24.117021
4782969
70
727.916667
4096
-91142
2
22
248832
-64986
24774
20736
413.26087
20
16892
2377
51
142.565217
28
793
40900
-49730
16807
793601460
19830
11
-49891
31132
52895
53242
612984281
6131066257801
-118841
66715
-439559497
191.096154
32
5820
103.875
-177980376
38443359375
-68903
-101632
3
22
105.085714
35
5.639535
146.276596
11
1
17
-33123
-69590
316702568
121
6859
81.517647
59240
38416
-99243
129873
-120096
46
-28120
38416
16384
1296
282475249
123.742857
-105124
-71922
26
202.488889
-7578402606
11
29
279936
2156601033
50
437.5625
139.914286
-114038
86155
321.25
-91475
-245366989
1296
5857710924
5.719512
49
-1161844110
92.763441
-5246509040
-3513638007
-4643369442
57.015873
-23291
1
-131680
131004
68
5832
-183102
92.765625
-11699
35831808
238.2
-87574
42044
-142781
2
-68207
5314154355
106.964706
82.868687
815730721
5468
1385908664
-138490
144.704545
-77577
112.92
3
-2230
15
56507
85.333333
121.741935
38416
10000
50
-22689
256.527778
68
-53882
2638552511
-49478
22
-114741
81812
92
-97013
1667397490
7529536
2744
-106881
-5222470944
3.892473
-4200819909
2476099
361
-3082175040
44934
38443359375
122.526316
-67278
17081
97660
-121249
10000000000
1831241172
47.22
-102646
-56369
75
-2048
4
121.137931
-33195
259.903226
50775
169272
73968
-15388
-65911
57
-67821
872984986
-160975
7834037612
135858
180687
355.181818
-43322
18
-141044
-2020756850
759375
243
70573
-4711269184
13909
-66418
140265
17046
7776
61917364224
25619
185.315789
147010990
45
28561
-110816
156.134615
67078
256
390625
52364
5
106630
-62950
6348072708
6831932107
268.1
101.068966
150361
1402909412
-155669
57340
50039
36573
-145565
-54407
67093
34361504
-136448
603.846154
166.632653
75
4
64
-44906
-156792
6237460
19690
464.933333
-81248
64
-43068
-2786986800
44202
214358881
20
35.051546
881.25
-55019
36
50
-8839
-1413446639
609.333333
134217728
35
-5191937568
-12184
41055
27073
110.206897
130.967213
47045881
72.166667
6975757441
56713
2610
32083
-121611
-832903225
-58669
-4873499600
2723
-9962
6280
49
95.640449
5658621852
33081
33
19
11
604935949
0
-39347
169
11390625
114852
122692
299.68
-1010965608
36
198359290368
87786
-116769468
0
1764588771
59.458333
25
50769
32293
7
7
1889568
3570467226624
2964045660
75881
34383
2904453695
-8716781164
7
64
1
2248
648983034
512
25937424601
45
3
-84788
100000000
110548
2369384588
77388
17736
1771561
-152643
-1316585071
248.291667
61
361
-73821
-1311214354
247.9
729
-9269
-195440
246.105263
9
1000000
-159193
91141
-114695
-64748
3
1000
-165679
43
306.074074
680.272727
-70602
121
8000
46
78125
190026
249.875
1461618132
-125336
130.602941
625.454545
6859
-94165
1404.8
28518
4913
74402
118043
923
