4
32188
27
60.25
46656
65536
-7307617500
114166
105915
10604499373
33107
-576711416
32
-3317
10000000000
-1719996944
678.666667
-403970000
10604499373
248832
4826809
114103
22346
33.021978
2706023411
4593
-1018284540
31.964912
1202765211
17
0
-18771
35793
10314
-92305
40
82
44800
-112209
127124
282.578947
-113334
2693975482
-1241091726
61288
-61768
41
8
-65151
31864918
1280000000
449004233
20661046784
-1557685012
60600
11019960576
-5585536940
66.790698
9
1889568
3985908370
3197176191
68719476736
13.862069
4782969
90158
-23293
256
-21193
27
3
13
356.72
98637
68719476736
125
0
3034158322
-28870
119.327869
-349657974
-173709
10000000
10240000000000
116980
103.963855
8835191956
7
58
184023
4
-3410925420
38108
13336
39313
40
11
-111176
81487
6489760650
473
7776
47
79.016129
24
267
31
144
-2103279840
100
29.371429
40034
7
1
144
-6719874084
68.179487
104248
-101109
-59240
75.428571
89859
178.961538
216
198359290368
48886
-18986
15625
664726672
791667030
97.027027
649958283
2547476868
576650390625
4
216
9
410338673
17483
20
-132049
-126238
27
38
70
-31038
2203.25
79
-48723
512
56
2985984
13.184211
80903
158.517241
11
287764110
153.661017
0
55712
-1064065536
170859375
137.666667
223275954
2744
-792908850
4
155.608696
3
-9038
849
42
64000000
9
173978
-79982
3324082375
21
531441
80380
55704
-39788
198359290368
2189290644
2188
-4343240859
5832
-61236
23.460317
275908776
109.44186
-33167
-359009026
-20798
25833
6561
19
7
483284560
37038
-38456
64580
282475249
49
-41043
128920
2985984
97753
87.060976
27
3375
-6341235380
140.208333
81128
4403
-2339520762
21027
-185164
1
-1830421310
16
38.958333
41
3572122141
-869
95056
-59371
10000000
1
-1771761310
105327
37543
27
-3492419173
35
-1389821920
117691
4
-115433
19494
2985984
106.086022
-3450124755
24137569
-43618
-4119634809
-1064411969
-35699130
38
-171108
11764
595
194.3
131.604651
1331
-1664896647
1048576
157.25641
1564950458
41
361
56
-19682
821912144
65536
45443
77811
229.625
-7031
71
37712
-24368
92.39759
-238815465
-32391
17
-80445
823543
36
70
47045881
576650390625
3636989409
139.464789
95383
55
26
-398003913
-143679
16777216
3335
0
-127345560
19
-7136
293.714286
160000
-79455600
43.4
3
65436
26.661017
33
-8141
-3792662910
512
25557
-74283
24
-101514
-98141
7614216432
390625
19683
-20583
1956132099
-54854
9
893871739
154723
64.746032
148323240
2476099
16.903226
7482
1
-63135
2357947691
34002
101548
225
119760
39
215.285714
106.258621
2385898335
-1252002115
116.107143
1000000000
170859375
149096
23134
15016
4809220738
2476099
201.9375
7305218170
4169100012
44078
132511
19
-2286520782
46.544304
977268028
-67612
-81844
184.818182
6
256
38416
712.714286
512
-33151
1167
10
1
43046721
86748
6
125437
0
589391396
-3458557631
31
-156553
986097138
65
26
46656
31245
6
205.677419
2263548132
-7126781032
419422848
-594374200
15261
-11468
50.632653
21.863636
-15201
57.351351
34
99.777778
16
-99872
-129116
2558.333333
-49998
11
64000000
-35610
-3811699224
10
29
33
65
-527199780
1
1000000
-128920
-9995
-78202
102843
-99552
119323
-619489218
-20063
262144
-1328766051
-1018764092
68.150538
7529536
647.2
11
-2616944570
-74248
-112818
15.291667
111.975904
10.28
42.716049
-757916010
83521
0
-59289
-2443925760
20736
-3064
34274
-120121
58.979167
53
55832
-682036812
-154778
38
1048576
1
118101
4
895272134
59049
88184
1704589608
1164853788
15.163636
268435456
69663
8
89804
-12418
90568
371293
248832
65536
15
60691
61917364224
45551
49675
246375018
3125
-982513101
63.367816
-81636
34012224
-136070
125
129.891892
-495611550
-26343
-1762
36
172740
13
118587876497
2401
-5851849960
15
-771
1665436256
2
-5526107676
49357620
47223
37
214358881
-40231
-1567084266
775759911
2476099
10
3893881554
3125
-1777
-70469
1
-960110220
-6918
63.171717
893871739
23212
53549
28.2
34
58
60540
-107781
78.514706
191864869
-520905440
6
-104560
73.962264
-168966
50711
6131066257801
125
-20547
-97614
26
12
50007
-2756516058
24
557.882353
46
-90551
-21647
174577
1057
1923070740
196
55893
-86271
73
104895
29598
-2420467830
262144
5037670183
5764801
27
33.461538
-29077
9
25
6087
-1164927276
16777216
5159780352
3511.5
2297031448
114661
26
81
-47664
54359
67344
-85688
68.8125
159
161661
64
9
-39645
40727
144.947368
6596750985
10
5
759375
72
111
-1916976282
59
268435456
105976
89.545455
-69559
144
68
90.4
5441628780
3818317955
60550
-20464
71466
-764050000
44
-6232324540
1
-7208
108.980392
104976
49.484848
-2511347474
57.126761
14483
10604499373
-17403
324
41896
-43227
5452
-1792025950
68
35404
-9190
170859375
7776
68719476736
479789625
25937424601
40353607
-11039
102908
64000000
953233374
1
196
-524595123
10638
2187
56
46040
22.510204
-101657
94.826087
18
25291
39372
118587876497
43
2818
89.161616
1
1771561
55905
43046721
512
-82169
7352443845
414204796
-18404
2
-7846
729
-5656383041
121
-4859110780
0
24371
-201069046
-1227791918
6752
64
-24114
11
78
-40636
7776
-706759326
88316
9
-756
3
134.613636
56.025641
-2140976404
5
-179632515
-2704040724
235.888889
28561
89526
63781
483.714286
7776
42
-26220
15
84313
121
-65192
21.262626
1241088000
15
24
830.3
2476645612
1741741902
1488257670
25
0
-113079
301.393939
47226
17
-85167
37669
7985
0
36
-104960
-589606836
172.169811
16384
-3568029834
-26324
1771561
2
104976
34012224
-12143
49
-15063
-2114167770
159.098361
6838
115.339623
32837
1
120374
-3234760320
-67437
161051
4905986176
60877
4
866654866
0
24
17928
3
63070
89
73
2362339463
2985984
113.776471
-31295
34032
38
6126144615
-1967333875
143027
4294967296
85.6
14
-121656
0
120.807692
-962026000
21
29397
-3339943275
6
4
92.774194
-80256
159391
4362606066
6859
101858
535.944444
23512
10641
140.131579
79934
18
-2441413112
24137569
1073741824
-153712
43
61917364224
73213
-1192692290
2197
45254
1331748223
232821862
1000000
4913
2
9
10077696
-74336
54329
32
47045881
-5580272118
43
125
95042
139.83871
12017
-88693
20736
15
-65990
1013097146
68.723077
266.096774
-21537
-338809275
-58417
-41626150
-2855855997
-19761
27
-2625054600
729
20736
-88567
55
67
-4604
38389
4464834773
14
23441
26101
209.583333
2623
-139183
18997
0
25
-69352
-3469695372
-135559
19
113721556
4563
2977
-13479
-104795
4
768163803
5289456235
163132
-145246
32
68
23
2957233860
4012210384
846294721
-2297308554
-85081
-131450
