40353607
252.324324
1000
25
-606276952
16
23
41
2.802083
67181
19582
-136402
35562
-29954
66.707317
2015993900449
-67404
4502557570
160000
20
-69030
-35396
106.421053
12.625
7
291161860
73540
234.888889
22
114.081081
-175360
16777216
-8028569380
-32853
10
5742861908
25
-151939
1242578880
2611
47208
59049
50
-640652161
-16872
-3975
4441643306
-34197
815730721
-63243
893871739
34012224
3
-52456
8.362637
-107070
-49493
-1129466520
28
10
6
5
8193
278.842105
-47359
122141
-179166
106.269841
-138587
51373
1728
46.717391
4486960205
8
91.3125
1631.5
-1614011776
-52620
1
3
26213
-71053
-8278218924
-1545569292
16807
14.894737
2357947691
-1308207843
-1624627200
-17568
1164.166667
16972
1278542850
35.707317
26
72.630769
14
397.5
625
68.21875
143.267857
32
25600000000
100000000
35
61
1771561
2401
708.777778
-146322
-68051
40788
254.387097
-23371
16
4096
-23246
-3260868400
403.684211
65536
-791
-82786000
95147
-83214
