33342
61294
-3205374380
174.807692
-161602
46746
-9582
121
105689
4913
62.15625
38443359375
1
-115401
113212
119307
-372
41796
-156011
753.5
3
-43759
2860
-26571
729
45.821918
289
7994899725
165.892857
88.384615
17
42676
0
62
104333238
15
-1499764266
34
-67470
-876176768
-128056
114528
133522640
26725
15
23
10604499373
23736
101306
23312
168109
2522198931
151987
17
-1832028018
-20513
92.263158
-14841
46656
433.727273
56.631579
103.645161
17
559
196
30816
-28216
77
76870
11
74058
-35277
-43145
28113375
21695
90.150538
125
2312434923
161051
501356583
100
135164
-3366280308
30.12
29
83.05
176.979167
-111696
167.962264
-4119665640
160987695
37
47045881
-3983582449
159
28
-3034764620
1154672971
-72626
30260
19
1440998064
26191
-61462
-92424
358.782609
64148
-25684
272142545
49
21022
-576
113845218
33
121
39
26440
4
66.1
-49820
-49680
32679
58037
-66557
429981696
7669
122.588235
2351313248
5
57
22941
0
-75258
5257895804
35831808
81
-11348
4826809
34.321839
1679616
111.357143
120.55
410338673
2417682688
7
38.65
-41610
129815
-66313
-1188641380
87783
102386
-123888
64000000
-5395
-4017164804
-66426
92.457143
1787064741
-954925344
10000000
28
106800
33194
-146847
259.125
4674522802
9.642857
165041
33
-45962
6052469096
-66955
52.262295
34081173
-3338566155
-434855808
126546
76
-102906
-345052752
-80434
19487171
59049
6
5314063716
3708815671
2741924828
-48461
-1763554477
32.816327
1280000000
37581
-187006
261.842105
-9369
25815
53
3511337807
-23910
81.882353
2357947691
537824
323.125
3
-125079
10000000000
0
6003257430
3040624284
2187
139690
-5313571400
216
1
-63423
19
31
198.326531
48.84127
8487840685
-1467359738
366.5
12227
32
16
96064
5070222432
3546179100
173.45283
-753156140
114.445946
-119682
126.794118
11019960576
-27712
17
97780
15
1296
34
268435456
22023
100
406.714286
152422
34
184.333333
36
-141742
20736
121
69295
-109882
282475249
46656
205.192308
-104994
87851
1282.833333
2067972408
16232
-223833819
79418
282475249
38416
-166562
17539
-3283239312
-26576
156.051282
61
16061
-860755200
-2302296228
4.36
36458
-31902
-97661
-183488
14.62766
8
-5666
-1153683002
160508
249.434783
905201050
34
19370
-180363
-69374
-401014530
3772301666
37.238095
-108097
8
-29659
137.981481
78
-141938
22
7643654128
-4111720584
1780120173
69665
-43781
243
10
14641
42.806452
59049
74
124086
23004
47645
1756224216
282475249
4826809
82
256.851852
56.941176
2097152
38416
87553
2
390625
191116
2
64
7
10621
-159019
-1461174099
50625
6
3094800076
89247760
-126173
98.663265
0
63204
-7205065252
242.210526
2297128320
104642
55222
-83688
14
27
56194
85
48
13
-85757
-8927
-5907
-5682080
1048576
67
107.708333
-175001
21
-324912375
531441
89.234694
40353607
97.55914
57790
155.428571
52829
34012224
77.693333
22
140375
82.295455
-46394
14
-58964
59999
926.5
85885
16
1000000
2215106598
36916
177.160714
104976
47045881
-6319
128
35
-12610
-50216
-17573
1
-164022
73554
10000
895.444444
1953125
134217728
62426
-84620
186.115385
9765625
-78019
96312
28
-5256328290
-15338
33
46889
13
81148
3504
-147112
1656817176
144160
-163632
108609
11390625
1771561
26
30
125
1099511627776
46656
60466176
219.085714
-169915
-1141728588
-7997088102
262144
1097614560
416.3
3648552260
6122397770
-93858
2562890625
-100045
-868741865
862143705
25082
817.857143
31700
-75095
234
6254561808
9
155201
128.013158
196237800
-1981646778
2
5
-86982
-2359707323
390625
113.283951
12.075
75.802083
3570467226624
69.61
2
-5072
1326
134217728
137777
-145308
16431
145201
151.08
1
-20290
2015993900449
-50824
113834
0
10240000000000
47.333333
143.472727
106.872093
100461
166.391304
43651
-42401
6168293640
176479
-4153998614
15
47.05
-109355
6344229656
34012224
250
63.530864
104828
-82605
18
27516
-148240
-48448
5591088
12.955224
649777800
62
10932
23.377778
5927897469
-108765
142503
406961368
-6177
11
19
20661046784
28
-63379
-24236
1011
118587876497
45927
-2058089148
-3420976460
102568
12
-37651
38
-40206
876380128
11902
206.585366
-3041
44.695652
135952979
46.022989
106.277108
576650390625
-19638
3
110.421053
-752432434
19775
2345735950
335.518519
28
312224814
4
-193
58.166667
114813
129051
16777216
35
4096
68545
67
52767
343
9722
-3314
138921
28
5159780352
-28489
3987725112
-2669040608
32768
192011550
118294
2197
105.744186
54
2
-90124
1404.2
11390625
12288
69414
160683
20
34.492308
80166
0
3187231605
196.733333
-106890
83631
88.48
77725
23206
1
13.333333
222.857143
-4328321661
76
-8539
64000000
150.051282
262144
96075
1099511627776
279936
19.125
3996155268
113.428571
15
-188700255
-27627
54234
387420489
278031555
-155461
7.234375
262144
16767
278589063
136.36
100581
-17021
-3756864136
-117657
-40258
3570467226624
129659
-77344
-6094186962
532.066667
-26449
-1951717975
102095
-1028550716
10.13253
-14146
64000000
410338673
62748517
4
48
-122950
0
4
-1380812114
44604
-2019692094
379025031
1192619582
1000000
-84577
35831808
220.193548
49
32
15
-7342
2
14292
-1537379448
-135379
34762
123442
10
29
68
155.236842
4096
100000000
63
2985984
-10230590
759375
77
-56900
4
-171128
23
-993903232
26.787879
2279131712
6
-831804570
-29028
1278129132
29459
23
72.5
653879550
-25076
-77612
256
27190
1682597037
-7711
101.052632
125
21
-11144
49
512
19
2200350760
-32552
1
-13759
1000
17
-161015
3384275928
50.914286
5159780352
-44330
53866
74
53634
625
-134672
28355
68719476736
62735
-40848
1679616
14641
216
2401
-142513
170477120
49697
-30299
-105183
21
1475789056
257.794118
9.213115
200.575
81094
61.94
47
54
586.75
-137886
2357947691
-127481
-143878
429981696
396.052632
1073741824
-2317295694
-73691
61651
154722
-53058
2097152
161051
393.3125
287279202
112.149254
96.4
-47997
5
361
-27530
137.509804
-141164156
86424
62542
-69628
4648499916
110903
-38200
145.327273
-26714
-196457030
68719476736
38443359375
3
33
1953125
-12689
100000
-1992593270
-6090
18
59
10481
6180529056
-135230
105413504
4
11755
-89716575
3723
170056
-3648615366
64
14
1073741824
0
11459
73276
-61031
537824
3
-41855
-131893
3
215.096774
14641
-108171
109.518519
78125
429981696
6561
68719476736
-92357
2878823200
14
40669
-101106
759375
120358
60
-52425
55.054945
2148489317
-169583
1084092750
0
48989
130.407407
68701
188.913043
2197
1
93440
-169217
-1518901584
-40202
20
43881600
49.731183
76.602273
-26942
256
758
759375
-1369363880
26.055556
126111
-55614
5
2760744464
1947935561
24.323529
2624633748
3
69
-15337
1048576
4727
-156588
91960
374939376
2609825444
68719476736
96433
-211822128
62
130321
37.791667
248832
9
36317
3695526170
