8
474164285
268435456
-592837
32556
21
74.75641
41513
18
-57509
46999
-84116
55
-1776705327
-2062539308
-195747
-71512
99778812
63.254902
111854
-76893
24
4096
-44745
997619820
92956
-102362
56.978495
-120607
-33006
40353607
-20331
135.644068
759375
9213
3
109.166667
159.8
63924
34.055556
9825361244
8373639240
2882
65536
-12886
55
-209
289254654976
4782969
-24825
6.447059
111.955882
-86580
235551888
166.428571
16
184.117647
312563953
15
-80800
-111791004
2
5819
203.52381
14057
0
-5960804083
36
576650390625
2
279936
14641
28561
-137945
-92209
169329840
49
19
63.769231
136.358974
94599
171704
625
-13028
104976
4039
-224056668
635663592
51.4375
225.52
-18779
76228
-145936
80.857143
19
53
82.939759
-263631408
128.844444
59
79.932203
67916
30.928571
-6807959730
282475249
-51954
42757
-15282
-117628
26878
2788225048
13
-67039
-550057235
34012224
232.518519
50044
17
17581
-1446155269
-590691546
56.678161
49
3200000
3409397750
208043880
33
198359290368
243
83.340909
997.875
-3576469248
14.5
-857359342
-32239
16.94186
321.16129
225
-1191752160
19560
55
31014108
42
28
27
75
3112.666667
108868
118.243902
65536
-961563875
37822
-78266
55.014085
253.351351
-8045
14
89.913978
10000
15011
20
-58641
211.263158
893871739
25124
1099511627776
28
49.159574
37
24272838
19487171
6
145432
9
1
-44111
-89980
-95586
233.15
79.468085
4066
5483689524
98.560606
7776
96.547619
1475789056
5322
844192800
11390625
6131066257801
-56124
-2694242144
5
357.071429
1649727620
2962873264
57755
-24958
41201
-39199
6
723.9
668.384615
63923
19044
11312
157.142857
108620124
116.615385
16.966667
31.605263
44075
88174
14641
162.607143
64000000
586
1
-72229
2425447440
1506394361
10
512000000000
5519189230
100000000
265.7
-65242
137858491849
132.142857
159.08
24
113.789474
60.979592
24546
53
1024
-106439
95.206186
51
4913
31
19683
829
103.324324
1394
620
3.222222
25365
3524074092
166.333333
14
1000000000
59
51.574468
51614
-115351
361
6131066257801
26059
125.898551
68.894118
4826809
270.166667
245.8
170.313725
94617
46039
-94267914
-109581
512000000000
919292616
-82937
159091
9
25937424601
18769
-37658
22
16
64
61917364224
-85404
3350
-17198
47985
13
721769741
18625
-89623
1024
13248963
-13108
2.023256
83.584615
60
166.488889
-122739
6
51451368
36.341772
16
142218
102.055556
244822816
56
-3437009646
23977
4882
-58865
16524
34
-3575377316
65536
-189572
729
-72394
-116290
4
3126
4
83419
-990782625
371293
6
28561
800.333333
37131
34758
275788800
9929
-179447
2224269964
5031775780
49761
-26954
90690
214358881
1253954492
11210
115771
13
1
240.263158
-81835
78125
-100089
625
-43116
1346.666667
90.956989
-9347994093
20.816667
9474
12.278351
-90215
121.533333
132.846154
-5074
-32125
6827
61822
119535
-18334
72936
-20657
6975757441
-28427
81
120.333333
-9001550496
11390625
6561
9
-73368
-4566694496
797281490
73.597701
256
7071111690
11390625
458.809524
111.875
188.770833
3
-7868956400
5
64
96.711111
1713.75
16
108.972603
256
16777216
54.16092
101.586667
233.710526
86
4096
-78722
-4324
1043477820
130432
-20420
-13512
986245932
-43697
-64611
512
-51960
-132096
202.428571
21
-117061
152495
-4344
-3813
-67466
-154377
242.166667
49798
-154794
24
-3358224350
35
59
81463
44156
