-3527273046
-86656
100000
75
-146925
8
4206146150
462.888889
612220032
-114465
0
256
-174151
256
112856
4826809
163.066667
45
-129123
16
-1491313428
1
6691346784
-89181
-19042
103813
47614
59.084211
75
-56226
243
-41997
1
64751
-10217
89.363636
28694
33397
925
-2796886070
69.173333
-15866
250.3
33654
-93559
-54940
4
5
68.373134
-17576
52
2097152
-140770
64.040816
-174393
-165447744
23
3375
161051
1372118787
13
40353607
10240000000000
20.214286
20
-4803714
5159780352
133842
158965653
370.185185
54236
45
841491329
27
-60540
95846
3.207547
119877
-4358737152
79.294872
10.917808
19487171
10
18
62715
67.301587
-19806
211
-232917510
28023
-126325
0
10
1803444768
32
-1365
-20854
43
-4438
-233467410
1251664995
-6258108472
1430.5
-46744
-13302
50488
-5602407885
58247
-49079
68355
-61171
46.876923
8176
256
50625
12
823543
18.684211
10604499373
520737547
22
-92217
1074198241
165478
48
2985984
-96960
30.424242
12
-86647
-107362
364.6
35
2
60715
83521
-56266
-52253
1889568
4913
-686749730
209.833333
6031
141969
-97281
56.142857
22844
-635160000
5764801
7
529276050
73254
604
9
31
-60769
128
46656
509.1
35
67
32
-89741
13
23481
35696
-1242316239
-128562
-24543
-82688
2490197580
823543
-79307
4202
110288
-29570
-5337
57.462366
37
62.842105
134217728
1548
47
1073741824
75.350515
-105612
3755094464
19
79659994
-53480
394.9375
11.984848
61
110795
10.34375
106039
1
19487171
89757
0
105413504
124.923077
45
19
54293
-1746533019
17592
8
78125
0
3200000
170431
14.783784
34036
-2192159680
24137569
74.676923
19487171
1024
1000000
39095
2972.333333
2187
9
3486784401
343
137858491849
717275300
5931731630
11140
150.8
-7842245106
-58635
48
87575
24
353.916667
83.541667
13.032787
49.96875
37629
230
43706
-26740
20
48.133333
4225488470
628878425
103264
51
-46697
-29095
22
5020
49
546650119
-29512
-73216
59049
-24275
93701
-23569
-2621017824
36.917808
-650982117
-158202
461743800
-61764
12866
10604499373
104630
-37629
-58116
198359290368
7069320573
1
50
48.545455
152543
-16274
1411.833333
3570467226624
371293
8
3
72
3200000
8
-56252
8
3200000
4.957447
2726734800
3
117106
156.21875
32768
8
123733
220824574
-182768
-1096202160
67
-4079274692
1000
-103818
-32857
-137433
121
7776
13
2528069772
85420
21186
13120
48721
30.21978
48739
32763
324
2550786458
109.788732
13050
-13613
4
-1053
4632075490
-1866351195
12
112981
-5118292152
8
74674
2097152
13343
100000000
-6154658289
60027
8
-2071106496
-24667
1475789056
2554033536
170859375
68719476736
63940
9
122913
-66800
7943751459
11
45275
1242274602
7668244240
-117550
8
5.871795
-1159008157
-17746
35
-146275
-18965
75.484848
5.802632
-111319
78
8000
-132485
22
3303532720
178923
73.531915
100.636364
167343
18
112757
220.9
60466176
279936
275.047619
67
65989
1048576
878.4
196
3149922516
-958574365
322687697779
32
-102462
59.765625
1022.571429
22
60991
156388
2
97930
1000
-70071
61917364224
-58992
-1671134175
4708753470
53
-88078
13
398708320
98.905263
5
410338673
-23261
19
-36458
-6928194690
60.64
97.833333
815730721
11897
262.461538
90.656566
-7483939404
76.902778
-6880
262144
-84009
8.634146
-3187595512
83521
10240000000000
-61406
382744551
7449
53.037736
1000
17.318182
643.444444
20736
1800857590
-40143
282.56
12580
248832
-1629014784
268435456
1166516811
6859
