415
483.035088
-27176
851793
-429552348654
155
6436343
1296
-587887073858
255610736610
52
-75854794320
20613
-1049609
170.941973
-350082
165216101262848
754507
9261
-383651992550
420823
248912
160041
-400908
-334490227998
-1780254
3
229345007
-1156597
159.706927
4477456
-426816
194754273881
1296
453308020230
2097152
105413504
260.034161
1207269217792
256
4586471424
-27994
361
34050628916015625
93.814724
2313441
729
529620919800
384.515504
-298965109042
125
1398891
88
14348907
197
661
1156
137.994334
18.272251
268.640777
68921
302
10.541026
119286681030
104976
3570467226624
452316675348
-69533
30
-176790
111
496.875
632629
0.466157
-80324408061
328
105
-535126
841
-229708940636
32
1336336
1446740
99
917981
495
88.730634
611384
50.925373
1122658
821
851408
56821908060
189
-101633163246
368
50.221333
963504
1188078
5352009260481
666
837
508922
1590044
823543
107
-867394
-407552
802.0625
146.726098
622352
193.08933
120
174
158950197146
49.116959
1531969
55.385859
123872658480
0.813387
-213998832360
-1300689
-356371771119
751
221
-153049584078
-695200
-336405968647
21952
152
1329843
841
1351230
3824996864
15.833333
-1312199
194
78453
72.720329
58008446316
690681
-1230462
73.100313
127002763171
128379
787613
1278397
2560000
656100000000
78125
180
251
656100000000
0.448889
4.207574
1444
265.376289
303273848448
-1361611
-545332407048
48.558018
367
4347792138496
530632214510
1260398
336687
201.096197
172
-569077
712520
874711
-647777
5832
1341764
53863
-629465
11124.5
97.069915
436
144147704610
923521
-198022
169
102.202055
-341489
199
410338673
-449263340922
1403175
140131508094
295
125.941919
525
116
1478097
-1127446
824183
625
-341063
773
1557722
244
849010336132
252439
602.720779
-1319715
909817
444383
1
627564
638
-874837
405
110.692784
1249555
0
172
456976
436335711271
112.139194
387420489
170.684575
137858491849
-320013
101559956668416
674
379385923496
943627
106.095819
45.76701
134.753731
77
125000
1120363
176.246094
60
27000
765360
-220671
1354455
3125
183.586605
1681503
354615
574
28159079200
512
356.429688
-37839
-60164
390625
6436343
1882434
80.840909
57.112481
-426315
-267266
10000000000
16679880978201
-844473
-873077
1749003
60716992766464
315503
59049
54.500635
336155
7
238
1874161
51.188618
-85420
387420489
23
-759844
107
467319
102.006515
65.37457
208572242835
-190904856877
8
260746
209315
633454
1235731
2401
70.379001
10578455953408
1336336
62.033722
5.123984
79507
1012209
72.644031
77466
500246412961
75
256
1156
-1384682
735821
1419857
182397158006
595.860294
41426511213649
512000000000
-294871750000
334
171443
-752793
1745790
234059
1099511627776
123.134686
-516047
70428
114
45435424
541
52523350144
713857
56.126214
-524549
164
-13791848304
6321363049
49.41791
424.526786
1832998
-461844
-712520
-215830
183
-768397
310207
80.206693
31.825328
1178365
-497526926015
77.47973
386897178433
1785793904896
21.117739
531709619166
16807
44
400
364728879360
471
0.65625
2064377754059776
31000712196
192
-111023898480
645
-510050
705756
-304788
545.266667
37512910848
310
451
6859
371169
63471
636285702890
102
900
969044
141587151208
908015
-598216596675
26439622160671
1849
-96107766272
41
704103
-63097661186
12211635786
-584995
10779215329
-519939
-1981589
325877
676090
532
120437524656
-175100
198840480288
478717
-280255
16
-270920
38443359375
97656250000000000
115.066667
9.451656
40846096721
58936
324890
40
-127419
11688200277601
1099511627776
263259
647
757613
300650496384
205
1167409
1120893
50
-400500
613845
-1078101
1.155756
151
131
50
243
63
-14027748000
8000
121.959654
475
9.070746
289254654976
-1507991
-534524919678
86537
169032
-112677492655
60466176
414
97336
794922
726816
7
3418801
742867
-66063225795
1270850
14.316038
23983
80
461589
65536
412407032840
-84636
2.390144
82898
21611482313284249
84
137231006679
27
908486
171
47.677189
-948791
395
256
664
792.074074
21.849724
687
415431757620
-887956
-574037
46656
-535882
-506708
-632028
-285644521523
411252797714
371
-1275354
85184
-98850099106
1801152661463
12.983333
9
54.166392
121850
316807
1419857
-811621
4096
10604499373
-798449
-430095887884
-26347251736
587068342272
-6017206955
324591
14
64925062108545024
-133085585880
491764892747
-1366149
37822859361
102.082418
-108695539416
94.932271
1482957
732098082830
-160447
198969
19
264
263.784314
-388901
253873881380
99.405467
624
456976
367.682796
1740.5
575
319756819590
527
82
117649
57.015713
431771
-1514621
294.54902
650005
773870
148.827372
65536
181.977528
176230
729000000
110
-333258
-658318
304097
-275994148065
16815125390625
124.737624
876261
-277699163120
38443359375
1600
-300938
1443066
389511
50625
190922
957647
224
587068342272
608529
42.17965
63.143416
9392
-1162261
-429838
7
205891132094649
61.678191
286228200180
296.62406
19683
-307428
45012121575
-302824804854
454832816266
98730520686
484
-412882
26946
65.585202
452653
676.958333
7.436306
322288
91120283660
110075314176
-41235015620
-248884975040
236161444035
416.752252
526
7256313856
-824799
18.598226
483
16815125390625
191825152263
-611438790186
8140406085191601
164.200378
1176694
-83582
1496957
1125899906842624
228
1099511627776
1336336
26.108504
161051
474564246429
148
321.258621
28
1475789056
677183437582
303933
109025592338
490
97541
-832554
707281
527
54.830904
-112253
20.043011
-549047
454.563452
1089300
1582.951613
78844981130
45.318493
500734
767395
-756402
232
10578455953408
1552083
1223866
71
11.95
329
128956670160
429981696
381.714286
271
243.608247
116.803519
244140625
-525149
387420489
-745380
6561
98.97553
70.289885
487.527778
60756
24.62605
806732
137
-1227756
-902597
208447
283
2744
491332
263
-1143604
260105
93
-43081
-1001861
692151
-1340683
10240000000000
1679616
709050
1048576
166.148649
22
-190137
214524575160
-16667041236
-165685559238
-867180
-58099414470
46
-220838694521
339
1.1959
83
106.316929
-354783
1885.818182
274105222064
-81781
27084
144
3418801
-159637504409
-1245666
205
308
2401
72.612222
274
823543
-192485
-169399992401
111
-1093686750
327057
1251047
29.087237
73
-1033284
-1243992
198359290368
-65522
-414053463495
1182663
166
127.809384
141
102729104544
-297380
1037998
-911183
605.951613
141.77381
-497647885155
857181
684
70
826.64486
633298896900
-475214
873975
126694
-11641
-39190272240
402.026549
-826653
-767681150774
-530835379656
745
-262782
9682651996416
59.267442
151.833068
129
208827064576
319
-40067788176
41.391437
448
-248036
116612
1546335
800135
-36526296730
216
730579874340
78815638671875
343520
892557
529437205952
1521
200
-466892
9261
77797746576
1936
-240721483284
38239
91.076613
1352322
1228934
-355910
19119
1331757
17.700434
65536
33.880734
449.058065
312.773399
251574497397
3375
153872541375
-769121
117.145808
-340886662602
213640199760
-1592223
645011
512
-360180901356
-21942726460
1627311
-104165
-22463731115
60466176
-934021780915
661
2401
-876874
15496
-842792
232.025126
9261
-1388689
333
587068342272
228212343590
24389
1763.25
6321363049
50653
10578455953408
-2156155904
-874949
512000000000
47231763519
-644969
252
-626560576
60240681288
-668561770295
-489057
1404211
262420
598.901786
685
-48344516750
105.928112
138
144
761417
137.590909
3518743761
1089
-29900548065
31.565693
-577407374390
6561
291.450617
276.425641
-1458900
407175
-1178929
-82570
86.403333
-354291
103
420707233300201
229
8000
51.430075
-932405
165.52017
-1008790
609724328850
-361240004832
22211384916
261476
254
-1463986
849705
486227
1125899906842624
-369950
0.497934
93547736799
900
683.430233
184703005440
680
93.229757
14.896194
909150
52.935214
94158698436
-115900969653
42.784631
239
-12701716992
65.905882
3404825447
11.101108
175
127815
549369
153768
77
70.402423
16679880978201
43872853904
33232930569601
404735
311
43742
-472094
184460
114463572580
10000000
900.3
-363626
60577438096
89
-494452013790
-2241
1801088541
244140625
169.869811
151.107595
32768
1253309
-458766624200
107.683333
142616048730
5764801
-1346922
-93623071755
1114.946429
203188192680
149805
-192135
474995143969
125
-51873024095
661824
219306498079
259715016864
-353759
338.454936
198343126432
-653909
-225304
700360640000
-1050328
66.253036
1331
950804
914763678072
274375
303
121.259794
-1702953
7984925229121
320535
497
69
101168855060
536126
-1683488
-1184098293
628553
-78138163984
-323007
-474587
1
25343
119.362187
101.734021
-14483009086
72.623239
2
240
166
216
330529
729
1564468
12.599002
-145261
-662172
60.389535
-281710
47
10648
100.897436
492603257409
-160013871171
462376
1024
-1112944
5429503678976
129.010152
402
710993
15.980973
-245073
-939129
-675642
803
1000592
424511188941
1329805
2
64
1073741824
60.221881
498032
110
272653
-54459
32.147059
