24137569
7564035925
-71893
51.042553
83.363636
30
139004
-75332
-2420579043
5318845590
101812690
271.6
-327689922
30.763158
-708421895
38
4959986512
109509
36025
131042
8027
5
2015993900449
22
5
-35268
250.166667
8
16
40
-49292
1259096
40
17
4247552
144
100.134831
157.384615
7388
-75023
28.095238
99397
-43196
8.346154
10678
57
-143634
40132
-33220
-1211747904
98.609756
-3400792596
1953125
143.758621
-187216
16384
59049
-1412107664
11
104976
46.804598
2958325972
1679616
32
59
-38691
31
31676
22
39973
8
69833
-66776290
2860
56.219178
7
52
0
-45036
19786
-97415
32188
-40484
12
114.24
115350
7707
-61168
38073
-25858
-1432167219
117.52
54
112.444444
91.571429
-54173
-111872
21.466667
7
100
79
504853097
-93524
-119953
6
13.28125
94643
-37596
525.333333
-126319
72980
22
7726
134288495
80
-3562995996
6561
7068620880
783480600
26
42.016949
-3845561820
248832
44
41670
225
18
1771561
66933
-6810227036
1000000000
-107792
26710
1975129908
121
113493
-158443
171563
2097152
1771561
7308
32768
-4547
279936
-1007124216
128
77294
0
1953125
206.909091
10077696
0
48946
-1088950288
1099511627776
6131066257801
35015
6
-22725
1
450.058824
-3890509
-564487967
-20732
755.5
19487171
57
4
127.310345
68719476736
2
39
17
-1862845308
-2984688
2357947691
87246
134217728
-386772800
99345756
58382
64770
-18316
29
117.763158
-3645393010
9.217391
4
22
-55073
1728
-5196923060
126148
1
614466593
2401
-5110
52
-4588
13
-581515710
9149
762905528
161051
-185711319
23.241379
68719476736
-108855
8817
-4275072048
28416
-110363
25
48
47594
6131066257801
-46534
151.491525
26
3570467226624
21
119794
-72502
1926852148
73.703297
56.305085
-81304
-30228
-76651
17023
41.15
11809
58
53611
-129901
-4260547620
-59201
157832
38.337662
8666424000
-343812002
103001669
5513513600
1280000000
114.633333
68307
-687523980
72697
22179
60466176
1759.5
6975757441
5
0
10000
36.974359
-126640
23
139194
51051
80079
5
212.296296
-907407216
-69964
-869994768
26
16983563041
67
15625
52.532258
-11385
-70336
14493
-98560628
7776
-2939587900
-120405
10174
34
10240000000000
186
2
11390625
2476099
1249368750
12
26124
69.781818
39
0
1331
139159
11390625
-34362
35
5
-56142
-30832
-7608287430
-7164884832
-146187
10604499373
65536
52
-2693289456
-3188
-5983263450
4
2996967631
-53530
-58990
10
262144
-70992
1728
32
53
36
-123323
115.84375
67104
170.46875
120179
-19332
-286210078
47763
72.2
97837
3002476862
20
649.153846
49353
1977063624
43046721
-1665719088
-37025
106.576087
9
38
16983563041
-89263
-47749
84971
-53017
-120184768
-7075483926
12
38416
-94312
-21396
-21870
58
144568
365374618
823543
44
-89549
16807
59
4
12.204301
4238499990
1689002485
111.776471
-116897
3207487072
1
22
96
248832
-50433
41286
17
9390
323.272727
136590
7
-16553
3200000
4
-2096179527
36
-90491
-34206
118.695652
318981120
-5087
78
4
107.753846
324
59.385417
-4742953668
37097
2122218945
-68761
128
-44949339
21
-7425
57.72449
251.545455
61917364224
-122839
2513703000
41836
-42796
0
25937424601
4096
173.326923
643473054
24881
-57834
96750
209.137931
52884
21
34012224
97.978947
-157721
1953125
8102
34.285714
-3047
33
97.375
-34812
25
1230319376
-104664
-68049
370.111111
23
865940544
-62458
38416
256
11.644444
70
23.179104
8209
-782196212
64000000
-649048920
-520423675
133576
16777216
4
-25125716
160000
5016291558
0
6.366667
67
26
65536
4096
-5942
4.861702
2815
1352789328
6
-46467
16384
50140
2573
47718
67926
-694607726
-4019
103416
25285
4857008400
3125
-2543650683
17
6170
248832
-4001095659
207.181818
65
8377229142
32201
81
-8508
67126
40
97240
50150
57
33
1475789056
6
-4462
6
8
16807
1053533712
14
23
-96000
2700935811
2401
16777216
282475249
38757
-39251
1408.833333
0
-178435500
3585
184.76
8
475.846154
400
25510
815730721
62748517
-2706839016
63001
1000000
-62473
36885
48.073529
-83905
14
107.078947
33
3577241340
-10009536
54
992.2
64
-15072
29296
16983563041
225
-46140
50625
62518
46656
55.705263
95090
137858491849
4282928790
24.26
15625
2598953931
6406139772
82020
5072633710
-181936
280.529412
454.5
22959
26.40625
104976
49784
16
92791
-73809
50625
110535
1000000
43
-5820444630
6040
-996599370
1280000000
25.666667
93.908046
630095599
449
1024
316.095238
-7006318596
15617
19
-35631
169.407407
-100471
77304
6356
-3783980200
-132919
135.318182
3
-332718135
46
27.264706
59
-1636481781
-1110658395
-55850
128988739
34
4415957740
6
279936
-27201
16384
15625
-1731836568
-5877017946
-32288
730941120
14
13
-43114
24
-101529
0
34012224
56440
18706
27.931034
46
1352619674
103377
85432
-31951
42
4
188067
137858491849
80
-2308
6
47
14.0625
216
11019960576
-5797
400
54871
-14454
79
-28007683
-155942
43046721
-27012
243.842105
-3656771148
3
146449
-60991072
1771561
79.414634
720
22
61917364224
4520
-84263
214358881
10000
19
12.31
11390625
-1525872334
-19177
1291754761
50.686567
126228
61
16
73451
96615
-106844
40
-41075
-112479
37
65536
35.340426
-109189
11390625
-3237503479
-223024875
-26233
77.533333
320.473684
38.228571
0
-412272504
21
108147
150278
-107359
196
0
21
-4296948273
92.596154
29.282353
5
-12657
234.684211
48227
-1769242410
-1937627496
118.9375
4073
2
-85489
2309397488
-126573
52
21
78559
4096
2476099
7529536
691734340
-4227795
135.510638
31
-62519
42
-337822828
13.428571
4878
3.795918
171925
5311381809
-84649
