9
10000000
72
3570467226624
6171
36
256
12
73.828571
9
-107825
111.545455
0
9
0
-37493
11495
-3791838624
26208
-7902
-73157
91933
0
-95710
39223
41.290323
91.555556
38
3155237874
10
32768
-2020101894
-4355242632
33
131.30303
-13963
40.923077
-3239287090
66.550562
-81247
-4371983694
-146784
292.862069
16384
66647
110.957746
400
6.027027
69
21122
16983563041
198359290368
620580551
73011
-1927283149
5279427635
96.018519
2
6
3
35385
51238
-173949
39.341463
1145137136
24386
49
103.0625
8593
13.883721
-31135
-112805
0
5809
1166232600
-6380140200
81
1000000000
-44550
19
17080402
59049
57748
28490
57.892857
21574
12
6
-18973
-2212372596
3724895933
5923
600535830
26
-85000
1.309524
123050
96.191489
343
0
-37053
63419
-751474328
78328
-10499
12
-47071
13
-21267
10240000000000
10000000
99507
-1372498239
61.984848
-38403
-11102
84.714286
-88436
-1028041888
9
10000000000
158.403846
3375
-51136
98449
1754326900
654.571429
-102125
60899
-1316121288
-7500
24284
53.701754
9
-1112173194
140.372881
135555
-168360522
81.512821
60463
38416
361
0
-2004710950
21.954545
88.662921
-3630063876
116.594595
-1980634712
8177
87392
-181900
485.894737
-7475658976
28
117.375
9
63863
40070
537824
1299287892
105311
-412716906
-110453
-837921116
31226
20
34
36854
117260
-16074
183.128205
176
-496629348
4263
21
49.265306
-131565
-15078
1073741824
1.411111
21.028571
-30247
-128135
377.470588
9
707276167
153.96
-3982178772
5
-90956
97.225806
127.283582
11.716981
13020
322687697779
6859
-153664
-188493072
0
-22500
29.284211
96.552632
968832200
44670
-906752595
-13428
-79948
54432
1000
1
-17969
71279
24
224.8
34156
-1328970048
4294967296
-2254396625
85467
-105764
2643615702
1
-5993423073
13
3
-19876
324
25600000000
40
7503
1296
-119511
61798
198.306122
-7838175
-25786
-145919
53557
28.1
62748517
91124
134167
625.6
-16420
148.727273
48642
61.012048
4650007424
187.658537
2289063090
62695
-59969
-137141
11671
31
2357947691
-27374
105413504
2476099
-5070588484
-2017384011
-6966
256
125916
2985984
7
-27232776
9.070588
1679616
-45292
106138
-2434031744
-120751
9765625
6
82920
146.327273
-2737624972
-130399
22837
1024
9
-811
14641
33.42
-4561503456
29455
224.413793
6131066257801
-115225
8411
-54965
1280000000
119.512195
712622524
47.52
65.328767
36
3
-290631964
3925007546
10668
1360054200
4782969
-4883740330
185.408163
5764801
59049
198359290368
562
225
1859823493
35.977528
47
25
500
718570048
19683
441
3
50501
-93037
38
-30356774
60.688172
5
-118716
2847
27
10240000000000
31387
44448
75.8
70
39.24
-60236
37
364
65536
5
-4653177534
1024
-122480748
119450
3051904328
185260
1048576
571.923077
113364
75546
9.857143
9
102827
-103355
-161107
-2463586080
-104097
44
659733312
-75050
256
145948
5081391430
-77908
10000000000
-37898
10077696
1809260558
5159780352
-111653430
2
230.170732
94.583333
452642870
250.677419
36
-63114
-3418622952
127188
7555
-39907
-3264755760
56351
25600000000
10073
169.479167
289254654976
95342
-107243
3486784401
-21753
14
11.438356
322687697779
-122875
43.61039
27
17
80905
18625
-60949
8
480.6
14652
1
4
-166174
17
512
78172
4826809
28.989011
548949226
-96174
-3026160080
-83120
116142
6216215704
400.8125
1000000
68567
37
-15078
-7554180214
2744
35
-45361
43972
304.4375
15
-29343
1771561
-1928834640
34
250.8
42044
-70290
52
96491
2
87.156627
324
16
-190384755
-44082
48.720588
59049
209172318
256
29779
0
80239908
64000000
64
15
32.55
95973
46
6768352824
151695
-5825306663
162.65625
151.920635
34167
829.8
1699999024
7
5
110347
40
35.274194
-3189443712
40613
78125
191.28125
674814336
88592
75221
16
289254654976
446.714286
6131066257801
-19894
25
94.347826
69402
61989
21.642857
5254887990
94.571429
8
-106100
214358881
34909
7242592658
76.322581
268435456
46656
-913356864
20736
29.7
-20963
-70558
4
-588059817
134217728
-146978
3486784401
5
68979
11
-3620106096
1728
562.4
703
-1250373726
-316449120
145.7
57449
76.75
92232
285488320
20752
-3320498560
10604499373
61.823529
21857
15788
1419857
4782969
2676435146
2008
289
5598963795
-127065862
301.615385
8473579224
123.947368
55.536232
34142
4792
-2554502279
139908
-6917
16777216
-136643
51
-5942941137
-115959
-120712
63844
58
-567934030
19487171
18634
25937424601
37768
-668088377
52
14
1300243700
83
275.428571
147249
85796
-2120
17
2192698912
38443359375
68719476736
26
0
59
-15028
-1851616349
1889568
121290
36
-23525
4096
-6156985236
289254654976
-141430
114.206897
4826809
-3894786210
-4791482016
19683
18147
576650390625
-32240
32
160039
52
210.2
70.825
-282940044
48.553191
-1894108655
54
251.84
9
49
19
-43600
4826809
-25973
-95766
225
19
6131066257801
-115562
-13034
5488722525
73
43531
-689347026
-61082
2097152
99.736842
-2269
-755116544
31524
4
-13742
135.795918
-60961
6063
248832
2459847984
32
29.37931
162.673913
612220032
4
2711222290
100000000
16983563041
-6977426220
170859375
-5277
59049
10604499373
161819
2
34
17
-149111
70666
1030.333333
87.231884
644024052
-1726
64
166400
-3336404400
472367025
154275
-866798378
-11028
25937424601
-6877
104.214286
28
45
987.444444
61784
99490
17.270833
10.956989
10000
-1664364600
12.029851
-19668
0
5263639200
-1252932624
14936
-113404
43.247312
77649
4
-150795
2041043004
161051
115.768116
-7473034368
1296
374.952381
11.416667
-25
-889305646
70840
1
3375
96248
4318859
-3216494528
31
-1668730350
22
-148077
-42147
949951233
289
20661046784
19683
61
324
1
2706372942
65.468354
-98277
512
-68859
-1897751336
-37537
114792
38443359375
893.636364
8658
-82168
118587876497
-21319
354.107143
16983563041
12886
5
48.515789
-1862521957
27
-269007490
9
121
933.5
-579692640
44122
-39924
-117070
512
34
74379
32.324324
55783
79495920
1048576
227.628571
45684
7776
3
-32731
126327
109.209302
9
-4985742484
122.851351
-800244816
42.831461
94695
125491
-62130
6874
-47721
60146
387420489
187.46875
10
289
14
1331
60261
-105958
16
32
15849
45
38416
72529
20
6131066257801
-652386900
178654
759375
67742
7.688889
12617
49
89679
-5944
120.96
612220032
2357947691
248832
28489
39872
279936
-132236
-169023284
-51931
2098748025
-6006782750
68.045455
143.985294
6
48.888889
162.302326
86669
16522
-100955
-3997761586
-116580
7142957484
32768
537824
33.127907
587
-1792376088
26218
19587
39
531441
-2206779707
28.614458
32
72
120919
25
25937424601
225
-49189
1364273986
78125
8331250832
1809456190
22925
-7544965626
222640320
140314
29.977273
40353607
9765625
-6947255
80.128205
1
1018874805
-3672360294
169
142.305556
206.208333
-15548
1
2401
-5455
