215.977273
-28852
24
4733908116
34
512
-16364
1292364171
1
487.5
6081
-1515602991
29899
197.319149
84.392157
92694
-4752560171
371293
7
118587876497
-284949660
93.114286
-51250
-8213307280
67.935484
135986914
82.487179
11.925
110459
-27960
25973
-1426844985
-1468675448
174.190476
40
-18378
25.619048
-147096
25.954023
1728
-46284
103214
5042607829
-74656
5764801
410338673
677664810
-1976771792
232062330
-48895
48
31.958333
40337
108.940299
17
81.891892
61.170455
-26039
612220032
537824
-23583
12
-527387382
282475249
-2161776969
6561
22
14.032258
117131
57.425
-44403
-24383574
5
30.321839
48
-169379
144402078
-49705
425.785714
38443359375
-36724
7
-43208
2671457601
531441
136644
871396504
105958
52
101293
7659628032
-44384
1
1771561
54303
-55977
53254
4948767715
132694
-41458
2
87.444444
46
8.341463
114590
10240000000000
100440
5764801
-52426
32
25
66607
65.811765
100000000
68719476736
3846
60
759375
6132
32
567.3125
85.492958
307.4
-4940059468
64
4973907680
25937424601
-102533
48
42650
656875800
1283.666667
-15552
7065881992
158.421053
10000
-15037
83068
1
702.307692
-131604
30
32444
47
4256200460
160000
4446378900
15
1475789056
107.262295
-12354
27.907216
-53493040
7
-82502
-23398
3724457676
18
131418
107.195122
9765625
97683
9274
52198
27
-866422659
1073741824
512000000000
-171316
-1005165886
25.843373
11922
1930565210
103.803571
-85040
361
-4583035596
-2100068124
410338673
166579
1
132.2
108.392157
18.341772
198359290368
22
-2359539208
-33545
-32423
32
29625
58
-771518009
29
-6031149032
9341
1189
5735519712
131.87234
16916
-80115
-963
2137264800
104215
21
-78187
262144
1419857
6654356644
-4171
70162
7898
0
-344699390
729
89529
-912907560
2401
441.5
20736
-26122
2008350750
1024
994604548
130
410338673
113.191176
371320755
-719974942
100
302.923077
61.146067
30.9375
-83293
-1815455675
24674
-42320
3372
62
37490
6
-47849
3
170859375
22.592593
1099511627776
289386223
84416
-656547264
-67763
-128834
48680
9790
132147
1889568
44
43
27
54618578
-63839
6131066257801
-91726
28
177.96
-4907274736
-38845
-51835
-27311
6
134217728
400
216
11
-13953
64208690
11019960576
148347
-85559
4111442874
10000000
45129
625
242
-16715
115907
283.4
991.6
140832159
120.763889
106682
124.8
49.761905
-15502
28561
152805
-11818665
128621
521.727273
50.12069
12
38443359375
23.392857
65741
-126686
35.878788
30812
2015993900449
116508
19
54
