23319
-1034741099
155601
279936
6991487642
28811
406.6
5.206897
0
50625
26
-3850390588
324
255.047619
7
18.21
213.090909
-19595
625
-21395
23
39980
-5203361566
256
91.450704
576650390625
-74936
58
52609920
7777658262
-3611192928
56557
1225.75
676899919
78276
-83628
6
-207
-47253
32768
612220032
100
73126
-51030
16777216
8620
2744
-50477
90566
26
-753384750
-66934
-5162
-8316141582
65
40942
1679616
50625
-121844
33
53023
-67316
89.638889
90.57971
40
58.461538
18097
78162
75123
68719476736
89.69863
38416
34132
38
-118073
-49878
-126904
262144
40883
-2455907249
151322
1296
790.888889
-1172670448
-1604
40007
41502
10
4214.5
2401
129.772727
2562890625
93.86
-3046630860
-770564712
25
-134492
4112561934
-16190
2264067630
10240000000000
38.868132
2089650080
1837954170
1679616
-88928
-12985
16983563041
53.220779
2804515896
576650390625
6604
118.140625
-2070978520
16777216
-26806
-4259773383
4913
45
-90593
16
-110796
88.391304
-90837
54398
25
136.6
136.867647
118.695652
6
78.084507
97592
-101478
44393
101092
-34510768
-27684
3191443524
1296
-106912018
-796852224
169
-9200
44
-310430395
2471307616
346676575
-1938524412
3462045158
4096
10240000000000
-619149641
187.166667
-2849333450
2015993900449
1024
432637222
165.210526
73.923913
376.307692
-1141402950
46656
6131066257801
108616
-101035
2401
24
64
324
4827
53197
-748841130
94036
-755
124517
1679616
19910
57.30303
63.897959
101964
77.403846
15.375
-40576
57.060606
43336398
-12514
-43695
-87983
1752446612
112.407895
65536
104976
4466665662
65534084
5365779770
120.5375
10000
32768
-167420545
6561
-141171
91323
77.114583
83991
71.5
-132333
-162344
81
-6876304464
371293
31
-15657
685970688
207.540541
-2610056697
21
152436
605135123
15
4557483018
-130129
69415
64715
52940
350848827
225
-2326727172
-87531
-148365
2401
-79192
100000000
-515
74
3579269088
6.152174
11
153255
15.460526
38.611111
58747
169
16
-82770
-20486
13
2744
140937
97927
153.416667
103676
93.444444
4029
24763
109.8
159033
113.517241
10210
6.016129
22
-65522
1151757090
64640
14099
-47410
-75672
37
0
98747
1014926592
1442872544
41
10
106.376344
35
198359290368
-100614
-75081
893871739
-132314
43937
2401
-123391
5
-113026
-6841200560
-74441
27.79661
2841131475
251.44
86934
11019960576
177.018868
63
2391
41444
225.365854
-44508
23
773080896
3
149173
-2302633077
2589737904
-15104
41
122784
78125
8
-488898813
43136
-96296
82405
-23659
-59431
6.253165
-31237
170859375
9765625
55725
-88758
129316
2097152
73.133333
-3204400472
-22801
-160012
-183488
-17308
6561
6561
4954671792
2358529360
-819805740
70217
9394
322687697779
823543
-3572097630
205154856
61917364224
63.865385
-14843
59049
130.164179
5467
-35154
53870
5259748543
10000000000
-19735
83521
56
-64788
5581
130694
16777216
-20966
-87930
-13437
28273
243410280
20
159422
107.190476
-24853
-115167
64000000
410338673
-155530
0
12
-5702965254
6
419.590909
1000000000
130.534247
121098
-25681
-78700
-293288769
62.363636
121.492537
109661
4337
2
-1363298757
94.177778
163.06
2736040546
69547
35
2
241851435
105413504
168919
36.858696
6.515152
9
66.081081
-68972241
68719476736
5
34
113
-443380394
6561
41
-208137438
625
11896
114928
78
163637
3
3375
59872
537824
-97548
14641
42
-11334
39
8.425532
8
5764801
-35045
-117158
11.86
3162.5
58.526316
759375
2161567872
2476099
-1019513875
134.786885
-2890254521
1419857
67427
22.511628
2
-2812734060
11390625
189392730
404984578
-126717
496.888889
-51591
371.5
11596
-3956261106
-44144
-51054
-37732
-54959
-12017
584.142857
44
25
0
-91897
9
15812
17
94.952381
5764801
-27213
0
38416
10077696
31280
-24982
512000000000
-119484
46656
61
32
139760
16
54350
118587876497
4430
35831808
111138
-65336
422856780
41614
-14671
71
-5054419776
38
76072
390625
-31405
509568026
7529536
328.541667
-9947
18.33
14
2149434252
2197
64.304348
20
90.315789
21.551724
35831808
-135870
191.510204
-822038910
53238
1889568
15646
34927
92280
122377
82636
-51187
5159780352
152193
29381
0
24137569
63
1331
0
-2529634800
2292.666667
18
119283
0
34012224
3570467226624
68719476736
-7577112578
22208
-123720
-24326
1
67
512
111437
-118961
68.890909
-5326
59641
10
252.294118
41
-22194
46.066667
156227
62748517
1860672200
106.431373
37175
64646
16
1872602720
-2005500384
885870512
584.75
-15408
25.404762
-126513
16
-2315
1086.6
30482
25
-21873
6258
29
7
324
2505626532
16
20736
-31194
2476099
179566
155.259259
62731
55520
-162511
119.592593
146.571429
20.461538
112.96
16
115.482143
9765625
6
18
74426
50.909091
34
50625
46377
35831808
30653
78015
-585769920
-91157
0
4.8
305.16
77
-8035287981
19462
397.3
19363
2510207819
997437600
125445
1303
-51194
56.68254
8113266205
160113
13
78730
1679616
-23711
-55357
-92556
62698
-1505156708
80434
7890460910
14
2
-41954
59049
121
7
56688
576650390625
1073741824
33988
162.457143
3125
32
-2537399863
18.239583
65825
30
10.432099
201.478261
81
-59126
6777134144
2098596500
131349
2197
113313
83521
512
-31274
63.206522
114857
-144341
117649
15
60
4
23602
-478667838
13
35
612220032
367.066667
18.345455
-51348
5
-6407011380
66
52
1
7
-52886
51.321839
467.583333
1
-61854
61
6975757441
766848200
34092
-31370
56160
324
-11787
132854
225
4362
-426073841
96471
1097106282
37
7529536
823543
-68238
88
198359290368
37771
-88643
63.020619
110631
4782969
76.234043
68330240
-5239373826
931.166667
2
49
-153277
1663748808
130.94
-5263035797
58.842105
77
-65693727
28
7
94348
55
273.1
2187
31679
145.051724
-2021228330
29265
38416
192.814815
-163239
87834
-26366
116191
-71384
-2999742854
18233
27
-3391272180
1000000000
46.629032
-42837
109.45
37
324
-37443
-3993
-52594
243
97553
4
0
7776
248.461538
37
-150981
-102697
0
81718
62.505495
10000
20
-1470690455
-1036497956
134217728
27
2
43
-63164
0
5255753295
-2394618228
43.337838
183.653061
6.867647
9
4913
-3679
-1980267933
31.888889
-93247
-31556
4
2401
170859375
4309600680
0
63.428571
103470
105413504
2097152
429981696
132.287879
390625
1114508175
49345
2985984
2799852398
262144
38416
16.233333
6
208.827586
-31253
7
2251851745
256984128
240819240
60.25
-43167
100000
30908
38443359375
48815
-189588
211.4
256
429981696
-171725
27
104658216
-95302
105186
27
4865425236
2
-4196694285
390625
123.471698
-44424
282475249
700.230769
24634
6
188.888889
102180
280241808
48462
125178
-60477
45533
-9303
24137569
2562890625
43046721
131948034
-6131138175
99645
256
6748082112
147008
-83971
-80063
5380990968
710415792
170859375
-24599
47045881
1000
6975757441
19
81.038462
2744
36242
4294967296
-78632
4
4661
5.24
1
121
141459
154.142857
37
7852669689
-171404
-22474
59278
94989
9
19
2
100000
42542
100000000
-7379
4096
16148
28.925
3007874064
1303125615
118.662162
1731467612
512
13700
14
74907
3
6859
279936
-148818
-20361
-166840
2113492150
-47516
73921
-6548
2
-32383
72
1922681448
32768
14
29106
44659
57018
15
-7846
173.622642
69.922222
-4024196528
782103802
128.909091
-469584972
-3824312544
-71816
10381
6
-1835600491
6010331922
1
734240646
32.16
59526
67.057971
0
122066
2767503585
138336
130321
-3371305482
96449
-4757692316
-1392776052
62017
5213585247
-137498
-138955
-7235577180
121
6
10334
342.909091
170859375
13.56962
-122163
127.210526
1280000000
-2071135517
-4979920790
27
-21261
3
10000
13491
-59577
26
342.882353
117579
-213095364
1048576
110.314286
125
129.276596
8
161051
-109289
-3267051522
120852
10682
-69273
-5340928509
-29680
262144
10077696
-30720
