-5098555864
102.594203
-6294668886
20736
376580820
123409
10009
118859
272.166667
1489365825
-4637
-25027
51.515789
237.909091
32
3486784401
102.978947
56710
2159
129978
14.54
39
-15870
6434
212.153846
-15627510
56.054054
-65648
90
3629679570
145135
4718.5
3200000
81257
4826809
279936
289
185295
-29303
3
-820930833
1679616
347.444444
1000000000
256
52.694118
-18884
850.714286
3904799820
-18108
70084
34012224
-5266864305
-120584
150.107143
58.708333
10
10
-55601
161051
65
-93326
343
1681412130
87
63154
4826809
5
0
31083
225
99.406593
-113183
256
-6010197732
47045881
3489905250
762670089
512
2197
-727693198
37
79.05618
1
103113
-9094
390625
4826809
-125214
-17202
387420489
72733
-41874
-124539
16
-88292886
87
1679616
-1484455952
22
2357947691
46
1682832648
80
29334
758127396
149.625
-164164
116.395833
1148988932
-73878
17
-4098421648
-9027750397
14699
-117017
1463981395
25937424601
-28599
471.25
42308
-72756
27907
-84240
0
-79161
37730
84303
25.52439
-3519536306
-871206015
3080562132
5138942120
5.310345
5159780352
512
-795435144
729
128
-97516
22
30
5747645398
-46481
40079
2024427352
16
-112437
324
6844718620
95.933333
-385169136
146.887097
298192660
49
-57963
-63474
1960528236
63571
105413504
512000000000
127.885714
2444
1889568
-56742
-6306730070
1
33
18
-6769048020
99.347826
20.583333
39112
2650239820
10
62748517
121
-29758
34012224
59049
1049460848
76.123596
13
-73107
67
1001349255
134269
1005.625
2962267308
-119677
48
616238800
1
174213
148230
3732
78125
25328
135.478873
3693440058
35.112676
14
-593832536
63.769231
2289345780
-91610
100.850575
34150
180876
18406
-139075
1549028105
42
-888202992
15
18
140.878049
8
198359290368
70640
8
-45041
-25510
53.157895
-42233
67921
1000000000
-80501
1
214358881
-24607
47929
-14291
-88329
106666
56
6901985244
8184
2
1000000
-92694
335.733333
27
-36774
-1479274820
40
85.170213
112
819
109.565217
9.2
-66579
-163014
-82927
65.571429
31
93535
112.364865
73.684211
8
1697688315
51.226415
29
-643817244
89784
311961730
34
38
322687697779
3102650600
27308
-145769
19
238
256
14
213.4
-33514
59354
512000000000
1733487056
73.447761
89
-16935
27
17.860759
1267355782
0
126487
-1182
-947395668
-3838484980
20736
3972977658
4782969
86.172043
38443359375
-86606
7272617394
7107770574
-26410
-305209514
-55042
823543
64
-128298
-1137826354
-3668900760
55.389474
15625
50
-20884
40
-68210
9899
34012224
27
33
686.75
177.6
3027125844
78125
4024600455
44653
-57999
188.2
4605549572
13.239437
47790
1475789056
64892
12204
256
0
58
86.309278
25
-169095
-5575
35471
52271
760.5
256
729
1608110600
139.470588
84.574468
35831808
336.375
37
35233401
29
248832
40
2197
233.863636
6561
-679813506
69058
-6907
64000000
4.5
-127464
-9322
75453
823543
537824
34
6859
289254654976
88.525
22643
11182
1668809706
729
161051
51
147924
196
119907
190.780488
9111
-113201
38.043478
14562
2
-1308942224
18
107.060606
2906545440
3408430781
49
10240000000000
2097152
76056
10866
240.454545
160.518519
-127781
124039
29575
125915
9
-4343
144
-2947263165
-3557061630
22793
-30197
8240575652
268435456
109.724138
36.855072
462.444444
6561
3125
4966.5
98.97619
3782345388
5
14
-26817
18
38453
-2779685720
47.480519
-123759
-987879552
108.164557
1
64
72.930233
5
79.943396
56075
256950375
6227991523
1953125
-58480
11
10077696
1824
10000000000
64000000
320241852
1000
15542
-131867
8336
117772
903.125
62.935065
21
576650390625
5047813485
16777216
268435456
-113638
-7964
823543
115848
-3567582905
38.777778
-1430945883
93
0
128025
91.126316
-2028463202
-3960493264
34
-68521
26328
6.142857
4
61917364224
8
24.96
142771
2221462620
1548
50625
571686620
17
-67365
8945
17786
2
256
0
30557
42.078652
2968
-66602
-74177
78
-43843
167451412
84.470588
1
46656
36982925
43046721
7
2744
361
46
38.607143
3176936234
86555
1220.25
22345
39
1099511627776
135.267606
2423804676
-1199057418
-16947
168.965517
13
11
47
1449210072
66.068182
96252
32768
226.604651
31
3.055556
2531
-89403
5839997814
28
4
470857468
54.315068
2215813214
29
326219443
213.948718
25.238095
-184730
-3853034000
2444740549
-10628
740683240
629.666667
6
1290347904
-8621917632
3158127948
87
35831808
37
-98588
30761
39.25
-1625072976
129.074627
35190
1877839488
-97905
121
-53440
12322
-3838005897
-902531230
4
37199
130.764706
-118669
-142009250
-90833
134217728
6.297297
16777216
-101689
1889568
-92344
1728
-40191
64000000
178.633333
-2491443955
-47953
-34266
2414547399
87368
10077696
72
-99639
7
0
-4369
5
3
100.54902
-44675
91.492537
2362582016
151969
135055
110.974359
2097152
390625
2
144
2437948144
72739
82769
67
2
6131066257801
-3997226652
-6014010425
3360
258.857143
-131492
13
-16371
-2696358654
-10518
-49097
128
-95222
17163
57
45
49
137057
24443
-135889
93
41.544118
111347
2
820010025
429981696
166.526316
-126415
316091775
1
75531
7517
29858
72467
95.228916
-78656
35374
361.2
45996
167476
240.848485
1073741824
62
4096
61613
36887
90
299365923
76.471698
90.962025
97970
-17929
9
3
10000000000
10077696
8265
39931
-15875
1025
46
19683
-100235
53317
10000000
6
703252092
14
113255
6935
576650390625
-9261356676
-2433775981
-108021
-247847487
934.285714
73.82
257.105263
23039
55430
81565
4834355751
29
112922392
2
-2414685490
28.567164
-4498860324
49.365079
56.140845
27
34878
531441
71782
17
36.316667
467.75
3894654848
171.217391
-4276568088
-30617760
7
22
116.328571
107
127.866667
-8089
32788
99661
-58444
-2039864872
-110423
121
16777216
100000000
1521761056
55114
29
741681830
20
-106904
89
139509
129776
-66930
13
-100763
38279
34
65
59547600
-68310
1953125
-37447
4826809
1419857
256
-28709
-162462
843
1889568
18
262144
64
10000000000
2985984
7
19288
34340
-4732
924061488
3
39
40635
44.613636
72.6
22
99.22807
130.888889
67744
-95565
11019960576
59049
-22712
537824
12
24
-12586
64444
-16784
22263
6412460826
-27602
-134287
23077
-2676994401
461435961
279936
-193030
3351436182
25
117649
28
19
-4338541152
-50136
113629
