-6169
7341916950
16
-5795985768
36335
33
127.428571
0
60.537037
-51043
-87011
22
-81921
2045302428
97.714286
13982
54.967033
37
729
-59042
21.769231
19
5
-2512377889
13
28
-18405
16
-91380
-159328
206.805556
241.897436
14
26215
1099511627776
64
20
6
60466176
37
196.977273
-97011
-166577
-19755
101.28
1280000000
81
11
65038
1
-2001303638
137858491849
25
262144
166665
120642
2161848129
-182549
118587876497
2
3077833990
268435456
262144
84.02381
177.980769
-6551317590
-33131
-2783422664
-115481
20
98616
-7152
12
45
55977
-84750
255.974359
10077696
-2531373624
3172
13
116874
39
52.229885
4767027888
342.217391
16
7529536
105546
1536118047
146.508772
0
537824
128995
60.137931
17
42285240
3769255193
4982550752
1609
1
-88250
2
153332
3781053743
8498133210
22
-300320109
16807
46656
729
35
1
1144116374
58.063291
25600000000
38377
38
63.526316
2
74.010753
99.744898
51
62.142857
5260
8052
7049207080
227.04
15
-70220
100.662338
83521
1099511627776
32
21
1977349745
-133433
-63625
166653
-6784522686
3125
-84580
-1727482
74106
132881
33
33
46
-14900
129909
22
-166287391
79
28.88172
123212
23702
94.101449
-724764360
68719476736
3168817728
537824
1000000
32
12.833333
50625
-167620
59806
-7019
450284120
7392640978
128.557377
260.447368
104976
741234452
107.75
429981696
-1221868544
27
-20006
-4625377442
52
129.064516
24
4603
66.025316
2
2357947691
-92663
-1645803266
-2126052348
6561
-77610
5533
118.630435
4529757788
38416
-5442092955
50.195652
16983563041
4096
124.320755
2476099
0
17
100000
49
9
28561
85223
29437
25
73756
19
37
25
1060182305
21633
782.916667
-147206
2011925173
8
61.380952
2366354882
1024
-41934
60493
135005
-65057
43008
78802
-180160947
119114
256
-9556
3
75190
5
-137672
117.575758
-83687
106.922078
1419857
3824519608
-120968
12
56505
126012
68740
-68468
31523
625
-28254
729
0
-85956
-130147
35.5
459.25
815730721
93.548387
17
64.525641
8830587840
110.888889
698033857
42.569231
146287
169
78337
4117
60466176
6432
29.714286
53821
13
10077696
-38424
-31550
401358602
-8973
-70326
6874
100623
712927852
128
128
16983563041
24
162.717391
127968
-92980
2119585650
531441
4249306332
-48727
-70479
35.846154
38.285714
3
429981696
1169729250
-69555
78.676471
-1421639350
118587876497
64000000
1272
19331
26
-6044
-511
49042
-1940672129
24
23702
73.685714
-31029
2985984
123980
2401
66.416667
79880
23.875
3161099850
34
-637899870
390625
8
110441
2357947691
729
-74656
98124
26912
-92155
3
236.157895
39
61162
63989
-14803
94519
162860
-33651
28
31292
67622
12
24
36
-88156
-101523
325.210526
17
3375
49492
49
59
169.947368
-45420
-5540807774
214358881
155627
170859375
62
7125676307
576650390625
81934
-10566
41719
-85853
40353607
-114252
169.857143
89931
-116477
4
4099997940
10000
2991668004
363785175
25600000000
-46187
-7481193568
-1045094400
57
196
214358881
171.396226
6128708649
-52741
2
-1313267800
7
618
247.5
500149230
3570467226624
-3459752250
111.759259
25
0
823543
23
47
56111
4
25
2
103.168831
-1586932354
-110261
65
-45234
-112950
-27170
16
12.561224
-61392
0
60.670213
64.426471
-104818
8546
