39682
-6723810600
-125048250
429981696
282.3
23
268435456
2620755096
74.8375
43767
-39379
16384
1124390734
-60630
32
177.181818
23
40353607
3486784401
-47588
-35543
-6370093328
-84342
4927
-41340
33
20.232143
18
27
0
42087
90621
-17541
-77128
-103946
86283
-130423
25
49
13
823543
-179556
3579
18744
107.255319
25937424601
256
25600000000
19
1889568
65974
-138967
282475249
-128173
612220032
461.6
0
97.166667
37
71.85
25
-14753
-22640
-717936342
366095994
-90952
3125
-841946577
93.652174
75012
10937
137150
8680
46656
47
12
60793
10604499373
1679842914
124117
195.365854
12
-373793580
-63780
395357007
-10114
40
-1177948023
5
75217
22
-65761
1073741824
-37668
16107
53485
1273799434
1280000000
59049
52003
-62
-23511
1296
10
8
44.363636
34447
22530
-327160274
-64124
16.245283
-11572
101.072727
-11594
834
158279
-23079
46465
-1243117968
1679616
-106162
-147937
161.84
5563
17.595238
-6159844838
152767
-600478112
2
-119773
35
15
-23951
34326
-18628
72.1875
47.181818
105261
42104
60.795455
729
-211723470
73603
951.5
-1696470831
89714
69.666667
1627401452
2890
21
124.933333
36.08
16
-10001
1261802750
-469856200
59.043011
4453720380
133694
147.75
16443
46.974684
48.906977
-24606
53
-82349
113988
387420489
108.410256
93.135802
4806661480
1459589842
99405
-119366
54902
-5309950425
59049
2744
7529536
-35878
14
131517
96.770115
-127991
34147
102488
24
38221
14.506329
19487171
-73780
100.641509
12
1125409284
293
146089
-118189
105423
34.320755
58.673913
90.4
17
12683
-120175
60.311475
8
8
324
6708784750
135396
120276
289
4557176225
4541511594
-7970
-1465
1614506707
6.533333
2744
4655982825
1048576
4610
49
326.928571
-25669
11
38087
90
32455
314396511
27.541667
19359
45
30825
89470
-46567
44
31
122.325
390625
-133223
-53421
-8321
-53823
55.494382
62794
5
17
3570467226624
-23640
-1911437757
-12828
-1148324944
196886560
0
28902
0
79.428571
1943580453
90366
171.75
43182
2069626250
0
2
-146721
-43540
89.43299
56128
1048576
-2383539725
371293
12
-74451
159.982759
-74995
-62927
4378346415
81
52
130398
-80744
13
-6642638046
656580396
170859375
1073741824
-2504295368
1647560519
-27629
-6949514286
-650828150
2015993900449
-936456905
5
14
2096032012
15
699198575
20661046784
2187
2197
4096
77.575758
-149973937
109003
45
104859708
68.55102
122.34
-11091
-1375
445.666667
13
59.173913
53.019231
45
-4888159032
5634266093
1488827974
129.786667
-13929
66204
2243368050
97.552083
-6646685366
-1444417734
137858491849
-98100
-63194
27
-15642
118.612903
172752
39
-15538
92656
-175924
759375
54487
98.215686
-3374662310
1728
525.444444
-905159973
144.882353
59.75
-289536464
-139668
9113
62
9765625
28561
-22180
45104
-15236
1475
-161472
-8426334096
81656
-390883077
51
77617
-326036848
325.321429
8525
1048576
-145496
512000000000
59333
1575044109
65536
194.461538
1
243
32
29
160000
-677292373
1280000000
107.358491
9765625
63324
4510
143.220339
243.631579
25
161.185185
-19566
-1499684032
1629419166
45779
-3760852240
32412
0
-59261
-30806
-1922
121
2520
-8867
67221
-1656
14690
-172943
16904
9409
54.460317
67.333333
41539
-261042543
551.9375
256
-82553
136.625
-810905046
-17173
151.265306
68127
73101
-100523
71.766667
1
38416
40353607
78125
290
310.935484
-39884
38
27091
33
10394
1
4348516374
45.619048
33.636364
143.205882
696.5
1000
343
1024
0
-386444344
61681
576934240
219.230769
-48932
-58329
-73019
6561
34.394737
77
-1052281860
37857
39064
414.6875
42060
272.416667
95.267606
93.493151
140.216667
1475789056
-1548950000
-132410
130321
658211440
-3041640108
103.532258
14
3
79.37931
37894
2699213352
-350973500
27
-22305010
10000000
33
-140242
-42589
-15161
21843
-133972
16
67.76
8
-1930746592
8358
371293
29358
-6357489920
-63147
5
69374
98561
-17797
59049
-18994
-5944
-2022
52.186667
-131440
-43656
139840
114980
1
7776
225
495643365
30.261905
-46828
168.142857
-78523
235.52
16
-50688
-3092591164
78.347222
0
-732577774
390625
53
16807
20.877193
83835
101016
10077696
108.769231
7776
7
-18660
123.915254
1475789056
2296383099
-42717264
20
81.958333
-1654300417
729
-84105
34012224
155120
-77999
28539
1532784605
159586
-734885406
63905
-48555
-60658
-5539915375
38416
-181393
116.254237
-66750
225
23
56527
50845
22
-40248
153799
32524
4826809
46656
54.629213
46
81
9
-7955
37.701299
304.793103
32
2349.5
5
638.363636
1
-23329
9
46152
66139
31
1572.666667
26649
-10183
5
-37302
48200
59049
10604499373
35.52381
81
52975
11880
2894830720
18
38
-98857
248832
0
88325
24.014925
29
57191
11
33.730337
34111
69983
-4944979102
31
-35539
31419
815730721
15
-134489
-32410
-2454543840
16
-71210
4768105512
84.757576
-25412
4.125
-780815445
-32375
-3948508772
21
-1583893822
198359290368
62748517
-48727
-1561346800
15
92
9
1173
16983563041
78.542857
43529
1771561
1331
98669
0
34208
-7879396338
2
-93169
126716
-25390
-40103
1128.625
13214
625
-636912567
262144
69.66
10.021505
4294967296
-38651
14
400
92
10240000000000
150367
1728
187.925926
26913
-1026876432
61460
-90002
18206
25202
1698545808
34515
-10108
-1861144215
-123467
111491
3374372320
225
5832
-462200490
4
324.607143
73.444444
36
-13567
208.448276
-60385
371293
45.487179
209.542857
-5407751298
-100539
1000000
1267233125
81891
322687697779
426.333333
244.05
0
59040
150.333333
4465
-1764875374
935
-2992503515
7529536
-28048
-5773127724
93.071429
10
1316433633
167961
-125652447
1174
2005379600
40291
64.592593
-89060
66.076923
2044643808
160
109.146067
-3767393637
-64900
19218
-111501
78176
171.157895
47045881
-65085
174998
100000000
46.538462
136551
-65503
-79174
62
-604369480
9.467391
-4718
20685
2187
3
81.783784
210.2
23
16777216
-30432
3816502380
-2780114960
-113456
8
-177008864
-27581
