125.14
4
1172385596
-85493
8
31649
160000
1999499571
110.471264
54
-107365
4729273696
271800032
-27107
-157096
-15726
18.351852
-20631
137858491849
13199
123.321429
43267
129.378378
2605095396
18
59509
1048576
1
3570467226624
78.558824
59
19
36.973684
132049
13230
10927
1024
41407
103.236559
21906
738104640
50.422535
-70887
57
11.014706
256
8057234107
119741
-15414
58785
72.88
45887
1
4
16807
47
-2062042710
143.62
-220651650
55.5
21271
-80397
1000000000
512
1953125
-1683898678
512
156.290323
88.747253
850448391
16807
-6318934316
1024
58.22807
20878
56249
-3141405628
162704008
38416
100
-159938
10000
4
38.952381
-56519
27
7637
168.56
1953125
-3702
6
48200
-1542195780
3118.333333
-14750
-936874638
71964
2266002350
387420489
-4271159340
195.170213
1
121
-108727
137.978723
60
70
-55320
-69127
80.93617
354.875
4
65536
2
13
33.229167
10
-83927
19335
1484887552
113.890411
1728
-2750587944
3486784401
127.740741
158232
1073741824
11390625
-1661
28
66
17061
6561
22533
-27648
40270
-25550
68081
2562890625
-107402
149260
130321
196
32768
62748517
29
98001
-777648168
107068
-31116716
107.109756
6262750912
18766
-3027
3570467226624
-2712664056
67870800
21.615385
3
1073741824
-4937534775
9
61
14559
9
-153749
-80025
19
-74733
3347
-3079740545
-59460
-13782
1987
-32800
1985120340
105.692308
15111
-112513
1331
3
29190
16.2
3
56521
64
84
24625
65536
-1297548288
324
6561
3570467226624
4782969
-75336
4387532032
175468
5159780352
4
-11439
148717584
893871739
1879
7701
113.235294
35.462963
3375
2562890625
-62440
18
116880
117649
27
200.35
9
1393047920
2476099
63
42079
-3555826803
848
-4404164194
135.44898
-23591
3343968485
23
112285018
-61589
256
38019
955732272
3641184708
89.178571
2197
4531797998
36.810345
1565641198
18
-2175
364928193
-13962
123488
178.465116
-15984
9765625
1310730605
38.344828
82
-1327939080
25
144.18
-65675
-2641624288
53
604.111111
22646
36
10995
1529759458
4243905358
-3601662544
177429
-2253499136
24
135489
-19624
25
64186
1048576
50106
8000
109.195402
33
75
-54435
4447384030
-12648
-123384
2650515609
171.42
139459
-5147972190
105413504
-65940
4
268435456
15356
84.493151
103.936842
26
157833
-54536
106642
-2545
36
-99558427
-3430
55.461538
429981696
118587876497
-3670194222
4096
63
-88067
-120056
-1528463524
-3029404875
164914
40008765
893160474
60045
92.876923
4096
-105792
153.090909
2015993900449
116.375
25
24
13
81
-3546456615
-88136
59.80303
4665537557
4294967296
124.854545
96884
-97237008
60466176
122052
97295
70
2
314.333333
31
-47731
42
51
48
3200000
100.453125
16
71.126437
29
729
-7209909872
2629290084
1296
13.686047
371.5
32768
410338673
50.381579
-1301
10077696
-116237
-765410397
81
1732683480
1954961168
-6031783827
-46967
5764801
97.363636
70035
4
172.666667
25
6
-5403710000
7182441015
-1220793938
6078103449
40400
7529536
67
-619038336
37
134217728
46
6561
34225110
25963
-1575531342
31607
85.8125
-3692823565
1441984680
10604499373
276637893
-873236910
2425395840
19
10240000000000
66919
36269
256
49897
576650390625
10
158911
1
103222
30
3286392889
-104102
99827
4.115385
-156415
15
72
1
667736608
56.319444
111.559322
-2029947183
-139973
-129214
45225
-5598
4826809
1915
-27212
47.135802
5
-1234
21855
95.84375
552683100
105507
-105881
31
3119542280
-128073
-151137
318.76
125932142
612220032
0
125
25600000000
150.912281
-23496
334.178571
33757
87.816901
107.833333
-71859
387420489
64
2439.666667
1953125
-2528640912
-5249497375
-4960735395
45
14
260.541667
-28733
1
44
93558
86434
-146686
207.208333
-60114
3146466895
69094
65
-6204602880
3486784401
14021
-2516096565
34.418919
32
-172190
-73385
66
7928209150
-118280
247.6
91.450549
10
84906
9
0
31953
3831043524
-53026
61077
-23871
14
248832
-61807
54
14641
943
9
2
81
-137635
-47637
75732
146307
1
0
41
29825
1953125
130321
-12425
452235263
-105523
14641
119.217391
116.457143
624697975
-838108752
-87958
577977972
26
67761
6011349294
729
-51152
410338673
3462284214
1197.6
3296
99882
5
-51110
124035
2844237802
1103
79.684211
6
-94100
-8460
606098080
2197
-42706
1280000000
79.677083
-62863
65536
-31481
87551
39
26342
1085013384
243
-134289
33
44.395833
-81238
-166438
89210
1462451880
1000
4529869232
-13071
-1785
-1147569676
-72830
493.3
42
-33800
-35512
34012224
13757
-226272690
-42518
166.423077
83521
53822
48723
1296
-80624
-87167
122884
-3566557519
25805
-39953
91.011628
-6539679338
-79103
-126535
147.942308
83453
-1884131162
1
-103310
57941
-265276182
133151
321942783
82596
1384
-93479
-4325143284
6975757441
45853
-20741
2764793262
19.012346
24137569
6975757441
121
-29256
129257
-60656
-48324
470.090909
19683
-3408
-145990
158512
982.444444
-155435
256
-183459032
429981696
1475789056
-130877
25.071429
-3653
199.102041
22299
3125
13.973684
-2667799120
584
100000
-105491
289254654976
-99629
354.115385
15874
25937424601
2097152
35823
7
765453018
38.411765
-98925
-984085855
-32566
16
707.416667
3
1402
-18442
87
36338
14
54495
68914153
-75122
387420489
35295
-2155757534
-32487
0
98354
15969
15
10000000
17
0
1773453294
-5706181754
-37839210
3140414820
257.787879
262144
66031
69510
2
60466176
74.630435
16777216
729
282475249
166.157895
-1249940508
114632
116.973684
-86127
1806597468
-76029
123.259259
19487171
50625
45
69
64716
-5501051514
85144
322687697779
-162929
27441
3125
556.1875
11390625
7529536
35
4
-11255
2644
-45400
3493136353
-5383243639
35
153.94
17738
4497659910
161.816327
83148
837909976
-89346
-66552200
1024
-61981
23
-51915
107108
80.987952
-40061
377.269231
452002915
121
1048576
69
196
3486784401
70451
49079
243
198359290368
22502
-67641
76.44
1000
-1428776274
-683413180
4096
-28443
2609228937
1000000
16807
-33755
4
-3470079184
73.5
119470
214358881
605887300
-46667
2562890625
86.907407
83.925926
-88629
33
55780
384.285714
3583
26
831459816
-164631
67
429981696
41
86509479
20
43.545455
66534357
-4302518
147.407407
16.544118
1463622312
6891877772
81.752688
74322
30.604396
161.381818
72024
41
128
46072
-147837
-83092
-1168281420
79258
1153
-3170424840
214358881
-125885
19487171
40
10240000000000
16
-56518
57.690722
107026
-23419528
47.529412
3570467226624
225920120
36
149.714286
7776
-2220182352
152.606557
9791
109027
-58467
-40944
61.741935
0
1000000
-1647523454
2829168224
-21140
72.64
-1820273312
2317
-57198
22572
83538
71120
84378
3804
-69964
42943
239.038462
8
38443359375
-16175
28
197.9375
61.139241
19963
-4389380088
-102617
-69446
2320
3
12.191489
-745509042
-20872
87298
81.425287
14641
49581
13
120236
27084
1781114665
823543
-34964232
2195867850
-4362953355
11
41.372093
2197
169531
-52497
15
-170239
1048576
24137569
38600
-2313784536
-2653518270
1
31.733333
91.507692
-1946359800
16
209.891304
-421454836
1441100828
2068
7.967213
6859
183.692308
5764801
62.445652
35
145502
-60930
130321
549130106
2196
105.223684
20
-51022
5119131834
161414
14
-154265
58.303371
11.292929
60.285714
4487223904
2217.25
63560
66314
43.62069
1000000000
110.666667
371293
-78723
24888
70715
1
1000
61243
18
-1680909421
4
-26190
-7189
8
-29311
48011
89
21.63
256
19
150457146
16384
403.333333
-77238232
120.242857
