16384
-58127
-38409
-17457
3301396056
34.653846
165668
148524
73718
64000000
1217820186
1358712250
-953270640
55.784615
74.95
-94016
42563
18
-163310
-48204
324
3375
1890585760
-12402
13.619048
49
79876
69.010753
-58004
68.082474
179.972222
-36170
3663513303
19683
-116913
730491790
49.44
5
2699632999
62.405797
1875018249
518940582
174.888889
-71537
220702500
583542973
-77711
103.965517
3
130584
90564
-39968
-8496
-4640826258
65536
26517
-11817
9125
1889568
104976
2187303174
-120714
22
13036
-744
-131341
-878
28
137179
371293
0
88.593407
1
4177
40353607
22
27972
35.709091
2
90062
1005
50
13
61
287.354839
34
140.225352
64000000
-31340
65.785714
65536
174211
79.034483
-1401381190
38416
-38353
436.428571
413
-34815
83
43850
10
135063
262144
-1783316535
225
106.107527
8295486000
81.890909
-16232
79123
24
55.346939
-917793510
34
152195
-4557883056
1000000
0
92623
-3223588585
166349
16384
-2016738969
621642230
13
20810
165.978261
55811
-365012424
1619681165
40
759375
38.746479
181.705882
823543
-52698
2400211276
4879055268
81
3570467226624
-1119427956
11.102041
126.5
-99126776
0
-116302
21
-182118
4117
-83009
102.387755
63.323529
7575326937
16983563041
128.697368
-159069
176417
-54792
262144
50680
30
4826809
-114139
-627881289
-79276
137858491849
25937424601
-81355
20
198.7
74.079545
64.084746
-133663
162687
8586
2136118425
114.74026
1889568
-1241563401
65506
-67442
2197
61.298701
-68718
32
153720688
72454
893871739
264.153846
124172
2118327680
43.454545
243
185.555556
512000000000
1
-86137
-22383
63145
15625
98.649123
47045881
60.52
108066
100.179487
-30114
2
6859
51
36.148148
4826809
11390625
3570467226624
199.461538
322687697779
10000
-6595
6432
64
187.490566
19
16
28
-139876
24
988
38443359375
-93108
23
49
5879458222
-2799
-133466
10.461538
56.357895
12730
-4558887154
-5125582361
45.174419
47045881
1048576
168428
57.212766
