179837
113113
-27850
-135002250
4096
23.323232
23088
56.021739
4096
125
44.957895
53.985714
-52462
-109245
26853
647856678
228283429
158.673913
192.966667
-29362
-131682
-80836
20.675
49
775295332
23.655172
72301
26763
998624948
290
1024
29.032967
11
71887
374.866667
-6830
16384
25937424601
-58063
42
125036
-16737
17
-140200
23515
9765625
-3276889584
1059.555556
-190332
32
-69452
40
-58789
239.8
111.910112
518.5
8439
16983563041
115406
-16743
-41801
-9133
-55539
-3447
2
125
-5964686336
2537
0
243
716.4
60503
-5735
-947499332
171397
707160160
22
-112231
117649
20
-3391044944
-28389
69.555556
812186080
43973
-1904573680
-338502423
-7664774952
-43336
1000000000
6
809.727273
1118349050
1153751170
-4482259873
-37363
6859
-125385
8181
5350908325
32768
92.102564
1129.625
65.841463
-665110208
3
24137569
2476099
199.916667
23.256098
46656
-76229
67123
47
-55161
26
1048576
15
363.642857
59.414894
512000000000
21806
319
5
67213
-45471
-436560100
115.255814
125
5.377358
29
60
-6954528
59.4875
11
-23750
35
122.421053
7
4235318695
-17437
146.446429
-163653
-141454
6561
45
404.05
-48331
2271360329
98.989474
-25666
-29347
9786
32768
71334
14
2
18
3125
117726
4
220.826087
8
67076
4954402980
24137569
12
28561
3
36240
16473
53
64.918367
-12509
9.623377
73.685714
11832
119.45614
3200000
86363403
-78409
27
-138764
30
89619
11
-5995
9
729
-3742640577
-6972833304
4112292800
446.6
-48780
62.989474
-76909
170.625
-128519
36
-375041815
-84592
1003.555556
6561
2016482094
24.206349
64
39839
2445784704
19393
284390304
34
67
68502
-449634011
95
-127944
-31935
141.071429
130358
16983563041
20661046784
-79362
-1399966400
36521
79602
6
162252
97.068182
-5289
66734
67
-1222088595
35.666667
129.375
60466176
387420489
33
-43711
-26841
30
29876
16
49
54895
1998864450
83579
77213
3
295.8125
53.163265
76738
4913
46
1331
-42772
27131
-98670
-1602776132
-133032
120.34375
512000000000
1
15
-71928
125
95355
256
142263
15
-29499
4166570805
4
172.92
85423
-149022054
323.375
-38543630
-2246424292
20.226804
10871
61917364224
192.22
16
137858491849
20
16
-1075554285
39
-1082250884
4169827362
-566095250
4096
192205
1390872402
5964201068
29439
84.707865
2
17
46541
6036112038
322687697779
2187
-95737
102.372093
76.7
-18106
7.880952
23
68719476736
19157
44691
8
1230684556
-1551691677
91242
26
-197911748
3
-15748
630358444
174899
-154782
-62176
18610
-114344
14231
-111790
76.682927
61656
40
-2802
3360
-813
-1043174565
7
0
170859375
207.555556
58.155172
26902
-22741
231.162791
-1109
84.819444
-180430
370.2
100
94.078652
83521
28
62
233.289474
33708
66973
893871739
81.56
4808464000
3200000
815730721
11
3250
4652686336
512
44
-63464
4
-20564
4
38416
22
-2175830676
-18721
-2425404370
83.628205
1073741824
2097152
279936
-57928
8
3
1027200792
7559287905
33
289254654976
5734600012
-8177280
32207799
3607522570
6029
-1168614909
4
22100
279936
170087
319963730
419
33157
-6087189005
-650467935
-173647584
268435456
893871739
-14261
-570706002
87
144
-6829
50.204819
149961
-35127
75110
-34668
65.238095
4
49
-97258
32334
33
16384
91.534091
32768
10
815730721
3200000
2284510536
1073741824
51578
6561
13.234694
115.170732
119.208333
148.9
-4372573852
-42137
2401
-49169
3757188276
-3475827483
-108866
38416
-143314
-183784
5
-427893384
3.254902
304.96
161.923077
12
-4415974290
-60947115
100925
878499756
-2159013120
-2135768749
-75401
-102841
77.130435
160.641026
1475789056
-250745460
123.44186
227.4375
90
6
1
4
38606
186514412
-38773
-126576
7089
29800
-22329
12
3
262144
4136368864
-118317
308.777778
125.73913
-156448
8845079445
196005040
-82301
-21576
21774
-657581220
4096
83.188406
43046721
43
-23089
7679026810
19751
59952
106.526316
85.632653
105959
10000000000
65536
-183204
130.714286
-4759072575
16983563041
-24153
65794
133972
6578217321
27
137119
122148
78.871429
-1763043660
-2161215056
32.77381
-64915
65536
71.090909
1
57
383.666667
-25995
-390098120
47041
-10488375
-90522
31
65
39004
2
35.179775
64
66977
-121454
-3387114450
3174300188
1
410338673
25
1132644016
38
170859375
59477
25.78125
-75796
55.824561
42.21978
49.011905
88291
216
266.486486
42451
32
43046721
521.875
128958
1
31
-3196798696
444.941176
0
50.268817
24970
32
19.53125
37675
30510
0
-69249
2
37386
-142532
-7478341360
-54391
-96005646
5583387775
1484727594
268435456
-65927
-13338
810613384
38
-105438
0
238.25
182.88
-22932
64
4767
-35283
-138993
81404
152643
125415
54530
2744
152.166667
-2621807505
41.461538
-938403448
20
-78096
54833
78.638298
74704
144
88952
6561
11
129252
5
99100
170859375
30840
71129
-34107
35831808
-637166088
185.8
-127733
-4016
1333565796
37896
16337
52.568627
24137569
5653
61917364224
-79914
309
18
152619
139.25
300.066667
87176
8406
262144
1331
170.125
4
32768
47846
49
-172796
5227661520
5
3073288512
3
26262
50571
143.859649
53.325843
67
2985984
64
28062
339.954545
13821
-91197
40
82404
129079
3
5722581833
64.957746
1605102114
19
52301
15
-90083
18611
85358
-102924
-1087603681
8
350.363636
25
322687697779
-10620
799213160
3823685420
-3950769855
10604499373
62019
-27812
161051
-93734
-344698000
-7989591864
1949160528
37
343
83249
52186
7
-93609
161.627451
65070
-3070363876
-9100087678
279936
-29415
-40525
198359290368
32
-70335
-56889
44
-37226
-185936951
58329
-40940
-174534
67
11
-3060842576
87165
127.093023
65536
38250
4
1048576
20661046784
1167023424
12606
-115152
-43178
235846658
-70585
29
512000000000
1296
-82579
20944
155238
2
45.545455
39493870
50554
1067859390
-86508
85105
-1404170636
95.314286
413235488
-78036
19137
-159340
-2636883396
83521
113.4
10000000
-82632
317693948
-2139133645
58
-21423
178.125
66710
-20431
57
5
217.722222
6
