-61943
102891
-73175
-115976
176.054545
0
20.2
3697514440
-1441416830
357.466667
2985984
90.065217
145981
5
33
-422707260
64000000
-117161
16
141342
38.230769
48
4
62748517
122.275
62748517
1048576
-157502
76.448718
1048576
531441
100000
3604486821
201.545455
-459063060
-8657
2401
57198
87315
65536
7262
-1953
31
42
92.987342
84390
14
3.701299
110.897727
492.894737
5572888837
48210
-73229
75
20.170732
34.818182
16
2109.25
22
11
-111249
2
-1894293270
19522
17977
-48389
136.764706
28.594203
0
180206
3301191936
4.521739
4294967296
118.109375
1307978448
2.346154
-10694
66846
83
26918
-3065057202
28.703704
-7713
-2506317264
2
49
99127
9853
136.72
8638
3
-355001895
2920012416
-81936
371293
1
537824
64000000
1024
115.426667
-171124
47
-5269912271
14
16
-1305751440
-83056
1617.333333
-142441
59049
5757198445
3
1000000000
47.541667
119.190476
14
2835150360
-27668
14
-7963
39108
27
111.1
7529536
46656
-312510770
6
130053
44391
512
4211
164.65625
204.157895
25.459184
-50661
2133188152
361835797
-466989600
427352886
1011816840
122742
26
59.83
25
0
216
4913
72776
126555
-121053
-22718
14
35831808
62
1479731572
91329
9765625
512
-110947
-3160159059
89.75
1759577572
48
20459040
46210
-53707
5370757878
41377
243
612220032
1331
4563111625
65536
57872
10000
16384
76684
1
1932.5
205.605263
725475800
-6822341214
2097152
6
-9313
66
4782969
-102142
8
47045881
6
32438
2197
37
169.139535
38443359375
-2103057486
-17401
19683
126.827586
115.472222
74983
-27085
333.344828
92191
-55157
12682
-17125
373390689
51873
54963
50.954545
-220759383
123201
64
-58557
-46232
52
256
84.552632
43046721
-4372811625
4294967296
3135502732
-3929032638
234.518519
13785
-3981234114
-107699
20.941176
46.55914
-92685
132945
-14640
4026891246
7529536
165.315789
-81213
-1790594817
70644
0
71360
97992
815730721
53916
-120575
-3626804168
4811954600
79.901235
177.52
81
-32188
815730721
512
625
138789
-1082721306
-18856
140.117647
-168401
1039857480
58
-53933
1529506864
82.595506
40.078652
-47923
75.915254
-82838
-132670
4826809
196
58202
116.513514
3125
793.545455
61917364224
95778
65.762887
4728
48181
14869
314.916667
-423920636
4.961039
2
-8550189000
130287976
39.6875
79205
74230
45765
1873272000
37
7679367408
-16495
427.95
52.583333
23
-47451
159.526316
-1291026104
28.151515
-34298
-113823
1312
20091
-1495375782
1.5
-424755562
-173736830
16
3
40065
5539254053
1
40353607
3
42087
32.6875
1209351753
20170
1073741824
61578
247.307692
22976
11390625
22312
85.875
-62971
62748517
91.617647
-4057214280
64140
-15199
2744
43046721
6
11
64
39120
-4249
100000000
2
7922310508
-43755
44
1889568
38355
981.833333
1
24
31971
144445
47
137.019608
33293
142.35
123.794521
72.612903
60.488636
5572124111
-126822
-736371702
-47932255
43656
31
-1007214273
-66931
36240
71966
214358881
23
74588
2535091914
32420
20523
34618
612220032
111.679012
42
-7744513951
8
-79722
-10967
8130775640
-155222
956593190
3375
34
4
1296
1
19683
154.535714
2401
-163870
-5182408047
479454945
43.711111
-122761
13095
849.714286
186137
-1869866208
146.545455
8000
-54748
14.441176
-2226648765
28.944444
2122.666667
25
20277
-79011
-48104
1306599780
10
87
-203404019
-2515971183
-32975
149751
45.125
123.7875
77.734375
111.636364
14
-63486
-123004800
-362396550
45453
55
43
322687697779
400
289
28
-48946
35831808
1000000000
-828579024
41158
-2359877424
42.705128
70683
152.444444
0
-258482800
-38432
8
5
113.82
248832
-28833
3445765085
-14237
54
5.589474
122104
-2181487300
48
125
137858491849
59049
1857286764
-812454730
10.907407
729
-1243569306
26
16
6079007381
3594388527
-72036
64.5
28568
-87049
-9190
19487171
46656
-424985600
2
9333
107.6
16310
61917364224
4826809
1771561
13
1728
100000000
161051
26
66
163417
44328
4913
24137569
42
51305
-54450
14
11.149254
-84983074
-1165591201
125
47
171.244444
-67064
3718209150
44963
17
198359290368
-155173
115.589744
840.375
625
42
219.428571
30195
38
54264
1172087910
64
38248
29
314.291667
9868
102.486486
-74359
38
10604499373
165.652174
1000000000
4340
73.925926
-12536
36
-45399
35
89
-5586
0
-176722
570.571429
32
2
134501
31
38416
3
-2098960970
59053
18188
120724
127.470588
153.409091
-112490
20
13029
30.16129
-1742660370
4096
39.235294
7529536
167994
59049
94063
2
-47466
391600440
35
69
166.540541
45445
-53815
14.11828
-5024
361
70.447917
12
14
-3708597168
-102668
-7179994962
7
115287
5.465116
1
49.02439
-23260976
21340
17
2985984
71
-78414
66324
-167939
40316
27
102.583333
-104963
-1774741250
3050345617
-42790
-141826
-36188
-177492
-762657130
-108675
-20994
612220032
111200
76042
43.581818
33.702128
-22489
55
-5743
121.666667
44
1258495992
-41244
9
208.222222
-3279602959
-583340244
8
1
42.223529
-6715981918
-38332
3281955996
60092505
1415078958
759375
-170837
-15204
56
-751
-52424
3007790152
23
75006414
100693
0
-133954
-19447
40353607
-544112310
49432
-50065
0
1828724766
1714389300
4409252694
-2915287752
-3932
3241439518
1889568
7193
56412
30
59145
256
4513927464
-1427516334
183906
25
219.589744
38.333333
-2744178254
-71652
-4292
40318
59049
216552328
7332358920
48.525253
1024
-105085
