5.761905
7101139878
-5827613624
173958
279936
68
37
-654880736
58811
52252
884.8
390625
-55749
-74213
19.74359
-183678
-6289
184.972973
-5380977156
198359290368
-1281027690
15625
-98172
40
729
-26227
13133
1889568
676.214286
-61662
2
243
172.568627
4
67742
-2359476289
-2185124526
-537081732
89379
-3703110106
-3399943696
85.275862
512
-130449
-139553
105413504
1889568
-114880
16
-481642797
7801
49
-66009
2
428.869565
823543
11
15086
68719476736
40
-99972
15.186813
160234
146.217391
243
6
-1901221125
0
47
5
215.428571
35
7
40132
17
-32171
37
131.088235
58.5125
103563
6859
6
88.662338
-15315
16777216
5428253490
43227
3327159810
42003
28561
1728
2562890625
81.375
24766
129022
282475249
-5545196932
6294
6
38.55102
33679
256
-16584
-96874
1134306464
-42810
10116
402.533333
318.48
76.622951
3
0
-160862
11
10604499373
-47304
16091
548003442
-110652
55914
17628
50330
29.7
72732
73171
6131066257801
48.446154
-43488
-1856699004
38072
41689
-2048404358
407.695652
-2760
-79063
-59485
6561
114038
1128593620
44
-918955648
2927761177
371293
64609
75.897059
-3002496084
-59014
2
-134668
86932
-93135
4343710910
10
5236949975
-117481
4913
262144
-1435893951
112589964
1380129973
410338673
137858491849
823543
4
3
25
252.222222
80532
40353607
-3551092020
286.258065
759375
90.333333
59049
49
145127
265.125
63622
3737
10
2
-941601933
210.543478
138186
13
-6806326067
228.117647
-5917957164
-29250
4
-98299
-216404001
94264
38.705263
8
62259114
157897
-18027
2.412698
24578
-151774
3570467226624
111.926829
149129
-11482
117.344828
-27002
12
-148820
1000000000
1099511627776
-63929
256
214358881
67
83107
495.363636
60.958333
-125432
1539608725
3174207360
109416
4913
0
-5780
59.307692
66247506
400
-89246
65536
3486784401
20736
214358881
371293
-4922411096
38416
-748920128
-98202
431.642857
5
8
-99468495
1048576
-8958
-3290962688
2486
64
690860898
1026
-134604
63
105771
-142634
-131578
86.644737
-22014
-3335568992
24
38151
284.566667
43
1331
920798010
2744
16807
-65366
-778925856
1889568
11019960576
13113
-771673980
-1566927565
584.666667
290.533333
-52672
118.128205
21
40453
216
78.421875
12
555.058824
46
150.243243
6767576118
66559
105338
646.142857
74.549296
0
127319
119.594595
63
43046721
79042
59
5118798744
150.296296
69.333333
2401
-1148912700
70308
19
121
34012224
18.923077
-541300104
174.413043
563088827
-26576
-30213
2661874801
20
9
26857
25937424601
-29104830
-101899
632344271
11390625
36.898734
-2135222658
-1503393072
-50887
268435456
-2301452648
-49008
-7610858400
168116
38
-20017
-46958
128
-8215
969992919
-47311
53.606383
44901
101.523256
1082
71060
91860
-417936288
4208
34
5181
29
18
7481
1
12533
1953125
152802
-120376
-70242
2
65
4096
174554641
30692
147.913043
51026
-27945
88.37931
-107641
31217
121
3570467226624
74107
10604499373
136.785714
-8636
31963
413.05
-7522027062
-57160
47902
28068
3
4826809
61887
122714
-116150
-71207
3929354688
16
41
26
57
6690
14
-2564851744
-293458483
3
30
1919504258
-6869
-30717816
16807
1280000000
58.765306
1
-58469
361
-17749
14
37368
143.212766
32768
15625
2197
15
169
45476
121264
511.368421
-290518056
162.941176
118587876497
22
79
73.333333
-2525582970
371293
-493282200
-1048234250
-28829
135.4
2603
102.408451
2097152
2440882440
9874699
-1744306281
-125407
4
47152
1838388570
1
14
110971
6131066257801
39818
1004394867
122296
6
414182104
51872
1972775057
-111042
282475249
18
1419857
354972736
239.102564
-20335
46
13569
-17876
8361667013
4608462152
-39932
-8102531112
-6220544805
-7116
30923
6584
3586218303
815730721
729
66.064103
-1895
169
2562890625
157.766667
-675523035
282475249
95646
116365
47
-3580408638
128659
20
2985589338
43
65
492.894737
-122064
27.230769
15
-74712
-3188242500
512
83521
27690
-39891
7
6975757441
-46201
71
28
25107
14
18916
11
79988
-3445465284
6
2744
53971
59049
26.753623
57228
86573
109487
-72
15.455556
132.37037
1073741824
137.657143
3570467226624
129.575
-52352
76343
-1300355290
179.525
4
50625
37.176471
512000000000
1193222360
32
129363
-85564
7.753846
71.863636
-93611
42611
40353607
3.868852
62348
4096
16983563041
1459958500
39.2
104.505618
128
20844
17120
891.6
123713
0
-19755
60466176
6131066257801
18919
-18546
38416
91.096386
17690
0
122.413793
16
5792330300
-2328557490
86.321839
59
85974
8
85
-102161
68719476736
87.529412
2097152
27747
69.93617
91807
58595378
169.512821
48100
5857374
8
-6761218440
612220032
42.733333
3
30987
40353607
63662
2562890625
1481355432
7857706040
-1574579718
729
40030
302.875
57
6
82.064516
-53923
121.026316
1771561
12095
-15116
-364600614
28
1099511627776
-116943
-1053492363
3375
-135239
198.46875
120.743243
-91580
-76392
-11679
-70082
125
-7154168748
5
393
-64614
-92324
60466176
-707749224
27
-92869
-65774
110221
-42626
16
-160224
5382548490
3486784401
968430048
256
-3772293616
68.0375
-108968
2261249760
163.225806
4
-339460788
128850
196
7529536
2994
1
29
70577
46656
-148370
438
815730721
-164164
57620
-2354319583
9
27934
2985984
7
6
-617911350
40
289
109383
-7057108800
20
545.533333
25
1008.125
-115342
-91472
118.54902
126.15625
-80503
-3328708000
48.322581
39524
23
-312290748
-88135
7.521739
-1264790378
134217728
158617
-159648
-43342
9765625
65536
16342
68
12
1228628053
2
429981696
84
-106111
-13994
203.863636
3074015208
60423
183052
52
1000000000
-68687
-1007453880
30
168.277778
119.222222
2985984
6749
109.253968
50
-44329
100
81
504.428571
28
-8631666400
178.764706
2
26602
39.304348
23
21602
67.351852
2061
26
-66278
15
3372614245
-99510
82617
51558
98889
166.135135
71.65
6859
-30370
17
105439
37
53
-153155
161051
28322
59
12175
-22920
-251866090
6
-62960
59049
41261
117649
-116732
-47524
5249976270
-59156
47.639535
152.886364
-97009
32
130321
9
240.866667
-4822409240
361
0
-55315
-112175
32
105424
22
169
972.25
-146359
-2334
-178167
62748517
54797389
-3162745760
6964
815730721
34
22
30519
227.730769
28
12
36
-94918
169
32768
-18123
-19750
14641
98757
3
64
41787
19.241379
2097152
5
20.684783
14
45.826923
10240000000000
47
32
104976
153602
1728
-2124154584
87292
19487171
-27846
2.774648
-72138
37
42651
9843
1000
67.037037
-81122
63869
34
-60004
19
3312479115
16155
18014
90.011765
904931456
28561
83521
-59544
20
-115641
104976
1099
494486064
21.117647
-6951730815
35
73993
-88981
714984958
38
1760338752
256
145.136364
64
40353607
168604
21
68989
88.241379
-112904
140791
69
-3210983100
1475789056
3570467226624
36
477339072
131102
-6024648722
43955
22
-42235
-7888
1024
-116412
2173615920
9
43046721
-51390
324
98.305085
287613326
-49973
101.347826
295.366667
3200000
24
-71506
7
8.15625
343
7
36
-185719
-17378
-148010
5551077
4888492728
-368142240
27
46656
160.631579
160.129032
-15513414
-144134
371293
-29734
56
-6736
0
28802
5
-178427
26763
4
387420489
63453
5998
-104447
23701
59.119403
65536
7016
11
-33749
174
170.463415
-591331335
212301888
88.045455
56478
22
484.3125
-56324
82
84822
1175485500
21
202.068966
26033
-92620
53
-60126
38891
128550
47
60466176
125393
17518
-9287
-37975
-118686
4098
-267
13147
-78277
12.904762
50896
-4562010040
137858491849
38349
14
158701428
67
-1358070356
79.880952
208.742857
5
20
5832
155023
53262
63
17
12624
170859375
16.970149
-5285756268
-7405692
-41114
13
-79615
51678
