-385060030
60.702381
40353607
-1287
62152
227.695652
123.459016
759375
1048576
81.268657
64
68
-40088
-365004234
103.431579
1686784895
44
505.454545
97411
119.269231
612220032
86.651163
-94719
75.985714
-7040397
38416
6859
100000
4096
6.738095
2230935798
729
160000
296.454545
-2789003217
430.363636
92.078431
896697672
75.551724
3570467226624
40.242424
25
-6155337360
251572986
10231
-39727
46
20
127.1
29142
46
26610
164.47619
323.142857
92.788732
40
23
9
87606
-153117
85.612903
38443359375
-141528
-35014
152.442623
114588
-6479181488
6124
-80423
289254654976
85613
10
-299
87831
81
1007318576
1121087821
200.62963
875.857143
-2293168498
2985984
58
66.4375
2
41563
25
21
224.447368
-66848
56.761905
36370
290.852941
-14409
6560
75.971014
-59827
512000000000
1048576
34724
3886902780
6
37995
13123
105.076923
-106024
-8289920912
10.307692
339175291
91534
-27216
361
-855285768
32888
512
-4090827825
1000000000
60
25755
13
1073741824
57.829268
244.090909
960655488
-92566
29433
-4464868950
11049
-76235
-1946264328
429981696
134217728
362.038462
815730721
7349
6
399
239.75
-28306
24137569
125
48410
64.217391
32
42
44434936
2562890625
83
-12954
58.510204
23997
5704
105413504
31
42
-104217
256
65536
86
-84940
-42633
-12816
36
17077
59049
387420489
55
-1257841116
31
-2917726728
-71350
120984
231.071429
16214
335.142857
17
20
34
117.716216
-9603
3306712377
10
103159
282475249
167.578947
1430593010
-3136730625
40969
28383
-10180
50958
583682850
14716
48065
0
-153199
6.4
478.333333
165631
134325
-39809
84.561404
-6660
11.525
-45352
-26783
282475249
279936
-58404
48
17
50.959596
422876888
-1369682520
9
3650
3519351792
5000518044
1927.8
666770016
-173553
0
-880968888
-725972872
55.648649
5
2401
88651
186163083
43046721
5551
6258
16287
-61954
-165077
9298
60.860465
159571
-3281073422
17899
-66061
49
15
143.689655
1341213510
52782
-143169
470959638
64
-123275
-1374
24137569
34.265306
19
-42860
34183
10
92
5452932529
16777216
71125
-907958286
1553485552
-638442606
-122750
4826809
6567807800
30994332
36
2317.333333
53625
25
-50190
-40928
14138
55007
19747
767409048
26
111304305
11
3486784401
226.863636
29787
167561
48072
43
3445801216
225
4
4049887852
-341290664
48338
114.296296
29.730337
26
48
62
90.806122
449.222222
171.543478
71.882353
731.916667
81
4597
531441
-4667593584
-329678090
531441
77.197917
-29675
3
19
512
6561
-92098
179615
144729
41779
-77474
18
9
46
53
-48145
29668
81790
69
-20411
-2740132824
50.177778
5081392302
-5628431924
4423870430
-107304
-61665
64369
5
-37667
150.12
5609
-12208
2.107527
122944
-48064
10240000000000
15
142218
5
-45237
186410
-157651
47566
26611
-31747
28
3125
127.181818
16
149.235294
21.935484
-326222640
59
101566
24137569
4554.5
1191
9478
32768
62
-479946621
170986
-53662
24438
169
27
-92144
-23270
-76257
23905
-110767
-39287
8
-484850124
7
0
887.857143
-8721875653
104976
1849
-73827
64381
5852833378
216.772727
136817
42
-59153
47349
5664
-4189377712
69024
7
4
21
20736
64.756757
-41959
23141
1436720024
-669253104
164.890909
343
