4241
106371
19
21936
4294967296
387420489
-7897
-917112520
-56063
87
30984
3375
9
64000000
3316060033
5441301552
-348979353
-1515236625
91.586957
98875
659355936
44839
67.776119
186.594595
-1425982433
-115218
-8078036928
1805179320
-49216
146.121212
46
-95610
-50666
-153479
26480
-136134
-17534
91161
69.507246
5159780352
345.4
35872
-160561796
130.933333
22
196.294118
-2782643115
63.405797
3.4
28307
190.882353
6
5105405915
6
255.25
10
-895795615
-69811
256
17
2187
160916
40.493151
50731
12
511097400
10
-506987572
752.142857
57668
46.465116
9
-66840
-51003
50625
-7154102403
66217
40419786
44652
39
49
82971
39
631671978
64.166667
113.666667
1
24123336
410338673
612220032
1419857
-15976
-46781
340.181818
9
62.702128
122.225
289254654976
4569
15728
-94541
35
2
4913
14
729
0
-72357
35
63533373
21530
512
2213680392
-120499
-6043
-29582
144
729
22
511.3125
-12913
39198
90895
512
-1005552296
80402
47045881
-72502
1475789056
2097152
70.608696
6273
12719
-126832
11390625
-15801
1000000
1661.4
-3550472
2196649392
-123272
3237856146
79.438776
53733373
-15802
9
4981747031
16
22567
7242975772
62604
3
1000000000
-94032
17.13253
-2840250112
1
8842
74
-2464
3478586356
20
387420489
23.565657
19
78901
-262221883
400
-326923268
2.795181
2498470
1223
52.217949
53.461538
4
53
-11799
25
10000
-59312
76.80597
10
510.75
130321
371293
46656
30547
19487171
-147644770
390625
-4834605936
10000
-3288
38
2313350208
3
-244780648
2893
5
47.083333
27
36.519231
1000000000
165253
42286
19
115879
8
-78336
54799
16951
-5265760125
1728
2369635065
119694
-65836
101646
-115297
18361
1294.333333
2
5301
17
169
31
38.127907
25600000000
71140
1099511627776
1
64
475.157895
-166052
15
-7148514697
16
-34173
34446
-55531
2035555075
8
-3378865752
35913
256
6467
2437613798
-17991
40
51
76173300
48780
82.888889
7529536
16777216
-73476
36
64
13304
61
-5585933052
60.806452
1903969021
-1240361104
51854
729
-22273
3155154984
-111536
-74335
458.7
24501
-38089
1280000000
68.988095
-161263
32.765957
45
433.26087
5
0
58
-1126986660
59933
438.714286
121.88
125
23
15524
127.142857
87089
103213
1269951804
117649
-1127523393
650954397
461753105
146042
-5431246812
16189
55
121.568627
385.8125
1024
26
54.871795
134217728
-104887
263.538462
2744
5
46
106809
-817203200
-66293
30
-10385
262144
4831233284
10077696
-37040
-1785120225
10000000
-159047490
537824
92.388889
589545936
6975757441
-3034638792
62
6113389875
1048576
-7808
38
0
28
12
16777216
61917364224
6
16
120796
135.080645
113032
7776
4
1
4913
66
2197
2097152
-72183
-52409
39
88857
1928938015
11
110703
4096
431276060
82
-16758
-7030742300
-75760
-141145
12750
324
7
-23097
5832
64088
43046721
52
1771561
-8109
123947
262144
93.47191
3200000
-901113525
2197
-13216
-80165
13702
77457
123.071429
46656
-21799
17
-1232321090
254.846154
-8413
-52622
984509658
10
76.9375
-48375
14641
2
41350
0
586.923077
-770789022
1771561
-17429
30
2015993900449
-149727160
45
-36374
2562890625
3
90780
114.076923
8673628875
1430
101927
-2439671130
52115
1528172360
50625
429981696
3059832006
2372731824
-9242
473.777778
-85730
16777216
-55744
66.878049
11303
823543
-2145664445
8
-30598
167.65
55092
-91120
-6152333940
-1364133988
25600000000
16
20736
32
2357947691
128572
-3323127360
-7881479252
-2323821762
82329
-106013
45
248832
2188292271
28550
17
22
-1807012921
79889
133417
227.560976
-68499
-3106771452
118.705882
-125261
1076346964
-59240
99.040816
177.090909
38
-24549
325.4
-107435
14141
27
44
4
12.342857
179.206897
156311
-21513
815730721
68719476736
91.106061
2744
198.422222
189741328
30254
4
1048576
-875
27
-2284836598
0
-171903
-117317
79.626506
7269
72
-1141081565
57
6
3
238.481481
128483
26.067568
1000000
-1096489986
-41473
33.2
-161560
-65680
-178794
62874
-758022600
-2468106438
196
1419857
128
-31578
72775
18.027778
162106056
257.833333
2
2758052748
155.480769
84848
-16055
1771561
25600000000
153.666667
160000
-75232
588780520
76
186588612
64304
10
-550282590
-137251
173166
-58191
-1898006
-320053710
5288
-54476
92.239437
-8044
49
-26511852
16
-438260769
-3486843773
222.128205
116781
2197
37771
26035
10
167189
59049
732.636364
8376
241.030303
4096
29191
24217
137607
-3006
50
-712829391
893871739
11390625
140022
2985984
15890
729
-6150778128
-71907660
10000
-79514
15832
-21857
70891
217.04878
-67278
202.538462
96.419355
-6569640720
-112947
355.681818
-33019
65061
112.111111
61
718.25
566.857143
-160576
824132694
-85709
9765625
134457
399.857143
3325706548
-111717
512
-78108
67.12963
613188895
-5712631232
45.634409
1280000000
2533860846
-4104858845
37
87202
11
7776
11
11
-807413640
26.55814
10000000
-1393273200
858
-13239
83521
47590
354.230769
8942
41.858824
-29033
3553217550
43
122608
-50433
50625
31729
172.183673
1617
2097152
22
175521
32
4.793103
9
57.195402
-106566
-12801
-52341
729
96
179.7
57
60
120518
27.020619
2845738155
14
-15351
-627765624
36935
33
86167
-846026797
107771
65.012987
6156094329
23
423.55
70065
69.923077
38443359375
-50834
6
248832
4096
-416642122
26.58
0
134217728
-750379260
1501772304
-112872
112483
144974
9328
18
-141192
70
-31841
-105488
113.114286
252.5
36
-2534808676
35845
131477
9481
124461
-56187
46922
-3399873750
73759
65
-41367
57
99691
1549658682
2
729
7003604311
771215224
-100991
-67366
81.107143
-642993816
20573
25
2097152
-5919078710
96853
5050
-14018
63.556962
-58499
42
28.957447
131.952381
123468
-6780
-5189
13594
3486784401
114299
322687697779
663.857143
321.421053
311.411765
11
-54166
6
103.4
28
99643
164.0625
51
-12858
82129
-27366
100.627451
4486944416
17330
84502
-140697
60466176
11
-14178
14
54.185567
3700257653
109209
-38808
27
159.883333
576650390625
23.180556
-39421
4854204550
-718777501
-147929
69
916715520
512000000000
-2620360512
-660693215
57112
158.941176
34.116279
-61464
-2362028880
108155
366471220
18
12946
-24313
1024
8000
24
79007
35
2473686419
-96020
75642
59049
39
163.457143
-77021
1491563102
224262324
729
35227
35
9
532.714286
1146025617
-124264
-165545
7543398665
-2042331900
107.522222
21.141176
2480476888
23
37414
20661046784
35
2097152
1728
30.710145
18
231799315
976042256
-9931
-3411
61766
3
2483254593
11
4913
-99924
32013
512
-64194
0
-3459640118
47
-2928470446
183.32
74295
-86163
-133743
48
321.304348
10
19
4096
70.142857
64
-697711590
-17253
43.765957
-52442
-66750
9201734640
-12586
243
-15163
73.103448
21
216
8
107.333333
6297995958
17588
21046
99203
2734790240
-67672
76669
-2639474880
-4118454140
125
4826809
-62030
42.425287
32
45676
103.688525
239.578947
893871739
732277026
14
136029
-73733
-6906
2015993900449
-2189576432
-5746
4.843373
920793100
-33413
47
10
10240000000000
5954668114
24132
150350
262144
4913
-9145677697
-68348
4782969
-13706
78909
4741064604
244449276
576650390625
-7080233600
-154470
-38853
121233
-34435
4856804186
3745628810
16
38622
34012224
-19274
-1005410880
-45193
268435456
579973200
20.042553
