6205
-146363
-88473
100
730291688
26
3
1
-69204
131318
2341467888
2.272727
38443359375
-4302310245
24137569
-4579
82257
23
28561
-43905
64.027397
0
46
-1100082690
-11371
-80716
3
-75286
4780141320
174.921569
8000
-4360910569
43.898876
9953
77.32
-69347
538
-58236
-117972
-4272
40
6305466087
110.8
16777216
2
85.542857
96.302632
-5482
1105480125
161129
68719476736
-279790246
-5245
10.217391
11
-1980417704
14
-61129
-15993
1344.25
13869
31.740741
-139566
-98483
26815
11850
3
4286081052
-5022034491
4826809
105020
4187217804
-188461728
3
148.052632
-2839875111
-18249996
-3502941714
49
44702
1
81
-81548
1280000000
-175054
-655281150
2562890625
304.34375
18.362319
-67753
0
91.1
227.7
35
12
147.771429
-801399924
-8978
662335014
-1899935280
28561
27673
-1132252539
37.117021
122337576
6263863520
48
-4226292231
0
1771561
90781
50.266667
-6867466916
2097152
140436
-5740
150.609756
2424762712
-4538682895
-99154
-51290
12833
-84681
7
4
-176291
143.055556
37
-84427
64
-117806
4
-642008688
2382
-64468
4
25
1953125
-2359742664
8
531441
177452
6
-5349280640
75.953125
64400
-31458
83.714286
-46333
174699
1
87
7.75
-12457
59.666667
169
-38668
-122992
-19153
33.211765
31
35
-5968489212
167302
58223
154.820513
-38083
3
44158
29
-34238
-138879
1024
16.5
123975
343
-58901
132.862069
78848
-1523351913
20
18565
17
17
1048576
-123085
17
-3695
330.481481
122.3
-6018907796
777.222222
3
94.986667
0
30946
24
104976
65.228571
62.690722
10000000000
27
-2065959728
67
799003975
355.153846
-7242
38581
64000000
4096
142.102941
279936
-2195381148
-5128944408
-93330
0
-458670050
103524
-133178
-2814695840
-162971
3375
4096
854544160
16983563041
8
361
5
55154
38
1024
-58645
145130
-20695
478.210526
28.979592
125571
429981696
8517
61
-50078
-443873992
2097152
101657
38443359375
8441
579011554
4
65536
-7885
79
3868950807
101.744186
-119810
148.106061
86606
-30434
-71154
289254654976
4660592313
2357947691
22
-99882
8
-15343
108910
4.424242
49
19
74.159091
-180778
150.6
8
0
1184.4
-57411
641022404
392.133333
512
5223464505
-73695
512
-38893
9.33
105413504
160000
32
104976
14
1055802951
200.6875
40
7
35604
147.483871
-146991778
6710082560
15
141.982143
4826809
102704103
79717
113408
281
97
-104688
15
-9616
-27146
660406500
-50185
40
37
49
-17921
-5105937243
-5036
-42443
823543
773799104
43300096
2884625744
-45191
8
2743
388.470588
-16033
-1811437920
97200
815730721
2
-637177539
-126916
387845228
1
19.208333
-83976
12881
24
2087284615
-177962720
97.851852
2786.5
64.774194
-108852
-20055
35168
73524
-2403217683
2
10000000
288674766
58942
81.894118
68.288889
70533
56
495.6875
-13663
69152
80357
48
11390625
118.878788
624183858
-25170
60428
27
-91517
269868676
39
235078200
14641
57185084
14641
125
-88384
34121
-802788280
162.051724
512000000000
-4711325080
-1973062659
28
68
10.322581
43046721
-149953
29136
1
850308615
-118839
4
270.2
-34707
40265
-16675
72.797753
66219
4
66452
44.708333
-1451216328
506.263158
7378715306
214358881
27100
-2887
20236
20.529412
29
1000
41018
893871739
72810
32768
-2263417640
5764801
13
104.082192
1024
-50527
268435456
-92410
-8972
24137569
94.431034
94639
25
-2712920294
26.896552
14
107630
-2818175374
62764
287.703704
28.063291
31.830189
1679616
796.625
117649
73315
4096
113993
17
6
-29958
248832
10745
27
17545
21.94186
105800
11019960576
-159427
-158192
-257188036
-144146955
64452
26
-3163385056
62
3635422665
-500124800
6890778840
20
-144757
46.227273
84293
-73228
16
279716880
939.5
43
48727
30437
16
8766
4677
76136
131.285714
34.072165
-122429
-98213
134.853659
2097152
38
-17273
70
-16065
133616872
125216
2
625
-17296
31
-355159951
17
64485
7464
137807
126075
1000000
-126058
78967
-2351518380
9
32
11
-3526175629
17
11
-38078
16.421053
36100
-94633
40.914286
-61743556
3
23.097561
2744
-39123
135.875
13
358937376
41042
24
-19789
-70228
175.27027
38.419753
-14842
26.487179
2
512000000000
4
153852
21.490196
33
5832
38
189629
32
90.761905
-130432
43
256
-85535
16807
262144
-10664
6980
-478094400
30
-16756
-2858674240
8000
9765625
153102
1000000000
262144
-141213
-150591
37.066667
99.909091
-40971
-161716
3
57402
256
20
20
-12286
-86380
-1683532146
-22067
-105543
-2600300685
10
-68918
19
77.396825
262144
84703968
8
729
56407
2099517772
75263
6011495960
-630
2401
-50178
3
59049
100961
43720
91298
41487
-709915878
98995
-1547647959
-54421
9
1000000000
11.585106
522531617
549.666667
1000000
100.3
112.068493
-339
4
2456.75
759375
-134044
176.857143
-40829
-140597
15
-104306368
1331
4488279537
-718830720
-87897
49346
4096
105023773
87717
32466
-83109
-35719
2097152
11801
82
216
17
34
114.37037
11.5
2187
147593556
77154
387420489
269.136364
-7110753416
45332
65
137810
18173
30
48.068182
552321504
268435456
0
4885828134
-2902582584
8840
16
42491
48
77
1330722180
14
86306
15
162.052632
1109496843
-61056
225
812.333333
27
8
16
-121324
2097152
-530393104
5764801
118.866667
5
73
-120616
7
-80899
226.692308
302.772727
-28542
703622900
65816
-902959236
25.490196
343
-45801
1156260462
154052
43
77478
103.476744
20736
11
22
121065
36
22
49
32474
4069671522
11
87385
-22211
-49240
-39497
87.52
37.426667
30938775
76.409091
-77641
4126791872
3641876800
230.473684
19
8
-94074
51166
7776
77.89899
6329010605
-73489
118241
64000000
5720982498
-182238650
14
-121043
3375
71
-63475
-527545224
123.16129
3818027862
20
60707
5
4096
-41948
80324
36
57
-10321
-12345725
-174169
13
-163575
2
-102284
-33156
50625
2
-10778
13
-1978672630
36235
-6461291265
-162276
343
31.915789
128
15971
-166370756
0
221.772727
14527
-33671
-30406
138082
-250963390
-82597
-150517
40707
36002
2197
1.875
-104080
752
3
3707
-42853
3200000
-73799
157.608696
-4277731260
1679616
-5090662554
165294
9
13
52277
24137569
-6314379500
62
-163265
19
74.344086
-439791792
14.179487
7
30
38
-94947
61774
-132832
6561
4913
191.375
823.9
-451173437
-38710
6561
63
3
12
-43284
2.78125
56
15
-87693
51703
22
-89689
400
2120988581
114136
1119.25
-614121196
361
39
-46494
4
-4556906142
6561
82.566667
-31618
1460810272
12
10604499373
74751
5140452819
-168164
-1812744991
0
-89265
3122381409
777419676
64
41
81
-64911
36.506173
134.75
43.294737
18625
-67902
-6486969443
7922932074
226.2
-6732530330
2
-3251195540
1422022929
-123406
134217728
24253
27990
20
33
36
16384
-119677
25
62481
72.066667
-70086
-17049
-111361
58
-4695
-135114
14
28
967406244
1005
70.459184
562011868
66.4
26
-42024
20661046784
23
3200000
-103818
158.821429
1256.166667
11
4647662220
-45816
80.117647
134.2
-4458413568
-47277
-62481
196
-10527
-7519024395
121
72178
302.782609
29162
53.793103
2985984
-173498
223.058824
-125741
-133941
46825
-124719
-53311
49515
-2263854330
-121916232
4175529381
-26519
66819
170133
-38063
14649
2901
33
84.535714
1097
59049
20661046784
27
3
-42324
-50468
63612
6.168831
-1240741170
16
100000
268435456
169.470588
612220032
100000000
3186960000
-78264
