34
152.745763
87
-69225
-55913
-105649
24137569
5
-115526
1453677616
1331
106477
16983563041
104984
-79564
-153736
55
3474
7776
1251929855
107.957143
815730721
98.333333
-2136447800
162.129032
-1281441436
236.292683
67.21875
60466176
-70762
88.347826
2950
61
20
0
155.931034
186.403846
2035
34884
7
21
36009
81
1535.5
-1088924538
60767
-72995
-3523752720
-122347
-7775
69914
1049812100
49784
2318873776
-12962
-43477
65
-76087
2744
-1523
27
-1450766520
41.216216
4630350624
103732
2280973625
-6136665992
343
-97186
90941
136.022222
706781341
37681
-106230
-893254825
-127672
-107560
61
9.87234
4127504700
33509
-3800340180
15
7
-2957267247
-34858
72
3163
126423
-1918
74560
4782969
3
100.414634
-69565
12510
20.828947
17
11
7305285735
2401
51596
27.8125
24
29316
1874518401
22759
-346552388
148582
35
22193
-786410721
-58866
1728
49511
-67415
197.027027
50.236842
16
-1829174130
40502
258807669
-33241
6
-1328053440
625
99.63
123.289474
706308725
12964
-22751
220.782609
-101437
23
168.689655
33
2
94.552632
-3675131020
289
512
43576
-2410075325
23115
8239
112.926471
4816
52
-6308716792
40041
-2126709000
-29072
2476099
1119840750
-107912
100000000
56.954545
53721
-175979
0
-8904853788
-109185856
1
-141298
0
10000000000
2937934881
-7385952
1024
-8346
23.5
-477334079
19487171
-1410403267
2443539100
0
-6631
5159780352
124768
29452
70
35
43.46
4913
893871739
90.767442
10
153202
13.888889
-190265
-42620
-165491
101259
52.84375
5255056100
6538
310.083333
115.906977
169657
27821
90.951807
33
5
1771561
729
225
537824
-18037
122.4375
24
57917
1728
1
262144
162.732143
37
74.066667
815730721
39888
34
264.405405
-152546
64
134.070175
-19317
156373467
4096
512
6
-326608141
104760
2782448763
77591
-1806125608
1905
10000000
2387380128
400
1024
-6800
-260766402
-350187849
16777216
6731
88.725806
19683
-85065585
11390625
-23091
16384
16807
-103042032
-371682680
158.914894
0
-12277
58909
-6171510608
390625
2
3486784401
0
46
12.258065
162776
46926
38582
144930
396.833333
-95382
43
200.367347
-3007668532
139.859649
410338673
58.055556
20
99.03125
3400
134217728
4189.5
4
5981371229
-2375022734
6
-50215
37
-25650
36
-93595
-2858
1296
361
21
7198
47491
-67104
-7853699372
-953802477
-36018
84.523256
50420
3
741
371293
61937
-161198
40.404762
-37915
1600956310
-169021
-132779
20
38416
30
-61633
-839667566
3082677353
256
1475789056
49218
27
374.32
-101288
140538
-27973
14
729
2907441558
4
8
139761
1080
99808
6
22
-54348
24137569
-674507286
33
6
-74363
59049
-2142057592
43.576087
52
31
-311960781
6659269030
-12448
19487171
47
40.71
28561
6686
189.358974
-3362394546
-191538750
10604
4316
-2680984125
47766
179.8
43046721
40276
-4017486886
-6492585572
325
22.315068
5739152196
18
-22100
-170156
35.6125
125.519481
1267.2
-929696880
30
117.723404
38
4913
114.857143
87878316
322687697779
-86461
-965846867
-57435
1134756506
1488254817
66
324
9
7790675952
-3645554550
112757
-2963913518
4
109.315789
-40489
19765
7
-387162875
124.310345
38.720588
220.742857
12
42
-42522
-47840
457.666667
10000000000
-3781
36
216
430374208
36541
120273
72.444444
-48216
21.8
12
0
100.38806
-3604424426
12
487000536
94500
2744
313.846154
3
80
0
-3280552906
213589290
131.0625
91099
-140582
2297
28
282.928571
3661953911
9
-124006
50.897436
-88951
256
-1768974764
3273385962
4120941258
-4894169642
-47979
35536
10000000000
-7574886263
64000000
6185836475
32654
15
1431.833333
-5463
-98003
2357947691
-16214
-1945028720
387420489
-72969
-1130319949
-15535
104976
17
-178876034
12
-41966
-2355942960
67
68
-58547
865
-12299
25600000000
89807
66
46078
16
-19634
101952
-160997
26300
163844835
25817
22.58427
86227
-1083400009
17075
81739
-94876
133.666667
6157063720
7063855488
42522
71.2
32
-149292
-16897
-125292
52.41
5
327.966667
-42312
945894351
80014
-234027520
188614
38.597826
122.096774
65486
47
62
37992
-114007
1419857
21
-24478
-16452
2
-1534992432
60.321429
96818
2033167305
7
39118
-866465076
30312
430.666667
-127754
241.307692
54678
-51359
-34746
5159780352
35.916667
18.439394
16
6859
16384
52.180328
529.75
-9771
96.078947
19683
18
-538
-6414303480
-113167
6
17200
34.777778
448.380952
1771561
-2349127376
17981
22
-127118
22
126.192308
170.521739
65536
151292
-103789
19
5071864315
-6310734228
-80908
31534
169
-748656420
48215
59.285714
4826809
49130
-916154958
0
12
-1277139520
-1721226484
256
52.44
-113652
83376
30.758621
-74826
78198
157.488889
512000000000
104.058824
14
43.371795
2.439024
1280000000
-999744928
103003
12820
10546
14528
-3491014730
69
342.388889
364743544
-49532
15
2
224563676
0
-17140
371293
-7534373535
15
3.7
165.847458
-111640
123639
34
5
34
43364
2401
-29931
371293
89176
2097152
35831808
130321
60
28318
141.365079
9765625
-2257403241
-6466022430
-115286
-100619
19
116.065217
31.753425
-116085
-12587
-26142
1198309602
6485917536
387420489
35
3570467226624
512000000000
109.772727
76
527513112
-95201
24319
7529536
58.225806
729
4
105.220339
8.73494
1700646540
14641
-816693120
-54106
-62066
76984
-80800
45
-101851
20.480769
23
80.909091
3433965983
-95488
3513455916
1475789056
105.712329
48.919355
6098
79.862069
-624744420
196.957447
84869
-73698456
49
103960
124.278689
