1193
137858491849
16807
172105
59732
88.461538
45331
256
72836
226
97.80597
125293
19.096774
92619
122389
40575
94743
46656
736991892
337.642857
18
-2420805200
26.642857
262.351351
153777675
22581
4
16777216
102.807229
9243
-131932220
823543
-3267334805
130321
42.926471
24
-121138
617.75
0
7529536
-166704
33.649123
67677
2433875136
302.733333
145.170732
65.16
-3734180259
1
-29820
130321
1024
15
117695
24.92
47
28561
2
114460
148
69
9060
7
42.753623
36
-34672
32
10332
-36464
-3998533774
2
170859375
59935
7502852544
113.679245
86652
-75968
6094
2
1713
199
11868
-29069
32
-18820
-171646
-18110
16
161976
2
-958153410
118.583333
14641
59
40.275
87.058824
-7658
17956
15.855422
-27431
-42151
106.438202
104801364
26
9765625
1
39
-7822
577.5
289027340
-2780702340
95.97619
-16770
324
59.635294
81
71
5
46
2
46
70594
2
-79245
-166663
21
2357947691
6791379560
-39058
30
-67953132
4824819748
-71102
390625
50
85388
37060
20
-64000
114257
35.770833
40
60734
92
157758
3375
105413504
87.223404
18.793478
10077696
52296
4829369705
-40908
-17446
-96390
854220211
-45868
729
-6827190264
9
14
2192
12
58
429981696
-141073
-52204
1631367276
41
-35300
-2809325319
-50167
-4406832488
-63465
18
-47691
-1318594965
-53369
2794
-41977
39506
79467
-32665
1331
2649.333333
56.016129
15
