77990
10
16777216
-789798372
69.786517
117.898734
24547080
30543
9
61
893871739
-95429593
399.571429
734935545
35717
45.982143
-145312
3
226148890
-129521
-7323158511
-194653
0
87.114754
2288895576
4648376600
81800
-12986
101.743243
35
2898
-20702
42667
11
14384
-74207
66044
-4775276083
-118090
3279383734
6131066257801
22.552632
-156096
-206859577
160000
197.829787
58
-7214
9
-50805
26252
-58578
86814
29.5125
3570467226624
173.25
1
3978630695
11758
23.809524
-143324
1666158010
35018
327533416
96074
-5087407219
109861
1738705920
214358881
109.518072
3566950744
14005
19
-281105148
-30860
3570467226624
512000000000
9
74092
19
33526
2744
-7811048466
52
44
62748517
54
-19895796
1231655750
21
-182986
-85733
25937424601
3884766162
290.909091
-6472
-1120940301
23
145.304348
322687697779
-22720
157715
61
2
-2892644201
247.666667
124976
49
19
1
1721029315
6
725
-38753
593072480
100.857143
-56666
-3416927780
146.230769
25292
12140
14.216667
109423
-22496
27
-63474
1
1779.2
2097152
137858491849
-156127
1048576
59513
19
1465252400
1000
60.311111
893871739
-583842096
71.60241
66
-120455
41246
-16351
38443359375
59.045455
68719476736
167616
-58155
-2653
405.944444
21
1492888590
-3310460736
58735
1254870000
39246924
7636
509.714286
-4653704236
11
144868
-39456
220.318182
66878
1
75454
6
20736
52578
83521
-93439
3168439428
51.369565
20.689189
38539
78125
22
48
-81018
-1098
19
2445
-120407
-16196
67925
4096
350.5
211.75
262144
38
-1859189120
792.363636
128
-40165
-88334
71.561404
45
-87910
121.166667
5764801
-418368378
-2891497472
-142678
16384
2097253540
24297
1019.333333
65536
-47809
63363
57099
22
-84106
81.049383
29
130.890625
54.458333
-414871644
5832
-1921086146
31275
64
66
65336
-151163
27
70509
17194
-5718719760
123914
55
14
155915
3296
-51577
40.571429
-81825
94.710526
140.780488
78125
3
815730721
6
845831124
106211
131.422222
15625
67735
4089875062
29314
-9675926
-19631
123.692308
94.129032
146.244898
2744
770.4
5
-16291800
-51124
-2763
7
-75526
-22496
6131066257801
-46795
-1263508065
332.263158
105.787234
4782969
-7086
151521
20.656716
100000
3
-772829148
140499
780982020
11
-12945
19683
-25328
10373
-48571
111737
1598356218
698502909
16777216
16
51250
1
-908206704
5018495580
64000000
-22759
-15388
2345
-70599
64
1296
1363959466
93.243902
-99742
-81016
279936
1667264032
1771561
53
-136758
28
82878
-96736
1679616
13
311.76
23
-3330243072
10
26781
74
129718
2401
-6313448851
-979959045
134217728
-67369
27
-140501
-34182
-17724
216
6
20661046784
16
62.918367
730063220
16.704225
37935
301748400
99.703297
1419857
130321
70
-6908683131
104.016129
51.633333
463916911
339079959
-89726
68772600
6975757441
-5225840832
23
1889568
7529536
361
-240810500
-877754072
10073
77.565789
2692592253
-1235852873
20202
116304
98.409091
5110224536
1679616
1771561
82640
-69463
24137569
-126999
37.306818
5
90.623656
87
4209101312
57586750
-65794131
-7091422618
-5691375090
-23165
11019960576
9.779661
-69765
-3201661365
289254654976
5247
-157313
-31890
248832
3456818348
-10808
-6416660943
7351
176.478261
9649
10
11
-30153
78125
-6399
576650390625
12
1306.166667
-21115
361
6222390528
155.581818
1191951600
-5866677630
-164096
-87309
-31593
118260
1475789056
36355
10.550725
16983563041
2
122.460526
96.3
-65989
16
-6526680000
-145724
35
79
1317.25
67321
-53956
194.179487
256
-96184
11333
69
-134465
80333
4
937734836
108725
40
2401
20
563.352941
104966
-17381
1297702332
29813
63
5159780352
2597899920
429981696
22
130456
-166107
1280000000
81
12
3198045318
59049
602052066
411.4
109286
44
52.263158
1728
-784200112
97.925
-26521
255.275862
325
160000
168944
-3746415684
8532
12
52867
59049
25.66
85399
470.642857
512
1889568
2746920515
2217333942
4233966347
9543996
72488
20
915878040
3
91199
-41848
107709
609294672
38443359375
53
66668
678358688
896483322
61.607143
512
-128859
936905185
43
76
-333322080
3898838106
864510775
130321
-4817
631105440
64
17
7051
-1287
129.578947
27076
-21916
140906
119361
57.77551
100000000
118825
33
48
2809468968
633
55
77.676471
161051
121
155.403226
-56094
51
38443359375
16916
66.333333
-98430
-69380
67.666667
2
21.597701
17
131442
5159780352
-3037
4
50768
512
65446
2744
-85901
-69356
47184
0
1314.571429
18
117.322581
-12546
80
-7333
58
25022
-41795
6859
102017
54874
20661046784
498390479
176817
390625
46621
3165772608
-3891
121
195.5
3
43046721
-2256162288
97359
-67222
40353607
-51951
36
27
1033491096
-41633
185431
-3598713976
106368
-1569411200
-42085
-4686
890.4
40
-1978987400
166.1
-94355
-16238
122.072727
137.571429
-127526
4826809
4694172000
50.75
21.235294
3375
